82.000 76.000 56.000
9.000 12.000 16.000
10.000 21.000 13.000
6.000 22.000 21.000
11.000 19.000 17.000
13.000 12.000 9.000
14.000 18.000 20.000
12.000 17.000 17.000
13.000 14.000 15.000
23.000 14.000 17.000
16.000 15.000 20.000
10.000 14.000 14.000
21.000 13.000 15.000
7.000 12.000 16.000
10.000 12.000 11.000
9.000 18.000 11.000
15.000 9.000 12.000
14.000 19.000 13.000
7.000 22.000 10.000
14.000 16.000 11.000
11.000 12.000 6.000
8.000 7.000 5.000
12.000 6.000 11.000
10.000 8.000 9.000
9.000 5.000 9.000
9.000 11.000 12.000
19.000 7.000 9.000
11.000 8.000 13.000
11.000 8.000 14.000
10.000 4.000 22.000
9.000 4.000 16.000
12.000 8.000 10.000
8.000 4.000 16.000
14.000 6.000 13.000
15.000 5.000 9.000
19.000 4.000 17.000
10.000 1.000 14.000
13.000 4.000 14.000
13.000 9.000 4.000
22.000 6.000 11.000
16.000 15.000 14.000
7.000 7.000 10.000
13.000 7.000 11.000
13.000 13.000 12.000
12.000 17.000 7.000
14.000 15.000 11.000
11.000 13.000 4.000
19.000 15.000 3.000
21.000 14.000 11.000
11.000 10.000 10.000
15.000 9.000 8.000
14.000 12.000 19.000
15.000 14.000 21.000
10.000 23.000 16.000
18.000 23.000 16.000
21.000 27.000 16.000
22.000 51.000 24.000
18.000 30.000 26.000
