71.000 46.000 67.000
5.000 20.000 13.000
13.000 16.000 8.000
4.000 19.000 7.000
17.000 16.000 12.000
11.000 6.000 6.000
9.000 18.000 11.000
6.000 2.000 9.000
6.000 4.000 12.000
6.000 7.000 3.000
5.000 3.000 6.000
9.000 5.000 8.000
6.000 7.000 4.000
5.000 8.000 7.000
3.000 18.000 8.000
8.000 9.000 5.000
8.000 6.000 6.000
3.000 6.000 5.000
13.000 12.000 8.000
7.000 11.000 8.000
13.000 11.000 3.000
6.000 4.000 7.000
9.000 5.000 5.000
9.000 9.000 6.000
10.000 11.000 9.000
6.000 6.000 15.000
12.000 5.000 12.000
8.000 10.000 7.000
10.000 9.000 12.000
6.000 7.000 9.000
11.000 4.000 10.000
10.000 6.000 17.000
3.000 7.000 10.000
6.000 9.000 20.000
15.000 4.000 18.000
9.000 7.000 8.000
12.000 8.000 11.000
13.000 3.000 21.000
10.000 5.000 6.000
8.000 5.000 9.000
8.000 9.000 13.000
14.000 5.000 16.000
12.000 9.000 15.000
18.000 9.000 7.000
16.000 12.000 8.000
14.000 8.000 10.000
18.000 19.000 15.000
16.000 11.000 11.000
13.000 11.000 9.000
20.000 15.000 8.000
15.000 15.000 15.000
22.000 20.000 13.000
27.000 19.000 27.000
34.000 31.000 27.000
22.000 24.000 31.000
31.000 31.000 29.000
15.000 37.000 35.000
27.000 53.000 34.000
