75.000 81.000 95.000
5.000 18.000 17.000
13.000 24.000 17.000
3.000 26.000 23.000
20.000 30.000 21.000
9.000 21.000 15.000
9.000 27.000 17.000
11.000 12.000 19.000
12.000 20.000 18.000
15.000 16.000 15.000
8.000 16.000 19.000
9.000 15.000 15.000
10.000 12.000 10.000
12.000 10.000 10.000
7.000 20.000 12.000
13.000 12.000 13.000
12.000 18.000 8.000
17.000 16.000 11.000
20.000 16.000 4.000
11.000 9.000 7.000
9.000 12.000 12.000
18.000 16.000 10.000
13.000 14.000 7.000
15.000 6.000 10.000
19.000 9.000 4.000
8.000 11.000 15.000
12.000 11.000 15.000
17.000 7.000 9.000
9.000 11.000 18.000
15.000 9.000 8.000
17.000 7.000 19.000
18.000 4.000 17.000
13.000 5.000 14.000
13.000 4.000 11.000
22.000 3.000 15.000
19.000 5.000 12.000
10.000 8.000 14.000
10.000 8.000 11.000
15.000 5.000 13.000
11.000 13.000 14.000
10.000 4.000 8.000
15.000 6.000 11.000
14.000 11.000 11.000
7.000 12.000 11.000
13.000 12.000 8.000
9.000 10.000 10.000
13.000 6.000 11.000
11.000 12.000 7.000
11.000 9.000 4.000
14.000 11.000 11.000
13.000 14.000 7.000
15.000 19.000 9.000
10.000 18.000 15.000
16.000 21.000 12.000
14.000 22.000 19.000
22.000 17.000 17.000
14.000 29.000 15.000
15.000 32.000 24.000
