89.000 71.000 75.000
7.000 22.000 8.000
20.000 22.000 20.000
15.000 23.000 26.000
18.000 26.000 22.000
14.000 17.000 13.000
12.000 17.000 22.000
26.000 11.000 15.000
7.000 8.000 13.000
13.000 16.000 12.000
14.000 12.000 14.000
18.000 9.000 18.000
6.000 15.000 18.000
22.000 10.000 8.000
17.000 21.000 15.000
15.000 19.000 19.000
11.000 14.000 11.000
13.000 13.000 6.000
9.000 10.000 10.000
13.000 16.000 6.000
7.000 7.000 10.000
8.000 9.000 6.000
12.000 3.000 2.000
11.000 7.000 4.000
10.000 9.000 10.000
12.000 13.000 6.000
11.000 13.000 7.000
12.000 8.000 10.000
9.000 9.000 8.000
6.000 11.000 15.000
8.000 12.000 13.000
8.000 6.000 12.000
4.000 6.000 10.000
9.000 3.000 7.000
6.000 2.000 13.000
12.000 3.000 8.000
10.000 1.000 6.000
3.000 1.000 7.000
8.000 5.000 9.000
10.000 0.000 8.000
6.000 9.000 8.000
5.000 9.000 4.000
8.000 2.000 9.000
12.000 1.000 2.000
10.000 7.000 3.000
7.000 9.000 2.000
11.000 7.000 6.000
10.000 5.000 9.000
10.000 7.000 4.000
12.000 9.000 9.000
11.000 5.000 5.000
15.000 14.000 13.000
14.000 11.000 20.000
17.000 16.000 24.000
25.000 29.000 25.000
27.000 27.000 29.000
22.000 41.000 36.000
28.000 58.000 38.000
