95.000 85.000 83.000
12.000 38.000 48.000
40.000 37.000 25.000
15.000 21.000 22.000
25.000 17.000 26.000
35.000 32.000 20.000
18.000 30.000 23.000
13.000 15.000 19.000
17.000 7.000 8.000
17.000 16.000 8.000
8.000 15.000 16.000
10.000 9.000 20.000
18.000 8.000 11.000
19.000 10.000 11.000
14.000 17.000 11.000
9.000 10.000 11.000
8.000 9.000 12.000
3.000 10.000 9.000
6.000 7.000 8.000
7.000 2.000 6.000
8.000 4.000 3.000
1.000 2.000 2.000
5.000 1.000 5.000
6.000 4.000 3.000
9.000 5.000 4.000
5.000 10.000 5.000
8.000 7.000 9.000
8.000 10.000 8.000
4.000 8.000 9.000
4.000 8.000 7.000
4.000 9.000 6.000
6.000 8.000 5.000
5.000 4.000 4.000
7.000 1.000 7.000
3.000 4.000 5.000
1.000 1.000 3.000
5.000 0.000 3.000
4.000 2.000 4.000
2.000 1.000 6.000
7.000 1.000 0.000
3.000 3.000 2.000
4.000 2.000 4.000
3.000 2.000 5.000
3.000 4.000 5.000
7.000 1.000 2.000
6.000 5.000 1.000
4.000 2.000 0.000
5.000 4.000 1.000
4.000 4.000 1.000
7.000 3.000 1.000
6.000 4.000 8.000
12.000 5.000 7.000
11.000 7.000 11.000
22.000 13.000 15.000
22.000 23.000 22.000
34.000 35.000 30.000
37.000 43.000 46.000
41.000 58.000 69.000
