98.000 65.000 67.000
5.000 26.000 23.000
12.000 29.000 14.000
12.000 16.000 18.000
19.000 24.000 23.000
15.000 20.000 17.000
16.000 18.000 20.000
12.000 7.000 22.000
11.000 11.000 16.000
15.000 14.000 16.000
12.000 11.000 13.000
10.000 14.000 13.000
12.000 13.000 8.000
12.000 9.000 8.000
8.000 14.000 5.000
5.000 18.000 6.000
10.000 9.000 7.000
10.000 11.000 6.000
6.000 11.000 8.000
7.000 13.000 8.000
6.000 8.000 4.000
7.000 5.000 6.000
11.000 7.000 9.000
11.000 7.000 9.000
11.000 8.000 10.000
10.000 7.000 6.000
8.000 9.000 11.000
14.000 12.000 8.000
10.000 7.000 8.000
9.000 7.000 10.000
10.000 3.000 16.000
12.000 5.000 13.000
9.000 3.000 8.000
8.000 7.000 12.000
9.000 2.000 13.000
7.000 2.000 9.000
8.000 8.000 14.000
10.000 2.000 7.000
8.000 4.000 16.000
7.000 4.000 9.000
11.000 2.000 11.000
14.000 5.000 7.000
7.000 4.000 7.000
5.000 7.000 5.000
6.000 6.000 8.000
4.000 14.000 10.000
14.000 7.000 11.000
14.000 9.000 8.000
8.000 17.000 5.000
17.000 13.000 11.000
13.000 15.000 5.000
13.000 11.000 12.000
18.000 13.000 16.000
20.000 24.000 24.000
16.000 33.000 12.000
26.000 32.000 29.000
20.000 43.000 29.000
35.000 49.000 28.000
