92.000 71.000 86.000
15.000 29.000 29.000
16.000 22.000 15.000
17.000 33.000 23.000
21.000 13.000 15.000
20.000 19.000 12.000
10.000 16.000 16.000
14.000 27.000 26.000
9.000 23.000 20.000
15.000 20.000 14.000
13.000 18.000 15.000
15.000 8.000 12.000
19.000 15.000 14.000
8.000 12.000 14.000
8.000 14.000 8.000
15.000 18.000 11.000
10.000 17.000 12.000
7.000 18.000 17.000
13.000 16.000 10.000
12.000 14.000 15.000
7.000 9.000 11.000
9.000 5.000 8.000
6.000 8.000 6.000
15.000 8.000 6.000
11.000 6.000 7.000
13.000 5.000 13.000
11.000 16.000 11.000
12.000 6.000 9.000
12.000 14.000 9.000
8.000 7.000 8.000
12.000 6.000 15.000
17.000 9.000 9.000
10.000 3.000 8.000
6.000 6.000 8.000
14.000 3.000 12.000
12.000 5.000 17.000
6.000 3.000 6.000
10.000 6.000 14.000
13.000 1.000 9.000
14.000 4.000 14.000
9.000 3.000 10.000
8.000 8.000 8.000
9.000 6.000 5.000
6.000 6.000 9.000
11.000 8.000 7.000
11.000 6.000 5.000
10.000 10.000 7.000
15.000 13.000 9.000
11.000 8.000 6.000
11.000 5.000 4.000
10.000 15.000 10.000
13.000 10.000 10.000
17.000 16.000 14.000
15.000 8.000 15.000
13.000 32.000 30.000
21.000 37.000 24.000
15.000 29.000 22.000
22.000 35.000 24.000
