158.000 125.000 111.000
15.000 50.000 63.000
29.000 55.000 28.000
17.000 41.000 34.000
36.000 19.000 28.000
22.000 25.000 26.000
21.000 26.000 19.000
24.000 15.000 25.000
17.000 12.000 16.000
16.000 16.000 14.000
14.000 11.000 17.000
10.000 13.000 14.000
11.000 14.000 15.000
15.000 13.000 13.000
14.000 18.000 13.000
14.000 10.000 8.000
10.000 5.000 12.000
9.000 3.000 11.000
11.000 11.000 4.000
10.000 9.000 3.000
4.000 9.000 5.000
8.000 3.000 3.000
11.000 5.000 4.000
13.000 6.000 3.000
3.000 3.000 3.000
2.000 7.000 2.000
1.000 6.000 7.000
5.000 6.000 8.000
6.000 8.000 7.000
7.000 3.000 6.000
9.000 5.000 3.000
3.000 1.000 8.000
6.000 3.000 18.000
8.000 4.000 5.000
8.000 3.000 5.000
1.000 2.000 4.000
8.000 4.000 5.000
8.000 1.000 2.000
4.000 1.000 10.000
4.000 2.000 5.000
11.000 4.000 3.000
4.000 1.000 2.000
8.000 2.000 3.000
5.000 5.000 0.000
6.000 3.000 1.000
7.000 5.000 2.000
5.000 1.000 1.000
1.000 4.000 0.000
7.000 2.000 6.000
6.000 4.000 5.000
4.000 3.000 7.000
12.000 9.000 7.000
12.000 8.000 11.000
16.000 14.000 13.000
19.000 23.000 21.000
26.000 29.000 24.000
29.000 51.000 30.000
31.000 55.000 29.000
