71.000 47.000 68.000
5.000 22.000 9.000
18.000 20.000 14.000
5.000 16.000 24.000
15.000 26.000 17.000
15.000 10.000 14.000
14.000 14.000 16.000
9.000 7.000 12.000
9.000 11.000 15.000
10.000 11.000 8.000
14.000 10.000 6.000
17.000 11.000 8.000
9.000 16.000 5.000
10.000 10.000 12.000
11.000 14.000 11.000
13.000 17.000 7.000
11.000 7.000 9.000
11.000 18.000 9.000
17.000 8.000 10.000
11.000 7.000 10.000
7.000 10.000 4.000
14.000 10.000 9.000
7.000 9.000 7.000
4.000 6.000 9.000
9.000 15.000 6.000
13.000 8.000 7.000
11.000 5.000 6.000
9.000 8.000 14.000
10.000 9.000 15.000
11.000 8.000 12.000
15.000 13.000 12.000
11.000 8.000 12.000
15.000 8.000 15.000
12.000 8.000 13.000
11.000 8.000 10.000
11.000 4.000 17.000
14.000 4.000 14.000
14.000 5.000 20.000
16.000 5.000 8.000
15.000 7.000 13.000
11.000 7.000 8.000
20.000 14.000 10.000
16.000 7.000 7.000
11.000 11.000 12.000
21.000 11.000 11.000
14.000 11.000 11.000
23.000 15.000 10.000
15.000 13.000 7.000
19.000 11.000 8.000
17.000 12.000 19.000
15.000 15.000 24.000
21.000 19.000 18.000
18.000 18.000 16.000
23.000 29.000 27.000
21.000 22.000 22.000
17.000 37.000 19.000
23.000 39.000 26.000
17.000 33.000 19.000
