85.000 75.000 67.000
7.000 26.000 27.000
19.000 21.000 10.000
11.000 24.000 27.000
16.000 17.000 23.000
17.000 25.000 10.000
10.000 13.000 14.000
9.000 12.000 19.000
7.000 11.000 13.000
18.000 7.000 12.000
12.000 9.000 6.000
7.000 7.000 6.000
13.000 5.000 7.000
4.000 2.000 8.000
5.000 8.000 7.000
4.000 10.000 7.000
5.000 6.000 2.000
9.000 6.000 3.000
3.000 12.000 2.000
7.000 6.000 6.000
5.000 4.000 6.000
11.000 7.000 4.000
7.000 8.000 4.000
12.000 5.000 5.000
17.000 6.000 8.000
4.000 8.000 7.000
3.000 10.000 1.000
9.000 6.000 5.000
13.000 8.000 3.000
7.000 7.000 8.000
5.000 7.000 6.000
10.000 6.000 10.000
11.000 3.000 13.000
6.000 4.000 10.000
8.000 3.000 14.000
6.000 4.000 12.000
10.000 4.000 12.000
12.000 2.000 10.000
14.000 3.000 9.000
16.000 9.000 12.000
10.000 2.000 3.000
8.000 5.000 9.000
9.000 3.000 8.000
13.000 4.000 9.000
11.000 7.000 5.000
11.000 7.000 4.000
11.000 10.000 5.000
16.000 8.000 4.000
13.000 6.000 8.000
24.000 10.000 7.000
17.000 9.000 10.000
16.000 12.000 15.000
18.000 16.000 23.000
25.000 28.000 27.000
22.000 39.000 20.000
31.000 38.000 40.000
19.000 43.000 33.000
27.000 59.000 33.000
