74.000 74.000 74.000
26.000 26.000 26.000
30.000 30.000 30.000
22.000 22.000 22.000
26.000 26.000 26.000
40.000 40.000 40.000
32.000 32.000 32.000
31.000 31.000 31.000
20.000 20.000 20.000
17.000 17.000 17.000
17.000 17.000 17.000
15.000 15.000 15.000
17.000 17.000 17.000
21.000 21.000 21.000
23.000 23.000 23.000
20.000 20.000 20.000
16.000 16.000 16.000
8.000 8.000 8.000
4.000 4.000 4.000
1.000 1.000 1.000
1.000 1.000 1.000
0.000 0.000 0.000
1.000 1.000 1.000
2.000 2.000 2.000
1.000 1.000 1.000
4.000 4.000 4.000
3.000 3.000 3.000
6.000 6.000 6.000
3.000 3.000 3.000
4.000 4.000 4.000
1.000 1.000 1.000
3.000 3.000 3.000
1.000 1.000 1.000
0.000 0.000 0.000
0.000 0.000 0.000
0.000 0.000 0.000
0.000 0.000 0.000
0.000 0.000 0.000
0.000 0.000 0.000
0.000 0.000 0.000
0.000 0.000 0.000
0.000 0.000 0.000
0.000 0.000 0.000
0.000 0.000 0.000
0.000 0.000 0.000
0.000 0.000 0.000
0.000 0.000 0.000
0.000 0.000 0.000
0.000 0.000 0.000
0.000 0.000 0.000
0.000 0.000 0.000
0.000 0.000 0.000
1.000 1.000 1.000
7.000 7.000 7.000
7.000 7.000 7.000
26.000 26.000 26.000
60.000 60.000 60.000
76.000 76.000 76.000
