101.000 64.000 69.000
7.000 22.000 16.000
13.000 23.000 6.000
18.000 21.000 23.000
18.000 10.000 14.000
10.000 14.000 16.000
7.000 11.000 11.000
14.000 13.000 13.000
12.000 5.000 9.000
6.000 7.000 10.000
7.000 10.000 9.000
15.000 12.000 12.000
6.000 10.000 6.000
4.000 12.000 9.000
10.000 7.000 8.000
12.000 8.000 5.000
9.000 10.000 10.000
9.000 4.000 6.000
8.000 4.000 3.000
8.000 11.000 1.000
6.000 6.000 3.000
4.000 4.000 5.000
9.000 7.000 5.000
2.000 6.000 2.000
3.000 6.000 4.000
12.000 4.000 8.000
5.000 10.000 5.000
11.000 4.000 4.000
7.000 6.000 8.000
10.000 3.000 10.000
15.000 9.000 9.000
9.000 6.000 7.000
5.000 1.000 5.000
12.000 2.000 9.000
10.000 3.000 5.000
8.000 1.000 6.000
8.000 1.000 8.000
5.000 2.000 10.000
7.000 0.000 7.000
11.000 3.000 4.000
13.000 2.000 6.000
7.000 5.000 5.000
8.000 2.000 5.000
12.000 4.000 2.000
11.000 7.000 4.000
16.000 7.000 3.000
9.000 12.000 4.000
17.000 4.000 3.000
13.000 6.000 3.000
7.000 9.000 3.000
18.000 12.000 7.000
18.000 14.000 10.000
26.000 17.000 16.000
25.000 22.000 19.000
41.000 41.000 26.000
29.000 38.000 45.000
34.000 66.000 38.000
34.000 73.000 60.000
