80.000 76.000 41.000
14.000 22.000 14.000
15.000 20.000 10.000
18.000 18.000 18.000
12.000 16.000 17.000
14.000 15.000 21.000
16.000 20.000 16.000
16.000 17.000 16.000
10.000 8.000 18.000
10.000 12.000 25.000
14.000 15.000 18.000
15.000 9.000 12.000
13.000 11.000 15.000
8.000 20.000 12.000
7.000 12.000 8.000
13.000 11.000 6.000
15.000 15.000 9.000
20.000 13.000 10.000
12.000 7.000 13.000
12.000 7.000 6.000
9.000 10.000 7.000
14.000 13.000 6.000
8.000 5.000 5.000
6.000 17.000 4.000
14.000 7.000 7.000
13.000 13.000 14.000
15.000 10.000 7.000
13.000 10.000 5.000
6.000 12.000 4.000
10.000 7.000 7.000
10.000 6.000 12.000
8.000 7.000 10.000
9.000 7.000 10.000
7.000 5.000 11.000
12.000 9.000 18.000
6.000 7.000 10.000
11.000 4.000 16.000
12.000 4.000 15.000
12.000 3.000 11.000
5.000 2.000 10.000
7.000 6.000 10.000
4.000 8.000 10.000
14.000 8.000 8.000
9.000 2.000 8.000
10.000 13.000 6.000
19.000 7.000 10.000
12.000 12.000 8.000
15.000 7.000 4.000
12.000 9.000 12.000
13.000 10.000 7.000
13.000 17.000 15.000
10.000 15.000 18.000
15.000 7.000 21.000
19.000 17.000 19.000
28.000 24.000 29.000
23.000 42.000 26.000
16.000 38.000 35.000
27.000 44.000 23.000
