103.000 88.000 60.000
9.000 30.000 18.000
24.000 25.000 17.000
11.000 20.000 26.000
17.000 20.000 24.000
12.000 25.000 14.000
18.000 16.000 14.000
10.000 15.000 28.000
9.000 12.000 18.000
15.000 13.000 11.000
13.000 10.000 17.000
14.000 13.000 10.000
16.000 16.000 10.000
11.000 7.000 13.000
9.000 10.000 9.000
11.000 10.000 13.000
13.000 4.000 8.000
10.000 22.000 4.000
6.000 5.000 2.000
8.000 10.000 6.000
6.000 13.000 3.000
7.000 9.000 7.000
13.000 12.000 7.000
9.000 7.000 8.000
8.000 7.000 9.000
13.000 7.000 7.000
12.000 7.000 14.000
9.000 6.000 5.000
11.000 4.000 6.000
6.000 13.000 8.000
4.000 9.000 13.000
18.000 7.000 12.000
7.000 1.000 10.000
6.000 3.000 12.000
7.000 5.000 12.000
12.000 6.000 7.000
14.000 6.000 10.000
9.000 3.000 13.000
12.000 7.000 11.000
9.000 4.000 7.000
11.000 2.000 9.000
10.000 6.000 5.000
10.000 5.000 5.000
12.000 2.000 8.000
15.000 4.000 5.000
10.000 7.000 9.000
12.000 5.000 2.000
11.000 10.000 8.000
13.000 4.000 9.000
6.000 7.000 6.000
17.000 6.000 10.000
20.000 14.000 9.000
16.000 14.000 11.000
16.000 25.000 22.000
24.000 23.000 18.000
17.000 42.000 30.000
13.000 49.000 20.000
17.000 43.000 47.000
