79.000 63.000 37.000
6.000 14.000 12.000
7.000 15.000 7.000
6.000 8.000 16.000
11.000 13.000 13.000
14.000 15.000 7.000
10.000 11.000 19.000
8.000 5.000 12.000
15.000 7.000 7.000
12.000 11.000 12.000
6.000 10.000 8.000
16.000 15.000 5.000
13.000 10.000 12.000
12.000 10.000 11.000
5.000 15.000 3.000
5.000 9.000 7.000
15.000 12.000 5.000
12.000 14.000 7.000
17.000 13.000 8.000
6.000 16.000 3.000
5.000 10.000 3.000
8.000 4.000 5.000
8.000 4.000 7.000
6.000 15.000 5.000
9.000 9.000 10.000
11.000 2.000 4.000
10.000 9.000 6.000
11.000 14.000 9.000
11.000 7.000 7.000
9.000 2.000 11.000
10.000 4.000 9.000
8.000 4.000 11.000
8.000 6.000 13.000
10.000 3.000 11.000
14.000 1.000 11.000
19.000 1.000 8.000
15.000 1.000 7.000
9.000 3.000 13.000
13.000 4.000 15.000
12.000 3.000 9.000
15.000 3.000 13.000
23.000 11.000 16.000
17.000 9.000 13.000
14.000 15.000 5.000
15.000 6.000 13.000
20.000 13.000 10.000
14.000 13.000 10.000
20.000 14.000 11.000
28.000 8.000 14.000
22.000 12.000 16.000
11.000 13.000 14.000
23.000 24.000 16.000
14.000 17.000 19.000
23.000 31.000 26.000
16.000 22.000 30.000
23.000 35.000 27.000
18.000 34.000 27.000
18.000 49.000 48.000
