105.000 69.000 83.000
20.000 30.000 26.000
25.000 26.000 17.000
17.000 30.000 26.000
19.000 14.000 19.000
11.000 22.000 16.000
10.000 20.000 16.000
10.000 17.000 19.000
8.000 13.000 11.000
7.000 11.000 12.000
9.000 4.000 9.000
3.000 6.000 7.000
7.000 3.000 1.000
8.000 7.000 7.000
6.000 5.000 6.000
8.000 10.000 5.000
8.000 3.000 5.000
4.000 5.000 4.000
7.000 5.000 3.000
2.000 1.000 1.000
5.000 4.000 2.000
4.000 4.000 4.000
6.000 2.000 2.000
4.000 6.000 4.000
5.000 6.000 3.000
5.000 4.000 6.000
7.000 5.000 6.000
9.000 7.000 4.000
4.000 6.000 7.000
8.000 5.000 8.000
4.000 9.000 7.000
6.000 4.000 6.000
10.000 4.000 5.000
5.000 2.000 6.000
4.000 1.000 2.000
5.000 0.000 10.000
7.000 1.000 2.000
8.000 1.000 2.000
10.000 2.000 4.000
9.000 1.000 2.000
6.000 1.000 4.000
10.000 2.000 3.000
9.000 3.000 2.000
10.000 5.000 4.000
8.000 7.000 3.000
7.000 2.000 5.000
11.000 2.000 1.000
12.000 4.000 3.000
7.000 6.000 1.000
13.000 3.000 4.000
15.000 4.000 1.000
17.000 11.000 17.000
15.000 15.000 10.000
28.000 22.000 16.000
21.000 28.000 32.000
36.000 49.000 43.000
32.000 51.000 52.000
41.000 82.000 65.000
