88.000 51.000 86.000
12.000 16.000 14.000
14.000 19.000 10.000
8.000 16.000 8.000
19.000 11.000 17.000
17.000 15.000 8.000
8.000 16.000 11.000
13.000 12.000 12.000
7.000 11.000 9.000
12.000 14.000 5.000
10.000 15.000 4.000
14.000 12.000 12.000
6.000 10.000 8.000
10.000 9.000 10.000
10.000 8.000 7.000
9.000 5.000 4.000
11.000 12.000 8.000
15.000 10.000 7.000
6.000 16.000 3.000
8.000 6.000 13.000
10.000 14.000 7.000
6.000 10.000 5.000
10.000 8.000 9.000
7.000 9.000 5.000
9.000 14.000 10.000
16.000 11.000 8.000
9.000 11.000 10.000
9.000 13.000 10.000
6.000 8.000 12.000
12.000 7.000 13.000
12.000 7.000 12.000
3.000 4.000 11.000
9.000 7.000 9.000
7.000 10.000 17.000
7.000 6.000 14.000
14.000 3.000 19.000
9.000 4.000 13.000
17.000 6.000 14.000
9.000 6.000 10.000
15.000 5.000 11.000
16.000 7.000 9.000
15.000 3.000 11.000
12.000 8.000 13.000
19.000 9.000 13.000
12.000 10.000 8.000
16.000 9.000 10.000
13.000 19.000 8.000
14.000 13.000 11.000
17.000 20.000 14.000
15.000 17.000 12.000
21.000 15.000 15.000
24.000 18.000 16.000
19.000 21.000 16.000
28.000 33.000 21.000
31.000 30.000 21.000
22.000 36.000 15.000
21.000 29.000 21.000
19.000 27.000 33.000
