87.000 50.000 58.000
4.000 18.000 24.000
14.000 28.000 8.000
8.000 16.000 12.000
22.000 9.000 10.000
12.000 11.000 9.000
16.000 19.000 14.000
10.000 10.000 6.000
15.000 11.000 17.000
5.000 11.000 5.000
7.000 13.000 16.000
13.000 4.000 8.000
11.000 10.000 2.000
10.000 6.000 8.000
8.000 6.000 4.000
10.000 7.000 6.000
7.000 9.000 3.000
9.000 8.000 1.000
9.000 9.000 3.000
8.000 7.000 5.000
10.000 12.000 2.000
9.000 7.000 1.000
11.000 2.000 3.000
9.000 7.000 3.000
12.000 8.000 2.000
10.000 7.000 10.000
18.000 6.000 3.000
14.000 4.000 5.000
12.000 5.000 8.000
10.000 4.000 10.000
21.000 5.000 6.000
12.000 5.000 8.000
18.000 3.000 3.000
14.000 0.000 9.000
9.000 0.000 13.000
17.000 1.000 8.000
13.000 4.000 10.000
13.000 1.000 12.000
19.000 3.000 6.000
16.000 3.000 8.000
13.000 6.000 11.000
11.000 2.000 8.000
8.000 5.000 7.000
8.000 6.000 6.000
11.000 2.000 8.000
15.000 7.000 3.000
11.000 10.000 3.000
10.000 10.000 4.000
15.000 9.000 6.000
14.000 7.000 6.000
10.000 17.000 15.000
17.000 23.000 9.000
24.000 23.000 16.000
29.000 39.000 17.000
20.000 39.000 31.000
20.000 45.000 35.000
25.000 50.000 36.000
23.000 49.000 48.000
