100.000 61.000 72.000
12.000 26.000 17.000
16.000 22.000 15.000
9.000 20.000 17.000
14.000 25.000 22.000
15.000 28.000 14.000
15.000 18.000 25.000
13.000 21.000 13.000
10.000 15.000 17.000
19.000 11.000 8.000
11.000 10.000 18.000
11.000 9.000 8.000
10.000 10.000 5.000
12.000 5.000 8.000
11.000 16.000 7.000
5.000 7.000 8.000
4.000 5.000 3.000
5.000 8.000 5.000
4.000 7.000 8.000
8.000 8.000 6.000
4.000 6.000 6.000
10.000 10.000 8.000
9.000 12.000 6.000
17.000 8.000 7.000
15.000 10.000 8.000
10.000 12.000 5.000
9.000 10.000 3.000
12.000 5.000 8.000
9.000 5.000 8.000
6.000 7.000 10.000
6.000 6.000 10.000
5.000 2.000 9.000
12.000 4.000 11.000
4.000 1.000 11.000
9.000 2.000 11.000
5.000 1.000 11.000
10.000 3.000 10.000
9.000 7.000 10.000
5.000 4.000 11.000
8.000 3.000 7.000
5.000 6.000 9.000
9.000 5.000 3.000
5.000 4.000 3.000
13.000 4.000 8.000
10.000 4.000 3.000
6.000 6.000 11.000
8.000 10.000 2.000
6.000 8.000 7.000
16.000 8.000 3.000
17.000 12.000 5.000
18.000 8.000 8.000
18.000 14.000 10.000
33.000 17.000 16.000
33.000 19.000 20.000
32.000 30.000 22.000
19.000 34.000 31.000
23.000 58.000 31.000
27.000 50.000 35.000
