76.000 69.000 81.000
9.000 22.000 20.000
17.000 10.000 8.000
9.000 18.000 18.000
14.000 26.000 14.000
23.000 18.000 15.000
9.000 14.000 25.000
15.000 12.000 13.000
8.000 21.000 17.000
13.000 16.000 11.000
13.000 20.000 10.000
14.000 17.000 13.000
15.000 12.000 10.000
14.000 13.000 11.000
13.000 12.000 6.000
18.000 6.000 13.000
11.000 7.000 6.000
11.000 21.000 9.000
11.000 17.000 11.000
6.000 8.000 4.000
11.000 10.000 7.000
14.000 12.000 3.000
12.000 12.000 6.000
10.000 14.000 10.000
11.000 6.000 12.000
9.000 7.000 10.000
15.000 7.000 11.000
8.000 8.000 13.000
12.000 11.000 15.000
7.000 6.000 14.000
10.000 5.000 13.000
14.000 7.000 14.000
5.000 9.000 10.000
11.000 2.000 18.000
11.000 5.000 15.000
5.000 5.000 14.000
15.000 7.000 18.000
10.000 4.000 22.000
14.000 7.000 11.000
11.000 8.000 12.000
10.000 4.000 13.000
13.000 9.000 11.000
13.000 15.000 11.000
12.000 10.000 11.000
12.000 14.000 13.000
18.000 19.000 14.000
3.000 17.000 11.000
16.000 19.000 7.000
9.000 9.000 16.000
15.000 13.000 5.000
18.000 8.000 13.000
16.000 12.000 15.000
21.000 11.000 16.000
19.000 16.000 17.000
29.000 16.000 19.000
18.000 28.000 18.000
17.000 44.000 15.000
16.000 25.000 21.000
