73.000 68.000 85.000
9.000 27.000 16.000
24.000 21.000 11.000
7.000 12.000 9.000
17.000 22.000 12.000
7.000 13.000 7.000
9.000 20.000 12.000
16.000 19.000 16.000
10.000 15.000 15.000
17.000 10.000 10.000
7.000 10.000 10.000
13.000 13.000 13.000
18.000 16.000 15.000
7.000 10.000 10.000
7.000 13.000 10.000
7.000 12.000 10.000
8.000 15.000 12.000
8.000 14.000 12.000
12.000 8.000 5.000
9.000 16.000 8.000
7.000 7.000 7.000
10.000 5.000 7.000
14.000 6.000 6.000
5.000 4.000 10.000
14.000 8.000 4.000
12.000 8.000 10.000
14.000 8.000 6.000
7.000 9.000 13.000
7.000 9.000 10.000
7.000 7.000 7.000
6.000 5.000 8.000
11.000 5.000 5.000
7.000 5.000 12.000
10.000 3.000 14.000
9.000 4.000 13.000
9.000 2.000 6.000
14.000 1.000 18.000
7.000 3.000 12.000
5.000 2.000 7.000
5.000 8.000 9.000
8.000 12.000 3.000
10.000 9.000 13.000
14.000 2.000 8.000
7.000 5.000 5.000
8.000 9.000 8.000
7.000 10.000 5.000
7.000 7.000 6.000
10.000 9.000 4.000
9.000 10.000 7.000
10.000 9.000 6.000
16.000 8.000 8.000
17.000 7.000 9.000
14.000 13.000 16.000
31.000 14.000 18.000
29.000 21.000 27.000
24.000 30.000 29.000
25.000 45.000 37.000
31.000 57.000 40.000
