158.000 158.000 158.000
59.000 59.000 59.000
33.000 33.000 33.000
33.000 33.000 33.000
24.000 24.000 24.000
21.000 21.000 21.000
18.000 18.000 18.000
16.000 16.000 16.000
26.000 26.000 26.000
6.000 6.000 6.000
9.000 9.000 9.000
9.000 9.000 9.000
22.000 22.000 22.000
28.000 28.000 28.000
27.000 27.000 27.000
20.000 20.000 20.000
25.000 25.000 25.000
13.000 13.000 13.000
6.000 6.000 6.000
2.000 2.000 2.000
1.000 1.000 1.000
1.000 1.000 1.000
0.000 0.000 0.000
2.000 2.000 2.000
7.000 7.000 7.000
5.000 5.000 5.000
5.000 5.000 5.000
8.000 8.000 8.000
3.000 3.000 3.000
3.000 3.000 3.000
1.000 1.000 1.000
2.000 2.000 2.000
1.000 1.000 1.000
0.000 0.000 0.000
0.000 0.000 0.000
0.000 0.000 0.000
0.000 0.000 0.000
0.000 0.000 0.000
0.000 0.000 0.000
0.000 0.000 0.000
0.000 0.000 0.000
0.000 0.000 0.000
0.000 0.000 0.000
0.000 0.000 0.000
0.000 0.000 0.000
0.000 0.000 0.000
0.000 0.000 0.000
0.000 0.000 0.000
0.000 0.000 0.000
0.000 0.000 0.000
0.000 0.000 0.000
0.000 0.000 0.000
1.000 1.000 1.000
3.000 3.000 3.000
9.000 9.000 9.000
16.000 16.000 16.000
36.000 36.000 36.000
73.000 73.000 73.000
