73.000 52.000 57.000
8.000 11.000 7.000
9.000 14.000 5.000
8.000 8.000 20.000
7.000 11.000 11.000
9.000 15.000 7.000
4.000 16.000 7.000
10.000 8.000 9.000
10.000 11.000 12.000
7.000 8.000 8.000
8.000 6.000 9.000
13.000 9.000 11.000
13.000 13.000 10.000
5.000 12.000 8.000
9.000 7.000 4.000
12.000 11.000 6.000
13.000 13.000 9.000
8.000 7.000 7.000
11.000 6.000 3.000
10.000 5.000 4.000
12.000 12.000 3.000
9.000 5.000 7.000
15.000 4.000 12.000
7.000 3.000 6.000
15.000 10.000 6.000
11.000 9.000 10.000
9.000 4.000 10.000
14.000 9.000 9.000
7.000 5.000 9.000
9.000 4.000 11.000
5.000 3.000 5.000
16.000 5.000 5.000
8.000 4.000 14.000
12.000 5.000 6.000
13.000 4.000 7.000
12.000 4.000 8.000
9.000 2.000 12.000
12.000 1.000 9.000
7.000 2.000 5.000
13.000 3.000 7.000
9.000 5.000 10.000
10.000 6.000 6.000
7.000 3.000 10.000
10.000 8.000 12.000
8.000 3.000 8.000
12.000 17.000 9.000
19.000 11.000 10.000
12.000 10.000 5.000
12.000 9.000 8.000
27.000 11.000 6.000
23.000 14.000 16.000
23.000 23.000 13.000
23.000 21.000 19.000
22.000 27.000 27.000
30.000 43.000 33.000
30.000 45.000 19.000
27.000 51.000 45.000
27.000 76.000 47.000
