61.000 65.000 67.000
7.000 16.000 12.000
18.000 20.000 10.000
10.000 16.000 7.000
17.000 22.000 15.000
9.000 17.000 11.000
14.000 22.000 8.000
11.000 22.000 15.000
8.000 21.000 13.000
13.000 17.000 12.000
12.000 15.000 13.000
11.000 18.000 16.000
9.000 15.000 15.000
10.000 19.000 12.000
10.000 9.000 10.000
16.000 24.000 16.000
9.000 17.000 8.000
9.000 17.000 6.000
16.000 8.000 11.000
10.000 12.000 13.000
9.000 8.000 6.000
13.000 6.000 9.000
10.000 15.000 14.000
18.000 14.000 9.000
17.000 11.000 12.000
13.000 5.000 10.000
10.000 14.000 15.000
15.000 8.000 15.000
21.000 10.000 18.000
19.000 11.000 21.000
10.000 3.000 20.000
14.000 6.000 12.000
9.000 5.000 16.000
12.000 4.000 11.000
7.000 13.000 20.000
15.000 8.000 16.000
22.000 3.000 14.000
15.000 7.000 21.000
13.000 11.000 25.000
12.000 12.000 14.000
12.000 12.000 14.000
16.000 11.000 15.000
10.000 14.000 13.000
10.000 14.000 3.000
14.000 9.000 8.000
13.000 11.000 11.000
11.000 12.000 21.000
20.000 12.000 14.000
16.000 26.000 12.000
15.000 18.000 14.000
13.000 13.000 12.000
4.000 16.000 12.000
12.000 18.000 8.000
16.000 14.000 11.000
17.000 30.000 18.000
23.000 11.000 20.000
19.000 23.000 21.000
13.000 21.000 17.000
