90.000 48.000 67.000
5.000 18.000 17.000
13.000 22.000 10.000
7.000 14.000 17.000
11.000 18.000 17.000
8.000 15.000 15.000
10.000 11.000 9.000
17.000 9.000 6.000
11.000 7.000 10.000
6.000 7.000 9.000
9.000 7.000 11.000
7.000 9.000 9.000
14.000 11.000 9.000
9.000 9.000 2.000
8.000 12.000 8.000
9.000 16.000 5.000
7.000 10.000 3.000
6.000 13.000 11.000
11.000 8.000 6.000
4.000 7.000 2.000
10.000 4.000 2.000
13.000 6.000 4.000
6.000 7.000 6.000
8.000 7.000 7.000
7.000 11.000 6.000
12.000 7.000 3.000
7.000 6.000 12.000
6.000 5.000 9.000
9.000 9.000 9.000
10.000 4.000 13.000
11.000 4.000 11.000
12.000 5.000 9.000
7.000 6.000 13.000
7.000 4.000 11.000
15.000 4.000 7.000
7.000 6.000 10.000
8.000 5.000 6.000
5.000 5.000 11.000
7.000 5.000 14.000
12.000 5.000 7.000
12.000 4.000 13.000
17.000 2.000 6.000
13.000 6.000 4.000
17.000 8.000 8.000
21.000 11.000 11.000
18.000 5.000 6.000
15.000 8.000 5.000
13.000 12.000 3.000
21.000 11.000 11.000
15.000 13.000 12.000
21.000 15.000 16.000
29.000 16.000 15.000
23.000 16.000 18.000
25.000 23.000 26.000
27.000 25.000 40.000
24.000 38.000 35.000
28.000 45.000 44.000
21.000 53.000 34.000
