80.000 63.000 70.000
4.000 19.000 13.000
17.000 15.000 14.000
9.000 12.000 11.000
12.000 11.000 14.000
11.000 19.000 11.000
8.000 12.000 10.000
10.000 12.000 11.000
8.000 10.000 9.000
12.000 9.000 9.000
14.000 10.000 7.000
12.000 12.000 11.000
12.000 11.000 7.000
4.000 13.000 11.000
8.000 7.000 2.000
7.000 13.000 8.000
12.000 8.000 6.000
12.000 11.000 5.000
10.000 9.000 5.000
10.000 4.000 13.000
8.000 11.000 8.000
9.000 10.000 7.000
11.000 10.000 8.000
8.000 6.000 11.000
3.000 5.000 8.000
10.000 7.000 8.000
8.000 9.000 9.000
8.000 12.000 9.000
6.000 15.000 16.000
7.000 13.000 13.000
7.000 3.000 17.000
7.000 4.000 20.000
6.000 5.000 15.000
14.000 4.000 10.000
14.000 7.000 17.000
8.000 2.000 17.000
11.000 3.000 11.000
9.000 4.000 8.000
9.000 5.000 15.000
8.000 5.000 14.000
15.000 9.000 14.000
9.000 9.000 10.000
17.000 12.000 11.000
15.000 13.000 15.000
5.000 12.000 5.000
13.000 16.000 12.000
17.000 16.000 11.000
18.000 11.000 15.000
15.000 15.000 8.000
19.000 24.000 17.000
17.000 12.000 15.000
23.000 18.000 25.000
30.000 27.000 16.000
26.000 21.000 12.000
24.000 25.000 25.000
22.000 28.000 24.000
18.000 30.000 29.000
23.000 43.000 32.000
