82.000 82.000 82.000
31.000 31.000 31.000
33.000 33.000 33.000
25.000 25.000 25.000
17.000 17.000 17.000
21.000 21.000 21.000
23.000 23.000 23.000
24.000 24.000 24.000
22.000 22.000 22.000
8.000 8.000 8.000
13.000 13.000 13.000
9.000 9.000 9.000
12.000 12.000 12.000
15.000 15.000 15.000
18.000 18.000 18.000
15.000 15.000 15.000
18.000 18.000 18.000
8.000 8.000 8.000
8.000 8.000 8.000
4.000 4.000 4.000
0.000 0.000 0.000
1.000 1.000 1.000
4.000 4.000 4.000
3.000 3.000 3.000
3.000 3.000 3.000
4.000 4.000 4.000
2.000 2.000 2.000
8.000 8.000 8.000
11.000 11.000 11.000
4.000 4.000 4.000
2.000 2.000 2.000
2.000 2.000 2.000
0.000 0.000 0.000
0.000 0.000 0.000
0.000 0.000 0.000
0.000 0.000 0.000
0.000 0.000 0.000
0.000 0.000 0.000
0.000 0.000 0.000
0.000 0.000 0.000
0.000 0.000 0.000
0.000 0.000 0.000
0.000 0.000 0.000
0.000 0.000 0.000
0.000 0.000 0.000
0.000 0.000 0.000
0.000 0.000 0.000
0.000 0.000 0.000
0.000 0.000 0.000
0.000 0.000 0.000
0.000 0.000 0.000
0.000 0.000 0.000
1.000 1.000 1.000
6.000 6.000 6.000
20.000 20.000 20.000
36.000 36.000 36.000
49.000 49.000 49.000
87.000 87.000 87.000
