144.000 124.000 128.000
15.000 30.000 22.000
14.000 32.000 25.000
15.000 38.000 31.000
18.000 28.000 21.000
29.000 33.000 22.000
21.000 18.000 23.000
29.000 23.000 18.000
16.000 23.000 23.000
16.000 19.000 15.000
12.000 22.000 16.000
14.000 10.000 18.000
16.000 9.000 19.000
10.000 19.000 16.000
11.000 16.000 9.000
13.000 12.000 16.000
15.000 22.000 11.000
7.000 15.000 11.000
9.000 16.000 11.000
9.000 4.000 6.000
10.000 11.000 8.000
15.000 7.000 3.000
17.000 6.000 7.000
17.000 9.000 10.000
16.000 7.000 17.000
9.000 4.000 12.000
12.000 8.000 13.000
18.000 5.000 14.000
13.000 7.000 12.000
16.000 5.000 7.000
14.000 5.000 9.000
8.000 3.000 14.000
11.000 4.000 14.000
11.000 6.000 15.000
9.000 7.000 16.000
14.000 9.000 12.000
10.000 10.000 13.000
9.000 14.000 11.000
14.000 7.000 7.000
7.000 15.000 14.000
14.000 6.000 12.000
6.000 14.000 7.000
10.000 7.000 11.000
13.000 3.000 7.000
9.000 10.000 5.000
13.000 5.000 6.000
12.000 7.000 11.000
10.000 18.000 10.000
12.000 9.000 11.000
10.000 4.000 7.000
11.000 14.000 14.000
12.000 10.000 10.000
14.000 11.000 19.000
10.000 13.000 10.000
12.000 17.000 15.000
13.000 19.000 11.000
6.000 25.000 13.000
5.000 22.000 10.000
