62.000 43.000 63.000
9.000 19.000 23.000
18.000 22.000 7.000
10.000 16.000 11.000
8.000 16.000 13.000
12.000 11.000 8.000
8.000 10.000 7.000
15.000 11.000 13.000
5.000 16.000 17.000
13.000 7.000 9.000
11.000 12.000 5.000
9.000 3.000 13.000
11.000 7.000 8.000
5.000 9.000 3.000
10.000 8.000 9.000
9.000 9.000 5.000
7.000 11.000 8.000
5.000 13.000 7.000
7.000 7.000 12.000
10.000 11.000 2.000
6.000 7.000 8.000
7.000 9.000 8.000
9.000 11.000 1.000
10.000 5.000 5.000
7.000 7.000 8.000
11.000 13.000 7.000
7.000 9.000 7.000
7.000 11.000 16.000
8.000 12.000 6.000
7.000 6.000 15.000
11.000 3.000 10.000
6.000 2.000 4.000
6.000 6.000 7.000
6.000 5.000 13.000
3.000 2.000 16.000
7.000 4.000 11.000
7.000 3.000 8.000
6.000 7.000 15.000
5.000 2.000 13.000
9.000 3.000 14.000
6.000 3.000 8.000
9.000 2.000 7.000
10.000 5.000 7.000
8.000 7.000 10.000
10.000 9.000 3.000
10.000 10.000 11.000
6.000 11.000 6.000
13.000 8.000 11.000
14.000 12.000 9.000
7.000 11.000 12.000
11.000 14.000 20.000
14.000 10.000 11.000
13.000 10.000 22.000
22.000 25.000 14.000
24.000 30.000 39.000
35.000 38.000 35.000
42.000 41.000 31.000
35.000 62.000 55.000
