84.000 70.000 71.000
12.000 34.000 36.000
25.000 23.000 18.000
11.000 21.000 21.000
23.000 31.000 20.000
24.000 21.000 14.000
14.000 24.000 28.000
18.000 13.000 24.000
18.000 12.000 19.000
17.000 15.000 10.000
18.000 18.000 17.000
10.000 10.000 16.000
16.000 9.000 15.000
8.000 20.000 8.000
12.000 10.000 24.000
17.000 13.000 9.000
13.000 9.000 4.000
10.000 10.000 8.000
8.000 2.000 4.000
7.000 13.000 4.000
7.000 1.000 8.000
5.000 4.000 3.000
6.000 6.000 3.000
4.000 5.000 4.000
3.000 3.000 5.000
6.000 9.000 10.000
5.000 8.000 3.000
9.000 5.000 10.000
12.000 7.000 4.000
3.000 6.000 9.000
5.000 2.000 5.000
5.000 9.000 5.000
5.000 4.000 8.000
9.000 0.000 7.000
4.000 5.000 3.000
6.000 0.000 3.000
4.000 3.000 4.000
8.000 1.000 5.000
5.000 2.000 2.000
4.000 1.000 2.000
7.000 0.000 4.000
4.000 4.000 3.000
4.000 5.000 5.000
12.000 5.000 3.000
6.000 5.000 1.000
8.000 2.000 2.000
6.000 4.000 1.000
8.000 3.000 5.000
14.000 1.000 3.000
11.000 2.000 5.000
15.000 9.000 5.000
14.000 7.000 9.000
18.000 15.000 19.000
22.000 9.000 19.000
20.000 25.000 18.000
39.000 33.000 36.000
24.000 50.000 41.000
32.000 64.000 56.000
