68.000 51.000 51.000
5.000 19.000 14.000
16.000 22.000 11.000
5.000 18.000 15.000
22.000 10.000 19.000
13.000 10.000 17.000
10.000 8.000 9.000
11.000 16.000 16.000
8.000 9.000 12.000
5.000 15.000 4.000
6.000 16.000 11.000
7.000 7.000 6.000
4.000 6.000 10.000
9.000 11.000 10.000
8.000 7.000 5.000
6.000 12.000 18.000
9.000 13.000 5.000
6.000 8.000 11.000
8.000 6.000 8.000
9.000 9.000 3.000
13.000 5.000 6.000
9.000 6.000 4.000
9.000 8.000 5.000
8.000 10.000 6.000
10.000 3.000 8.000
12.000 7.000 9.000
11.000 11.000 9.000
12.000 5.000 9.000
15.000 4.000 12.000
16.000 8.000 4.000
8.000 8.000 6.000
14.000 7.000 6.000
9.000 6.000 10.000
18.000 4.000 14.000
16.000 4.000 7.000
14.000 3.000 10.000
11.000 0.000 7.000
11.000 3.000 6.000
18.000 3.000 5.000
18.000 6.000 8.000
11.000 4.000 11.000
23.000 8.000 6.000
19.000 5.000 6.000
16.000 5.000 6.000
17.000 9.000 7.000
13.000 5.000 6.000
23.000 8.000 10.000
18.000 7.000 9.000
17.000 6.000 12.000
18.000 14.000 9.000
15.000 16.000 13.000
20.000 25.000 20.000
17.000 28.000 19.000
13.000 28.000 27.000
22.000 40.000 29.000
30.000 38.000 39.000
15.000 56.000 44.000
15.000 55.000 49.000
