54.000 61.000 68.000
6.000 20.000 16.000
16.000 15.000 6.000
5.000 11.000 13.000
13.000 15.000 19.000
19.000 16.000 14.000
10.000 15.000 9.000
9.000 11.000 16.000
10.000 9.000 8.000
7.000 9.000 6.000
21.000 13.000 6.000
4.000 7.000 10.000
11.000 7.000 5.000
12.000 12.000 13.000
14.000 10.000 8.000
12.000 10.000 5.000
7.000 19.000 12.000
10.000 9.000 9.000
9.000 12.000 10.000
4.000 6.000 9.000
10.000 10.000 6.000
7.000 11.000 2.000
13.000 7.000 6.000
7.000 6.000 5.000
4.000 4.000 3.000
5.000 1.000 8.000
8.000 7.000 8.000
7.000 3.000 8.000
10.000 6.000 9.000
16.000 4.000 11.000
14.000 12.000 7.000
12.000 1.000 9.000
8.000 4.000 11.000
11.000 2.000 12.000
8.000 2.000 13.000
7.000 5.000 12.000
11.000 3.000 13.000
12.000 5.000 11.000
13.000 3.000 7.000
7.000 8.000 10.000
17.000 3.000 6.000
14.000 5.000 9.000
15.000 9.000 3.000
8.000 10.000 13.000
19.000 9.000 13.000
18.000 4.000 13.000
6.000 20.000 9.000
9.000 7.000 15.000
24.000 12.000 9.000
18.000 20.000 14.000
16.000 14.000 18.000
20.000 21.000 21.000
29.000 20.000 24.000
16.000 19.000 27.000
14.000 22.000 24.000
22.000 36.000 27.000
26.000 49.000 41.000
34.000 56.000 36.000
