83.000 66.000 90.000
4.000 20.000 20.000
17.000 29.000 11.000
13.000 28.000 21.000
24.000 23.000 27.000
21.000 26.000 14.000
15.000 15.000 23.000
16.000 20.000 18.000
17.000 12.000 24.000
16.000 16.000 11.000
10.000 16.000 19.000
17.000 18.000 12.000
19.000 15.000 13.000
22.000 11.000 8.000
4.000 11.000 7.000
14.000 17.000 11.000
12.000 10.000 16.000
14.000 9.000 13.000
12.000 11.000 4.000
6.000 11.000 9.000
21.000 7.000 2.000
11.000 5.000 10.000
9.000 11.000 7.000
13.000 11.000 4.000
12.000 10.000 6.000
6.000 9.000 7.000
11.000 5.000 9.000
14.000 9.000 6.000
7.000 3.000 15.000
6.000 6.000 7.000
5.000 5.000 10.000
6.000 10.000 12.000
5.000 4.000 18.000
8.000 3.000 2.000
3.000 7.000 9.000
5.000 3.000 10.000
7.000 3.000 15.000
10.000 5.000 2.000
8.000 4.000 11.000
7.000 3.000 7.000
7.000 5.000 8.000
7.000 7.000 4.000
6.000 7.000 7.000
8.000 5.000 5.000
7.000 9.000 6.000
10.000 7.000 6.000
13.000 4.000 1.000
7.000 9.000 5.000
12.000 11.000 10.000
12.000 5.000 4.000
10.000 10.000 8.000
15.000 15.000 7.000
13.000 6.000 12.000
17.000 22.000 15.000
30.000 21.000 19.000
24.000 26.000 23.000
29.000 41.000 32.000
33.000 49.000 54.000
