111.000 76.000 66.000
13.000 26.000 27.000
26.000 27.000 12.000
15.000 23.000 19.000
21.000 20.000 25.000
29.000 33.000 17.000
10.000 18.000 18.000
14.000 15.000 20.000
15.000 18.000 20.000
21.000 18.000 13.000
9.000 17.000 14.000
13.000 15.000 12.000
17.000 10.000 19.000
8.000 21.000 13.000
13.000 10.000 11.000
6.000 17.000 20.000
11.000 15.000 15.000
9.000 13.000 8.000
9.000 16.000 9.000
4.000 8.000 3.000
10.000 7.000 8.000
6.000 11.000 7.000
15.000 6.000 7.000
9.000 6.000 11.000
6.000 6.000 4.000
15.000 6.000 12.000
15.000 4.000 11.000
8.000 6.000 14.000
9.000 6.000 10.000
8.000 11.000 6.000
15.000 9.000 13.000
5.000 4.000 8.000
5.000 2.000 11.000
10.000 2.000 11.000
6.000 5.000 13.000
7.000 3.000 6.000
4.000 2.000 7.000
5.000 1.000 8.000
9.000 2.000 8.000
9.000 1.000 11.000
13.000 2.000 5.000
13.000 4.000 7.000
8.000 8.000 9.000
10.000 5.000 2.000
11.000 11.000 7.000
12.000 9.000 10.000
14.000 14.000 8.000
11.000 10.000 5.000
7.000 11.000 6.000
14.000 9.000 10.000
14.000 13.000 11.000
19.000 16.000 14.000
18.000 12.000 11.000
20.000 18.000 15.000
21.000 17.000 26.000
27.000 28.000 34.000
20.000 36.000 27.000
20.000 42.000 37.000
