65.000 46.000 77.000
11.000 21.000 16.000
19.000 16.000 7.000
9.000 17.000 14.000
17.000 8.000 13.000
12.000 7.000 4.000
9.000 18.000 9.000
17.000 7.000 8.000
7.000 10.000 11.000
8.000 8.000 8.000
10.000 16.000 8.000
6.000 13.000 5.000
11.000 9.000 9.000
13.000 13.000 6.000
4.000 12.000 8.000
11.000 15.000 7.000
5.000 8.000 7.000
7.000 13.000 12.000
6.000 5.000 4.000
13.000 8.000 2.000
7.000 3.000 3.000
7.000 5.000 6.000
7.000 11.000 4.000
10.000 6.000 8.000
7.000 6.000 15.000
7.000 3.000 5.000
10.000 6.000 5.000
4.000 4.000 6.000
6.000 7.000 11.000
11.000 5.000 8.000
7.000 6.000 11.000
9.000 7.000 7.000
6.000 3.000 12.000
10.000 4.000 12.000
4.000 4.000 6.000
5.000 3.000 12.000
7.000 0.000 10.000
8.000 2.000 10.000
5.000 8.000 15.000
9.000 4.000 11.000
14.000 4.000 12.000
10.000 6.000 12.000
14.000 5.000 9.000
11.000 4.000 5.000
8.000 7.000 9.000
21.000 9.000 10.000
14.000 7.000 11.000
14.000 22.000 8.000
11.000 12.000 5.000
16.000 18.000 10.000
22.000 13.000 17.000
16.000 14.000 22.000
16.000 22.000 32.000
27.000 19.000 17.000
31.000 16.000 37.000
26.000 31.000 40.000
33.000 39.000 39.000
26.000 58.000 32.000
