91.000 63.000 69.000
22.000 25.000 22.000
16.000 25.000 19.000
17.000 26.000 31.000
24.000 25.000 23.000
24.000 25.000 20.000
15.000 33.000 26.000
17.000 22.000 24.000
15.000 13.000 16.000
9.000 12.000 15.000
13.000 10.000 14.000
9.000 20.000 7.000
8.000 11.000 6.000
11.000 9.000 4.000
11.000 8.000 8.000
9.000 8.000 12.000
6.000 8.000 3.000
12.000 6.000 4.000
10.000 10.000 4.000
3.000 3.000 4.000
9.000 7.000 7.000
9.000 4.000 5.000
7.000 5.000 5.000
2.000 3.000 7.000
7.000 8.000 5.000
7.000 7.000 2.000
7.000 6.000 5.000
5.000 8.000 8.000
9.000 6.000 6.000
11.000 6.000 16.000
6.000 7.000 9.000
9.000 1.000 7.000
5.000 7.000 5.000
7.000 2.000 4.000
10.000 2.000 6.000
6.000 2.000 7.000
7.000 3.000 11.000
11.000 3.000 7.000
8.000 0.000 7.000
8.000 4.000 9.000
12.000 4.000 2.000
6.000 3.000 6.000
13.000 6.000 4.000
7.000 1.000 3.000
8.000 8.000 9.000
9.000 9.000 3.000
10.000 5.000 4.000
13.000 4.000 3.000
9.000 5.000 2.000
16.000 10.000 7.000
12.000 8.000 12.000
10.000 7.000 13.000
15.000 21.000 20.000
24.000 21.000 22.000
19.000 26.000 23.000
30.000 53.000 44.000
24.000 55.000 25.000
17.000 45.000 37.000
