75.000 82.000 82.000
14.000 24.000 22.000
14.000 29.000 11.000
6.000 20.000 19.000
18.000 17.000 25.000
22.000 22.000 14.000
12.000 12.000 20.000
10.000 28.000 15.000
8.000 10.000 17.000
17.000 16.000 10.000
8.000 12.000 12.000
9.000 12.000 21.000
14.000 9.000 15.000
8.000 12.000 13.000
9.000 7.000 12.000
9.000 12.000 11.000
12.000 9.000 5.000
7.000 8.000 6.000
8.000 8.000 8.000
15.000 5.000 3.000
4.000 9.000 8.000
12.000 9.000 6.000
8.000 10.000 3.000
6.000 6.000 8.000
9.000 8.000 7.000
14.000 9.000 9.000
13.000 6.000 9.000
10.000 10.000 14.000
13.000 7.000 8.000
8.000 7.000 13.000
14.000 5.000 10.000
9.000 11.000 17.000
4.000 6.000 8.000
6.000 5.000 10.000
13.000 4.000 10.000
11.000 3.000 7.000
10.000 2.000 15.000
9.000 3.000 9.000
8.000 0.000 6.000
5.000 3.000 7.000
8.000 8.000 0.000
8.000 8.000 5.000
9.000 7.000 5.000
10.000 4.000 4.000
10.000 9.000 3.000
10.000 4.000 7.000
12.000 11.000 4.000
12.000 7.000 3.000
15.000 10.000 10.000
14.000 12.000 8.000
11.000 9.000 10.000
8.000 8.000 8.000
28.000 9.000 14.000
35.000 19.000 19.000
34.000 17.000 21.000
29.000 29.000 12.000
29.000 47.000 52.000
28.000 52.000 39.000
