108.000 82.000 92.000
14.000 40.000 37.000
30.000 27.000 19.000
15.000 29.000 24.000
27.000 21.000 26.000
30.000 23.000 15.000
19.000 16.000 14.000
16.000 20.000 19.000
12.000 14.000 12.000
11.000 13.000 16.000
8.000 11.000 12.000
9.000 11.000 17.000
15.000 9.000 9.000
7.000 11.000 10.000
13.000 5.000 10.000
11.000 10.000 5.000
7.000 7.000 7.000
7.000 7.000 6.000
7.000 6.000 6.000
4.000 7.000 6.000
8.000 11.000 2.000
1.000 7.000 7.000
3.000 7.000 6.000
10.000 7.000 7.000
9.000 5.000 4.000
7.000 10.000 8.000
8.000 11.000 10.000
12.000 4.000 6.000
5.000 10.000 8.000
7.000 10.000 10.000
8.000 5.000 12.000
6.000 6.000 14.000
9.000 2.000 8.000
6.000 2.000 14.000
4.000 4.000 4.000
8.000 3.000 7.000
6.000 1.000 3.000
3.000 2.000 8.000
6.000 2.000 6.000
7.000 8.000 7.000
4.000 8.000 6.000
7.000 1.000 5.000
6.000 5.000 5.000
6.000 4.000 3.000
7.000 6.000 4.000
8.000 7.000 3.000
14.000 5.000 5.000
13.000 9.000 7.000
10.000 6.000 11.000
17.000 10.000 2.000
23.000 3.000 12.000
17.000 11.000 15.000
20.000 20.000 19.000
23.000 12.000 24.000
28.000 23.000 27.000
32.000 23.000 25.000
28.000 37.000 25.000
33.000 65.000 42.000
