80.000 96.000 85.000
8.000 23.000 20.000
16.000 40.000 16.000
14.000 21.000 24.000
23.000 19.000 20.000
16.000 22.000 18.000
15.000 6.000 22.000
16.000 18.000 17.000
11.000 13.000 18.000
12.000 13.000 15.000
15.000 17.000 12.000
10.000 15.000 15.000
18.000 20.000 12.000
19.000 15.000 8.000
17.000 11.000 17.000
14.000 11.000 10.000
13.000 12.000 13.000
15.000 14.000 7.000
14.000 12.000 11.000
14.000 14.000 6.000
12.000 5.000 12.000
18.000 11.000 9.000
10.000 4.000 5.000
8.000 9.000 10.000
6.000 9.000 6.000
7.000 15.000 15.000
11.000 9.000 11.000
8.000 4.000 9.000
9.000 4.000 8.000
5.000 7.000 10.000
4.000 7.000 10.000
7.000 6.000 9.000
7.000 2.000 8.000
13.000 4.000 14.000
16.000 5.000 15.000
12.000 7.000 5.000
9.000 4.000 8.000
6.000 2.000 13.000
8.000 8.000 7.000
8.000 2.000 11.000
13.000 3.000 5.000
9.000 8.000 11.000
13.000 9.000 4.000
10.000 9.000 5.000
5.000 9.000 7.000
14.000 7.000 4.000
9.000 7.000 5.000
15.000 5.000 6.000
19.000 8.000 5.000
13.000 6.000 12.000
9.000 11.000 14.000
18.000 16.000 7.000
18.000 17.000 9.000
12.000 17.000 16.000
16.000 33.000 23.000
23.000 33.000 18.000
16.000 35.000 25.000
22.000 34.000 30.000
