97.000 73.000 44.000
14.000 25.000 24.000
15.000 29.000 13.000
12.000 11.000 13.000
12.000 18.000 6.000
11.000 12.000 14.000
10.000 15.000 12.000
11.000 13.000 12.000
8.000 12.000 17.000
8.000 6.000 9.000
8.000 5.000 12.000
6.000 11.000 13.000
17.000 9.000 15.000
10.000 8.000 11.000
14.000 17.000 13.000
9.000 23.000 15.000
12.000 8.000 8.000
10.000 12.000 8.000
12.000 7.000 8.000
6.000 7.000 8.000
15.000 13.000 6.000
12.000 8.000 4.000
11.000 9.000 9.000
9.000 8.000 3.000
5.000 13.000 7.000
11.000 11.000 4.000
14.000 13.000 10.000
10.000 12.000 2.000
8.000 8.000 6.000
8.000 6.000 13.000
7.000 13.000 11.000
9.000 6.000 20.000
11.000 2.000 11.000
14.000 6.000 15.000
10.000 2.000 17.000
5.000 8.000 6.000
11.000 7.000 10.000
11.000 2.000 15.000
14.000 7.000 14.000
6.000 3.000 10.000
8.000 2.000 13.000
9.000 3.000 13.000
8.000 11.000 11.000
17.000 8.000 15.000
10.000 7.000 7.000
11.000 10.000 10.000
14.000 18.000 5.000
13.000 9.000 6.000
10.000 11.000 6.000
17.000 14.000 10.000
21.000 12.000 12.000
13.000 14.000 16.000
16.000 24.000 14.000
24.000 21.000 17.000
18.000 22.000 14.000
24.000 42.000 20.000
24.000 45.000 33.000
31.000 45.000 34.000
