103.000 79.000 86.000
12.000 33.000 24.000
20.000 27.000 23.000
13.000 24.000 18.000
24.000 23.000 27.000
21.000 21.000 19.000
21.000 20.000 14.000
14.000 22.000 23.000
16.000 14.000 23.000
26.000 16.000 18.000
20.000 18.000 15.000
8.000 15.000 13.000
10.000 16.000 19.000
13.000 15.000 15.000
13.000 17.000 18.000
17.000 17.000 13.000
15.000 16.000 8.000
10.000 10.000 14.000
10.000 8.000 9.000
11.000 8.000 8.000
10.000 9.000 8.000
7.000 2.000 5.000
10.000 4.000 6.000
12.000 12.000 9.000
13.000 8.000 7.000
7.000 11.000 7.000
8.000 7.000 6.000
6.000 12.000 8.000
8.000 5.000 7.000
4.000 6.000 6.000
6.000 3.000 8.000
6.000 2.000 4.000
7.000 0.000 6.000
3.000 1.000 6.000
6.000 3.000 7.000
7.000 2.000 2.000
6.000 4.000 8.000
6.000 2.000 5.000
6.000 3.000 6.000
2.000 2.000 5.000
5.000 3.000 8.000
7.000 3.000 5.000
7.000 5.000 0.000
5.000 4.000 3.000
7.000 4.000 5.000
4.000 9.000 4.000
12.000 9.000 5.000
8.000 2.000 5.000
8.000 7.000 4.000
12.000 3.000 12.000
13.000 8.000 8.000
13.000 11.000 7.000
22.000 15.000 14.000
24.000 19.000 20.000
32.000 20.000 21.000
31.000 27.000 21.000
34.000 39.000 46.000
22.000 45.000 42.000
