83.000 66.000 84.000
16.000 32.000 25.000
20.000 34.000 14.000
12.000 26.000 21.000
9.000 19.000 25.000
15.000 18.000 18.000
9.000 18.000 11.000
15.000 18.000 14.000
11.000 5.000 9.000
17.000 13.000 12.000
15.000 5.000 7.000
14.000 9.000 10.000
5.000 10.000 12.000
7.000 11.000 16.000
10.000 17.000 5.000
7.000 12.000 7.000
8.000 4.000 9.000
12.000 9.000 11.000
13.000 8.000 7.000
10.000 7.000 7.000
10.000 2.000 7.000
6.000 10.000 4.000
10.000 7.000 8.000
7.000 6.000 5.000
10.000 7.000 5.000
8.000 5.000 10.000
8.000 6.000 5.000
5.000 10.000 12.000
4.000 6.000 9.000
10.000 4.000 8.000
4.000 3.000 8.000
6.000 4.000 7.000
9.000 5.000 10.000
6.000 5.000 4.000
8.000 2.000 6.000
4.000 0.000 7.000
10.000 2.000 7.000
4.000 3.000 6.000
6.000 5.000 6.000
5.000 4.000 4.000
6.000 4.000 6.000
7.000 3.000 6.000
10.000 6.000 8.000
10.000 6.000 4.000
13.000 2.000 1.000
8.000 8.000 4.000
8.000 9.000 2.000
16.000 6.000 6.000
8.000 5.000 10.000
11.000 5.000 1.000
11.000 13.000 12.000
21.000 11.000 22.000
24.000 11.000 22.000
26.000 27.000 25.000
20.000 24.000 28.000
31.000 35.000 38.000
32.000 43.000 30.000
26.000 55.000 46.000
