91.000 87.000 95.000
8.000 27.000 21.000
23.000 27.000 15.000
8.000 24.000 23.000
18.000 17.000 24.000
12.000 15.000 15.000
12.000 15.000 18.000
18.000 20.000 13.000
16.000 16.000 12.000
12.000 21.000 19.000
5.000 12.000 13.000
10.000 18.000 8.000
12.000 18.000 14.000
15.000 9.000 11.000
13.000 10.000 9.000
12.000 14.000 11.000
10.000 5.000 7.000
11.000 13.000 8.000
10.000 14.000 2.000
7.000 8.000 9.000
15.000 5.000 6.000
8.000 17.000 10.000
6.000 6.000 9.000
11.000 12.000 8.000
7.000 12.000 7.000
8.000 7.000 10.000
9.000 5.000 12.000
12.000 8.000 11.000
10.000 5.000 15.000
15.000 10.000 14.000
15.000 7.000 7.000
16.000 5.000 9.000
12.000 8.000 21.000
9.000 6.000 13.000
14.000 1.000 10.000
9.000 8.000 10.000
9.000 1.000 11.000
11.000 4.000 5.000
7.000 3.000 7.000
13.000 7.000 8.000
14.000 6.000 6.000
9.000 13.000 8.000
12.000 10.000 6.000
11.000 8.000 15.000
11.000 9.000 3.000
10.000 7.000 6.000
9.000 9.000 6.000
15.000 9.000 9.000
15.000 11.000 8.000
11.000 13.000 8.000
9.000 8.000 10.000
20.000 21.000 11.000
15.000 12.000 15.000
15.000 22.000 21.000
23.000 17.000 24.000
23.000 28.000 29.000
24.000 20.000 23.000
21.000 48.000 32.000
