81.000 57.000 57.000
7.000 28.000 24.000
24.000 26.000 13.000
10.000 12.000 27.000
12.000 26.000 26.000
22.000 19.000 13.000
17.000 14.000 14.000
12.000 18.000 14.000
11.000 12.000 5.000
13.000 11.000 14.000
10.000 8.000 11.000
15.000 6.000 17.000
15.000 17.000 18.000
14.000 26.000 17.000
20.000 16.000 11.000
7.000 18.000 18.000
9.000 19.000 14.000
12.000 5.000 9.000
8.000 4.000 8.000
19.000 6.000 9.000
6.000 8.000 8.000
8.000 3.000 7.000
9.000 12.000 6.000
13.000 7.000 6.000
9.000 12.000 5.000
6.000 11.000 5.000
9.000 7.000 15.000
6.000 12.000 10.000
5.000 6.000 5.000
7.000 6.000 7.000
6.000 3.000 12.000
10.000 4.000 7.000
7.000 6.000 8.000
7.000 3.000 7.000
9.000 4.000 3.000
7.000 1.000 11.000
5.000 1.000 5.000
6.000 2.000 5.000
6.000 5.000 4.000
6.000 4.000 6.000
9.000 4.000 5.000
9.000 7.000 5.000
6.000 0.000 9.000
5.000 6.000 4.000
7.000 2.000 2.000
7.000 6.000 4.000
12.000 5.000 1.000
12.000 5.000 4.000
12.000 4.000 3.000
9.000 3.000 7.000
11.000 6.000 8.000
18.000 7.000 7.000
32.000 11.000 13.000
25.000 22.000 17.000
20.000 22.000 33.000
30.000 31.000 28.000
44.000 42.000 31.000
32.000 59.000 66.000
