92.000 92.000 92.000
34.000 34.000 34.000
24.000 24.000 24.000
25.000 25.000 25.000
25.000 25.000 25.000
35.000 35.000 35.000
26.000 26.000 26.000
25.000 25.000 25.000
24.000 24.000 24.000
10.000 10.000 10.000
7.000 7.000 7.000
11.000 11.000 11.000
16.000 16.000 16.000
20.000 20.000 20.000
16.000 16.000 16.000
20.000 20.000 20.000
16.000 16.000 16.000
6.000 6.000 6.000
3.000 3.000 3.000
1.000 1.000 1.000
0.000 0.000 0.000
1.000 1.000 1.000
0.000 0.000 0.000
5.000 5.000 5.000
3.000 3.000 3.000
4.000 4.000 4.000
5.000 5.000 5.000
8.000 8.000 8.000
5.000 5.000 5.000
3.000 3.000 3.000
6.000 6.000 6.000
3.000 3.000 3.000
0.000 0.000 0.000
0.000 0.000 0.000
0.000 0.000 0.000
0.000 0.000 0.000
0.000 0.000 0.000
0.000 0.000 0.000
0.000 0.000 0.000
0.000 0.000 0.000
0.000 0.000 0.000
0.000 0.000 0.000
0.000 0.000 0.000
0.000 0.000 0.000
0.000 0.000 0.000
0.000 0.000 0.000
0.000 0.000 0.000
0.000 0.000 0.000
0.000 0.000 0.000
0.000 0.000 0.000
0.000 0.000 0.000
0.000 0.000 0.000
1.000 1.000 1.000
3.000 3.000 3.000
14.000 14.000 14.000
23.000 23.000 23.000
62.000 62.000 62.000
80.000 80.000 80.000
