85.000 69.000 52.000
13.000 23.000 9.000
12.000 15.000 8.000
10.000 19.000 17.000
15.000 21.000 16.000
7.000 14.000 11.000
12.000 12.000 14.000
13.000 19.000 20.000
15.000 10.000 8.000
12.000 12.000 10.000
15.000 17.000 6.000
13.000 13.000 5.000
12.000 17.000 12.000
6.000 13.000 9.000
9.000 10.000 6.000
10.000 22.000 7.000
9.000 15.000 7.000
15.000 12.000 8.000
10.000 19.000 4.000
11.000 13.000 7.000
10.000 11.000 5.000
21.000 10.000 5.000
15.000 10.000 5.000
6.000 10.000 8.000
11.000 6.000 12.000
10.000 11.000 8.000
11.000 10.000 6.000
9.000 7.000 10.000
10.000 8.000 12.000
10.000 8.000 6.000
13.000 9.000 8.000
7.000 3.000 13.000
6.000 3.000 8.000
13.000 7.000 13.000
12.000 2.000 11.000
16.000 0.000 11.000
16.000 5.000 11.000
13.000 6.000 12.000
13.000 4.000 12.000
7.000 7.000 15.000
8.000 3.000 14.000
16.000 11.000 10.000
15.000 3.000 17.000
11.000 3.000 12.000
9.000 9.000 11.000
15.000 13.000 9.000
8.000 11.000 12.000
12.000 6.000 9.000
16.000 13.000 13.000
11.000 12.000 9.000
13.000 17.000 10.000
19.000 15.000 16.000
14.000 17.000 21.000
14.000 22.000 14.000
19.000 34.000 15.000
19.000 38.000 26.000
22.000 39.000 28.000
27.000 40.000 35.000
