78.000 86.000 52.000
13.000 22.000 24.000
16.000 27.000 17.000
15.000 20.000 26.000
15.000 24.000 19.000
23.000 16.000 15.000
10.000 20.000 18.000
10.000 24.000 18.000
18.000 14.000 22.000
15.000 12.000 15.000
11.000 13.000 11.000
16.000 13.000 12.000
14.000 15.000 9.000
14.000 9.000 14.000
11.000 12.000 8.000
16.000 11.000 10.000
8.000 11.000 8.000
9.000 6.000 6.000
7.000 8.000 6.000
5.000 3.000 5.000
8.000 6.000 6.000
8.000 3.000 5.000
12.000 3.000 5.000
9.000 8.000 6.000
7.000 8.000 3.000
6.000 5.000 4.000
5.000 13.000 5.000
5.000 5.000 10.000
9.000 6.000 6.000
11.000 8.000 7.000
5.000 7.000 3.000
5.000 3.000 11.000
6.000 3.000 6.000
6.000 3.000 6.000
9.000 2.000 0.000
9.000 5.000 13.000
6.000 0.000 6.000
6.000 3.000 7.000
7.000 3.000 10.000
3.000 3.000 8.000
9.000 3.000 5.000
4.000 1.000 9.000
6.000 4.000 5.000
7.000 3.000 3.000
9.000 3.000 0.000
8.000 6.000 4.000
6.000 6.000 3.000
5.000 5.000 7.000
14.000 5.000 4.000
9.000 6.000 7.000
15.000 13.000 7.000
17.000 9.000 7.000
20.000 11.000 12.000
31.000 20.000 13.000
31.000 36.000 24.000
31.000 35.000 33.000
35.000 51.000 39.000
29.000 56.000 50.000
