81.000 62.000 80.000
12.000 24.000 20.000
16.000 31.000 23.000
7.000 27.000 31.000
16.000 25.000 27.000
10.000 25.000 29.000
14.000 35.000 34.000
22.000 30.000 29.000
18.000 16.000 20.000
20.000 21.000 9.000
19.000 18.000 10.000
14.000 14.000 21.000
16.000 18.000 13.000
20.000 9.000 10.000
15.000 7.000 7.000
15.000 18.000 8.000
13.000 6.000 7.000
14.000 8.000 2.000
20.000 9.000 5.000
14.000 11.000 9.000
8.000 4.000 6.000
8.000 3.000 5.000
7.000 5.000 5.000
3.000 7.000 5.000
11.000 6.000 8.000
7.000 2.000 4.000
6.000 7.000 4.000
6.000 9.000 11.000
8.000 10.000 8.000
9.000 10.000 5.000
12.000 7.000 5.000
12.000 7.000 14.000
6.000 3.000 6.000
9.000 1.000 5.000
7.000 3.000 5.000
12.000 3.000 10.000
6.000 3.000 7.000
10.000 0.000 5.000
10.000 2.000 3.000
10.000 1.000 2.000
7.000 0.000 7.000
11.000 8.000 3.000
14.000 6.000 4.000
16.000 4.000 6.000
11.000 8.000 11.000
13.000 10.000 7.000
7.000 4.000 3.000
12.000 4.000 4.000
13.000 9.000 9.000
16.000 5.000 4.000
14.000 10.000 6.000
11.000 11.000 10.000
17.000 22.000 12.000
16.000 18.000 27.000
20.000 31.000 21.000
24.000 32.000 29.000
19.000 38.000 29.000
19.000 42.000 41.000
