64.000 70.000 71.000
6.000 19.000 14.000
11.000 13.000 12.000
14.000 17.000 14.000
17.000 18.000 18.000
13.000 10.000 10.000
11.000 10.000 10.000
13.000 12.000 13.000
10.000 4.000 10.000
14.000 8.000 9.000
6.000 10.000 9.000
10.000 13.000 7.000
11.000 12.000 7.000
11.000 12.000 11.000
12.000 12.000 9.000
12.000 13.000 11.000
8.000 10.000 5.000
14.000 8.000 4.000
8.000 8.000 5.000
13.000 4.000 11.000
7.000 9.000 1.000
8.000 16.000 6.000
10.000 6.000 6.000
16.000 7.000 8.000
5.000 9.000 10.000
10.000 7.000 11.000
5.000 12.000 7.000
8.000 9.000 15.000
11.000 15.000 7.000
11.000 4.000 15.000
12.000 12.000 15.000
8.000 10.000 7.000
13.000 4.000 14.000
12.000 8.000 12.000
11.000 4.000 16.000
9.000 8.000 16.000
9.000 7.000 13.000
8.000 6.000 14.000
23.000 8.000 7.000
12.000 8.000 18.000
13.000 7.000 6.000
12.000 10.000 13.000
8.000 10.000 7.000
14.000 10.000 17.000
13.000 10.000 8.000
15.000 7.000 7.000
18.000 11.000 11.000
10.000 12.000 14.000
22.000 15.000 9.000
17.000 6.000 7.000
17.000 15.000 3.000
12.000 11.000 14.000
23.000 13.000 17.000
27.000 19.000 18.000
24.000 22.000 22.000
26.000 50.000 16.000
38.000 41.000 38.000
27.000 52.000 23.000
