81.000 60.000 73.000
7.000 21.000 23.000
16.000 17.000 12.000
13.000 21.000 21.000
15.000 22.000 19.000
16.000 26.000 9.000
16.000 13.000 24.000
8.000 16.000 11.000
18.000 14.000 21.000
19.000 18.000 13.000
12.000 13.000 17.000
15.000 16.000 14.000
15.000 19.000 16.000
15.000 13.000 10.000
23.000 20.000 8.000
12.000 21.000 10.000
9.000 16.000 9.000
14.000 22.000 18.000
15.000 13.000 18.000
17.000 7.000 6.000
10.000 12.000 8.000
17.000 8.000 4.000
11.000 5.000 9.000
14.000 10.000 8.000
14.000 9.000 7.000
10.000 13.000 7.000
13.000 9.000 9.000
14.000 16.000 16.000
15.000 5.000 6.000
15.000 14.000 13.000
14.000 8.000 12.000
12.000 6.000 9.000
14.000 10.000 19.000
19.000 2.000 15.000
20.000 3.000 6.000
15.000 3.000 13.000
12.000 5.000 13.000
7.000 3.000 16.000
11.000 10.000 10.000
15.000 9.000 4.000
6.000 9.000 12.000
7.000 5.000 9.000
9.000 6.000 11.000
14.000 9.000 10.000
10.000 7.000 5.000
19.000 13.000 4.000
12.000 5.000 9.000
12.000 6.000 7.000
7.000 9.000 7.000
8.000 12.000 9.000
16.000 13.000 11.000
14.000 15.000 11.000
18.000 22.000 18.000
21.000 26.000 19.000
18.000 25.000 21.000
14.000 29.000 20.000
11.000 37.000 30.000
14.000 46.000 25.000
