103.000 93.000 88.000
11.000 24.000 27.000
10.000 23.000 14.000
11.000 21.000 27.000
19.000 38.000 21.000
22.000 25.000 12.000
9.000 17.000 21.000
28.000 25.000 13.000
15.000 14.000 13.000
18.000 22.000 13.000
5.000 19.000 15.000
17.000 15.000 17.000
16.000 16.000 7.000
13.000 13.000 10.000
12.000 23.000 6.000
9.000 11.000 14.000
15.000 16.000 10.000
18.000 13.000 7.000
16.000 9.000 6.000
10.000 9.000 10.000
11.000 15.000 9.000
14.000 7.000 7.000
17.000 8.000 4.000
10.000 13.000 6.000
13.000 8.000 2.000
14.000 6.000 9.000
13.000 7.000 11.000
13.000 6.000 8.000
14.000 9.000 11.000
16.000 4.000 14.000
17.000 5.000 9.000
17.000 4.000 13.000
9.000 7.000 11.000
14.000 7.000 16.000
11.000 4.000 14.000
9.000 6.000 11.000
9.000 9.000 20.000
6.000 6.000 18.000
18.000 7.000 7.000
11.000 8.000 17.000
13.000 4.000 7.000
8.000 6.000 7.000
7.000 12.000 10.000
18.000 6.000 12.000
10.000 12.000 11.000
8.000 14.000 7.000
5.000 8.000 14.000
11.000 15.000 6.000
14.000 10.000 6.000
9.000 5.000 15.000
13.000 15.000 11.000
12.000 11.000 16.000
12.000 15.000 21.000
10.000 14.000 19.000
11.000 16.000 25.000
12.000 20.000 14.000
18.000 29.000 21.000
13.000 34.000 19.000
