145.000 119.000 119.000
10.000 28.000 21.000
20.000 29.000 19.000
12.000 29.000 24.000
22.000 35.000 28.000
28.000 26.000 21.000
18.000 22.000 18.000
21.000 23.000 16.000
9.000 17.000 13.000
16.000 19.000 7.000
12.000 17.000 10.000
18.000 13.000 18.000
13.000 16.000 10.000
9.000 14.000 13.000
16.000 17.000 6.000
14.000 13.000 12.000
12.000 8.000 12.000
10.000 9.000 9.000
14.000 14.000 9.000
12.000 14.000 14.000
17.000 10.000 9.000
12.000 12.000 15.000
16.000 4.000 11.000
14.000 5.000 4.000
14.000 4.000 11.000
13.000 9.000 11.000
9.000 6.000 11.000
14.000 6.000 9.000
13.000 10.000 18.000
12.000 3.000 22.000
14.000 11.000 15.000
16.000 2.000 16.000
13.000 4.000 10.000
8.000 4.000 13.000
11.000 6.000 18.000
9.000 7.000 13.000
12.000 5.000 9.000
6.000 6.000 14.000
16.000 7.000 11.000
13.000 13.000 10.000
9.000 12.000 19.000
9.000 11.000 15.000
9.000 12.000 14.000
7.000 17.000 7.000
8.000 5.000 7.000
11.000 13.000 12.000
8.000 10.000 4.000
9.000 14.000 6.000
8.000 13.000 7.000
7.000 9.000 10.000
8.000 9.000 7.000
6.000 17.000 9.000
11.000 22.000 5.000
8.000 16.000 10.000
5.000 11.000 13.000
10.000 22.000 22.000
11.000 24.000 21.000
16.000 13.000 6.000
