87.000 65.000 69.000
10.000 35.000 23.000
18.000 29.000 16.000
8.000 19.000 17.000
15.000 18.000 16.000
26.000 15.000 22.000
9.000 19.000 16.000
13.000 10.000 14.000
9.000 13.000 11.000
14.000 9.000 15.000
10.000 5.000 10.000
4.000 16.000 9.000
11.000 14.000 7.000
8.000 10.000 13.000
9.000 10.000 8.000
7.000 8.000 7.000
11.000 11.000 11.000
10.000 8.000 4.000
8.000 8.000 11.000
4.000 3.000 5.000
11.000 8.000 6.000
9.000 6.000 0.000
8.000 6.000 6.000
11.000 10.000 6.000
10.000 3.000 4.000
7.000 4.000 5.000
13.000 9.000 8.000
11.000 15.000 10.000
5.000 6.000 10.000
7.000 10.000 12.000
8.000 9.000 9.000
5.000 10.000 8.000
15.000 6.000 10.000
5.000 1.000 7.000
4.000 4.000 13.000
5.000 4.000 7.000
8.000 6.000 8.000
9.000 4.000 8.000
7.000 4.000 6.000
12.000 2.000 4.000
10.000 3.000 12.000
9.000 2.000 5.000
10.000 2.000 6.000
9.000 9.000 9.000
11.000 5.000 5.000
11.000 4.000 3.000
9.000 4.000 4.000
13.000 5.000 4.000
12.000 8.000 7.000
17.000 5.000 6.000
17.000 6.000 6.000
12.000 16.000 11.000
17.000 22.000 12.000
21.000 27.000 27.000
26.000 20.000 36.000
31.000 43.000 26.000
26.000 49.000 43.000
26.000 52.000 45.000
