95.000 94.000 79.000
6.000 24.000 28.000
16.000 22.000 22.000
12.000 27.000 13.000
18.000 22.000 16.000
18.000 14.000 17.000
11.000 20.000 23.000
21.000 24.000 28.000
15.000 21.000 19.000
8.000 12.000 20.000
11.000 17.000 21.000
20.000 17.000 14.000
18.000 16.000 12.000
8.000 13.000 11.000
17.000 5.000 11.000
16.000 15.000 11.000
11.000 23.000 13.000
6.000 14.000 6.000
15.000 6.000 6.000
16.000 16.000 9.000
6.000 8.000 4.000
10.000 4.000 8.000
11.000 7.000 10.000
9.000 4.000 11.000
8.000 5.000 9.000
15.000 10.000 6.000
9.000 9.000 7.000
7.000 11.000 17.000
10.000 13.000 9.000
13.000 6.000 4.000
6.000 5.000 9.000
8.000 2.000 9.000
13.000 5.000 10.000
15.000 2.000 10.000
8.000 6.000 15.000
11.000 0.000 14.000
10.000 5.000 12.000
9.000 4.000 10.000
7.000 4.000 8.000
8.000 4.000 7.000
11.000 8.000 8.000
12.000 6.000 3.000
6.000 5.000 9.000
11.000 6.000 8.000
9.000 7.000 7.000
12.000 9.000 4.000
13.000 9.000 8.000
5.000 15.000 5.000
13.000 4.000 5.000
11.000 12.000 6.000
10.000 8.000 9.000
14.000 9.000 8.000
18.000 17.000 12.000
19.000 20.000 10.000
23.000 19.000 20.000
22.000 30.000 19.000
22.000 34.000 37.000
19.000 44.000 30.000
