77.000 70.000 67.000
12.000 30.000 18.000
13.000 20.000 9.000
14.000 23.000 32.000
17.000 17.000 19.000
20.000 21.000 16.000
14.000 26.000 14.000
16.000 17.000 13.000
17.000 18.000 23.000
14.000 19.000 7.000
7.000 12.000 12.000
24.000 22.000 20.000
8.000 22.000 9.000
18.000 23.000 7.000
11.000 13.000 10.000
10.000 9.000 18.000
14.000 16.000 6.000
13.000 12.000 12.000
14.000 14.000 8.000
13.000 15.000 11.000
14.000 11.000 12.000
10.000 5.000 8.000
14.000 6.000 11.000
7.000 3.000 8.000
12.000 6.000 8.000
8.000 10.000 10.000
10.000 8.000 7.000
18.000 8.000 16.000
3.000 5.000 11.000
6.000 10.000 11.000
11.000 4.000 9.000
10.000 6.000 10.000
11.000 6.000 9.000
10.000 5.000 22.000
7.000 2.000 15.000
8.000 5.000 13.000
7.000 4.000 12.000
8.000 2.000 11.000
13.000 7.000 10.000
11.000 6.000 16.000
16.000 7.000 10.000
13.000 8.000 16.000
8.000 10.000 11.000
9.000 10.000 13.000
14.000 7.000 10.000
13.000 7.000 4.000
7.000 10.000 6.000
9.000 16.000 6.000
19.000 16.000 8.000
21.000 20.000 8.000
13.000 10.000 14.000
14.000 9.000 11.000
15.000 12.000 15.000
15.000 20.000 23.000
16.000 20.000 20.000
12.000 21.000 23.000
20.000 31.000 21.000
25.000 41.000 16.000
