99.000 81.000 76.000
17.000 31.000 35.000
34.000 34.000 20.000
11.000 33.000 32.000
21.000 26.000 24.000
21.000 19.000 21.000
12.000 19.000 22.000
19.000 13.000 16.000
13.000 8.000 12.000
18.000 6.000 21.000
15.000 18.000 14.000
11.000 11.000 11.000
17.000 9.000 10.000
11.000 13.000 13.000
12.000 22.000 9.000
9.000 13.000 18.000
11.000 10.000 6.000
8.000 10.000 11.000
9.000 10.000 10.000
7.000 6.000 9.000
9.000 8.000 9.000
10.000 8.000 7.000
12.000 9.000 6.000
8.000 3.000 3.000
3.000 7.000 9.000
12.000 6.000 8.000
9.000 15.000 5.000
5.000 13.000 11.000
8.000 8.000 9.000
8.000 6.000 8.000
7.000 8.000 9.000
11.000 4.000 7.000
3.000 3.000 6.000
6.000 3.000 6.000
4.000 2.000 10.000
4.000 5.000 6.000
3.000 5.000 8.000
6.000 4.000 3.000
6.000 4.000 6.000
6.000 3.000 2.000
7.000 3.000 1.000
4.000 2.000 7.000
8.000 4.000 3.000
6.000 6.000 3.000
5.000 0.000 3.000
7.000 5.000 3.000
5.000 4.000 0.000
9.000 6.000 6.000
11.000 3.000 6.000
15.000 2.000 4.000
11.000 7.000 7.000
11.000 3.000 7.000
17.000 8.000 10.000
19.000 14.000 22.000
22.000 18.000 23.000
22.000 35.000 32.000
27.000 49.000 36.000
27.000 60.000 41.000
