113.000 62.000 67.000
9.000 23.000 18.000
13.000 29.000 17.000
19.000 24.000 31.000
19.000 28.000 23.000
17.000 30.000 24.000
14.000 16.000 20.000
12.000 14.000 20.000
11.000 16.000 18.000
11.000 14.000 11.000
12.000 2.000 8.000
16.000 11.000 7.000
11.000 10.000 11.000
12.000 15.000 14.000
12.000 7.000 14.000
7.000 10.000 10.000
10.000 18.000 11.000
11.000 8.000 9.000
8.000 11.000 8.000
16.000 14.000 9.000
6.000 11.000 6.000
6.000 6.000 1.000
10.000 9.000 10.000
11.000 5.000 6.000
5.000 8.000 11.000
6.000 7.000 7.000
8.000 7.000 3.000
5.000 6.000 7.000
10.000 13.000 12.000
14.000 8.000 7.000
9.000 2.000 7.000
13.000 5.000 10.000
9.000 2.000 10.000
9.000 2.000 13.000
5.000 2.000 10.000
7.000 2.000 8.000
6.000 3.000 7.000
7.000 2.000 11.000
6.000 0.000 10.000
11.000 3.000 8.000
12.000 3.000 4.000
10.000 7.000 11.000
14.000 6.000 6.000
11.000 3.000 4.000
11.000 5.000 3.000
13.000 7.000 9.000
5.000 4.000 4.000
13.000 12.000 9.000
14.000 7.000 11.000
15.000 13.000 9.000
19.000 12.000 14.000
16.000 20.000 22.000
19.000 19.000 17.000
20.000 16.000 22.000
28.000 28.000 12.000
24.000 24.000 33.000
29.000 36.000 27.000
21.000 41.000 24.000
