89.000 73.000 74.000
16.000 27.000 17.000
15.000 20.000 11.000
12.000 25.000 25.000
12.000 17.000 22.000
20.000 21.000 10.000
12.000 15.000 15.000
23.000 25.000 19.000
16.000 19.000 22.000
16.000 16.000 13.000
20.000 15.000 12.000
15.000 14.000 16.000
13.000 14.000 10.000
10.000 7.000 12.000
13.000 20.000 10.000
10.000 14.000 14.000
13.000 10.000 10.000
10.000 13.000 5.000
9.000 14.000 7.000
7.000 11.000 7.000
14.000 12.000 12.000
10.000 14.000 11.000
11.000 11.000 6.000
10.000 8.000 6.000
16.000 8.000 7.000
9.000 7.000 13.000
9.000 10.000 16.000
13.000 9.000 14.000
13.000 13.000 9.000
14.000 10.000 14.000
7.000 4.000 14.000
6.000 7.000 16.000
9.000 6.000 9.000
9.000 0.000 7.000
8.000 1.000 10.000
4.000 1.000 15.000
12.000 6.000 10.000
12.000 8.000 14.000
11.000 7.000 9.000
10.000 5.000 8.000
9.000 6.000 15.000
9.000 6.000 4.000
8.000 4.000 9.000
9.000 8.000 9.000
12.000 6.000 9.000
15.000 10.000 7.000
8.000 13.000 13.000
11.000 10.000 8.000
8.000 13.000 9.000
12.000 12.000 4.000
10.000 13.000 7.000
17.000 10.000 16.000
16.000 22.000 15.000
17.000 21.000 23.000
19.000 14.000 18.000
16.000 27.000 14.000
18.000 39.000 30.000
27.000 34.000 37.000
