95.000 81.000 79.000
11.000 26.000 18.000
25.000 33.000 15.000
8.000 23.000 24.000
26.000 15.000 20.000
14.000 11.000 13.000
22.000 17.000 16.000
17.000 13.000 13.000
9.000 8.000 15.000
13.000 12.000 8.000
4.000 16.000 12.000
11.000 7.000 9.000
11.000 15.000 5.000
8.000 14.000 10.000
5.000 9.000 6.000
7.000 14.000 8.000
4.000 4.000 3.000
15.000 11.000 7.000
10.000 12.000 3.000
13.000 9.000 11.000
2.000 7.000 2.000
6.000 4.000 7.000
9.000 4.000 7.000
10.000 8.000 5.000
12.000 6.000 7.000
14.000 7.000 8.000
9.000 9.000 14.000
7.000 9.000 6.000
8.000 9.000 14.000
9.000 4.000 15.000
6.000 9.000 9.000
10.000 11.000 17.000
4.000 5.000 13.000
12.000 4.000 8.000
9.000 8.000 9.000
14.000 4.000 13.000
15.000 4.000 5.000
7.000 5.000 8.000
8.000 1.000 14.000
10.000 1.000 8.000
12.000 6.000 8.000
10.000 11.000 6.000
9.000 8.000 14.000
14.000 16.000 7.000
11.000 10.000 9.000
13.000 12.000 5.000
15.000 6.000 8.000
13.000 9.000 7.000
13.000 9.000 9.000
17.000 7.000 12.000
15.000 16.000 7.000
15.000 11.000 13.000
16.000 19.000 24.000
24.000 17.000 19.000
15.000 22.000 18.000
22.000 33.000 18.000
22.000 37.000 27.000
26.000 40.000 29.000
