74.000 79.000 63.000
10.000 16.000 20.000
16.000 18.000 12.000
13.000 18.000 10.000
16.000 17.000 13.000
20.000 15.000 11.000
18.000 14.000 12.000
13.000 14.000 12.000
21.000 11.000 16.000
5.000 15.000 11.000
9.000 8.000 9.000
20.000 17.000 8.000
11.000 8.000 14.000
16.000 18.000 7.000
11.000 13.000 10.000
12.000 11.000 10.000
9.000 14.000 7.000
12.000 9.000 6.000
9.000 12.000 3.000
8.000 11.000 12.000
12.000 17.000 9.000
12.000 7.000 6.000
12.000 11.000 12.000
15.000 11.000 6.000
7.000 10.000 14.000
12.000 8.000 9.000
12.000 9.000 10.000
14.000 12.000 6.000
8.000 6.000 7.000
11.000 13.000 7.000
14.000 5.000 14.000
12.000 8.000 6.000
13.000 2.000 13.000
17.000 5.000 13.000
10.000 4.000 10.000
17.000 8.000 15.000
14.000 5.000 16.000
11.000 11.000 11.000
13.000 5.000 22.000
16.000 2.000 11.000
7.000 10.000 10.000
17.000 5.000 14.000
19.000 7.000 11.000
13.000 12.000 8.000
10.000 7.000 8.000
14.000 13.000 11.000
9.000 7.000 14.000
18.000 13.000 11.000
14.000 12.000 11.000
19.000 17.000 8.000
12.000 21.000 15.000
18.000 19.000 16.000
17.000 23.000 15.000
20.000 23.000 15.000
16.000 39.000 20.000
17.000 32.000 16.000
13.000 29.000 27.000
17.000 34.000 20.000
