81.000 70.000 64.000
11.000 32.000 35.000
31.000 21.000 20.000
9.000 16.000 20.000
23.000 25.000 20.000
16.000 13.000 24.000
14.000 18.000 20.000
16.000 21.000 16.000
15.000 10.000 12.000
11.000 10.000 9.000
12.000 12.000 11.000
11.000 6.000 9.000
10.000 10.000 8.000
9.000 9.000 12.000
8.000 14.000 14.000
14.000 14.000 9.000
8.000 10.000 14.000
9.000 13.000 9.000
5.000 6.000 7.000
5.000 6.000 5.000
10.000 7.000 4.000
6.000 6.000 3.000
2.000 3.000 4.000
9.000 3.000 1.000
5.000 3.000 3.000
6.000 7.000 6.000
7.000 4.000 3.000
4.000 3.000 7.000
7.000 9.000 4.000
5.000 3.000 3.000
2.000 4.000 4.000
2.000 0.000 3.000
3.000 1.000 5.000
1.000 2.000 2.000
3.000 1.000 5.000
3.000 1.000 0.000
1.000 1.000 2.000
5.000 2.000 4.000
1.000 0.000 1.000
2.000 0.000 0.000
2.000 0.000 4.000
4.000 3.000 0.000
4.000 2.000 1.000
4.000 2.000 3.000
5.000 2.000 1.000
5.000 3.000 2.000
8.000 2.000 1.000
6.000 2.000 2.000
3.000 3.000 2.000
7.000 0.000 4.000
13.000 4.000 5.000
15.000 13.000 9.000
19.000 3.000 6.000
35.000 10.000 20.000
27.000 25.000 25.000
34.000 40.000 34.000
42.000 54.000 50.000
60.000 78.000 85.000
