84.000 57.000 82.000
21.000 34.000 36.000
21.000 27.000 19.000
18.000 24.000 20.000
31.000 27.000 21.000
19.000 23.000 21.000
15.000 19.000 15.000
17.000 16.000 21.000
9.000 17.000 16.000
11.000 9.000 12.000
14.000 6.000 10.000
17.000 20.000 10.000
15.000 18.000 15.000
20.000 15.000 16.000
13.000 20.000 20.000
19.000 15.000 18.000
8.000 17.000 11.000
9.000 10.000 10.000
13.000 10.000 9.000
7.000 7.000 6.000
7.000 4.000 3.000
9.000 3.000 9.000
4.000 7.000 2.000
10.000 8.000 6.000
8.000 3.000 7.000
2.000 6.000 11.000
6.000 7.000 7.000
11.000 8.000 8.000
10.000 3.000 5.000
6.000 10.000 7.000
8.000 8.000 4.000
7.000 4.000 8.000
6.000 6.000 8.000
5.000 3.000 4.000
2.000 2.000 2.000
7.000 3.000 7.000
4.000 2.000 5.000
1.000 4.000 8.000
3.000 1.000 6.000
3.000 7.000 4.000
8.000 6.000 3.000
5.000 0.000 4.000
2.000 4.000 1.000
2.000 2.000 4.000
6.000 5.000 2.000
9.000 5.000 2.000
11.000 2.000 4.000
6.000 5.000 1.000
7.000 4.000 0.000
10.000 5.000 3.000
23.000 8.000 11.000
18.000 7.000 18.000
13.000 9.000 13.000
25.000 17.000 18.000
33.000 19.000 26.000
38.000 23.000 33.000
25.000 48.000 37.000
30.000 57.000 46.000
