109.000 58.000 73.000
12.000 26.000 23.000
12.000 24.000 9.000
17.000 23.000 24.000
21.000 25.000 14.000
20.000 17.000 17.000
14.000 25.000 23.000
15.000 14.000 28.000
20.000 17.000 13.000
6.000 16.000 15.000
7.000 17.000 18.000
14.000 9.000 10.000
13.000 17.000 19.000
14.000 14.000 18.000
15.000 17.000 13.000
11.000 13.000 7.000
11.000 10.000 11.000
6.000 13.000 5.000
13.000 6.000 8.000
4.000 7.000 9.000
15.000 8.000 1.000
7.000 6.000 10.000
5.000 6.000 9.000
7.000 7.000 3.000
7.000 8.000 9.000
7.000 9.000 7.000
11.000 6.000 7.000
9.000 9.000 7.000
4.000 13.000 7.000
12.000 8.000 8.000
6.000 9.000 11.000
12.000 5.000 7.000
11.000 3.000 13.000
10.000 1.000 10.000
4.000 4.000 5.000
5.000 2.000 5.000
7.000 2.000 6.000
6.000 3.000 3.000
10.000 4.000 12.000
7.000 5.000 6.000
5.000 0.000 10.000
5.000 6.000 7.000
6.000 4.000 2.000
7.000 4.000 6.000
10.000 4.000 2.000
12.000 8.000 3.000
9.000 7.000 2.000
9.000 4.000 5.000
11.000 7.000 6.000
11.000 9.000 8.000
15.000 7.000 13.000
17.000 8.000 8.000
16.000 10.000 15.000
21.000 31.000 20.000
28.000 21.000 24.000
31.000 18.000 29.000
25.000 42.000 43.000
26.000 57.000 39.000
