64.000 71.000 85.000
10.000 29.000 31.000
11.000 23.000 18.000
8.000 13.000 21.000
22.000 15.000 17.000
18.000 25.000 17.000
17.000 15.000 20.000
20.000 19.000 13.000
15.000 19.000 12.000
16.000 17.000 17.000
8.000 13.000 22.000
17.000 14.000 14.000
18.000 15.000 17.000
15.000 17.000 14.000
12.000 16.000 18.000
14.000 20.000 12.000
17.000 22.000 5.000
17.000 15.000 14.000
11.000 13.000 10.000
17.000 7.000 8.000
9.000 11.000 3.000
11.000 7.000 9.000
7.000 8.000 7.000
10.000 4.000 7.000
13.000 12.000 6.000
13.000 9.000 14.000
10.000 4.000 10.000
13.000 11.000 6.000
11.000 9.000 16.000
8.000 11.000 11.000
7.000 6.000 9.000
18.000 7.000 11.000
5.000 9.000 12.000
12.000 5.000 4.000
13.000 4.000 12.000
9.000 4.000 12.000
6.000 3.000 11.000
5.000 4.000 10.000
8.000 3.000 13.000
3.000 10.000 11.000
9.000 8.000 10.000
12.000 6.000 9.000
13.000 7.000 5.000
12.000 5.000 9.000
15.000 4.000 7.000
4.000 11.000 3.000
11.000 8.000 4.000
13.000 11.000 4.000
11.000 9.000 7.000
12.000 7.000 3.000
13.000 6.000 10.000
8.000 18.000 17.000
15.000 15.000 16.000
16.000 26.000 19.000
12.000 29.000 23.000
22.000 25.000 28.000
22.000 29.000 32.000
26.000 54.000 38.000
