73.000 72.000 67.000
11.000 19.000 27.000
27.000 22.000 12.000
6.000 23.000 27.000
22.000 14.000 15.000
20.000 26.000 23.000
20.000 20.000 15.000
17.000 18.000 15.000
5.000 9.000 12.000
16.000 13.000 16.000
17.000 7.000 12.000
13.000 19.000 14.000
13.000 19.000 7.000
18.000 11.000 14.000
15.000 17.000 17.000
14.000 19.000 19.000
14.000 16.000 14.000
6.000 13.000 16.000
7.000 11.000 11.000
12.000 6.000 10.000
9.000 1.000 5.000
6.000 6.000 7.000
9.000 6.000 5.000
12.000 6.000 4.000
8.000 6.000 5.000
4.000 6.000 4.000
7.000 8.000 8.000
10.000 4.000 7.000
9.000 8.000 6.000
6.000 6.000 9.000
6.000 10.000 7.000
8.000 3.000 6.000
6.000 4.000 7.000
9.000 5.000 6.000
5.000 4.000 9.000
2.000 4.000 4.000
6.000 3.000 6.000
3.000 1.000 2.000
5.000 4.000 5.000
11.000 2.000 2.000
4.000 2.000 4.000
8.000 5.000 1.000
6.000 2.000 8.000
9.000 1.000 3.000
6.000 1.000 0.000
6.000 4.000 2.000
3.000 1.000 1.000
5.000 7.000 2.000
4.000 2.000 5.000
5.000 6.000 5.000
6.000 6.000 5.000
17.000 5.000 9.000
12.000 7.000 16.000
19.000 17.000 14.000
26.000 22.000 28.000
23.000 32.000 25.000
45.000 54.000 45.000
34.000 84.000 56.000
