85.000 65.000 73.000
11.000 35.000 32.000
26.000 31.000 16.000
11.000 30.000 22.000
21.000 17.000 23.000
22.000 14.000 20.000
18.000 18.000 21.000
22.000 14.000 18.000
12.000 11.000 15.000
12.000 13.000 14.000
15.000 11.000 8.000
21.000 14.000 13.000
14.000 19.000 15.000
9.000 21.000 10.000
11.000 10.000 21.000
10.000 13.000 14.000
9.000 16.000 14.000
12.000 12.000 12.000
8.000 13.000 14.000
10.000 10.000 6.000
8.000 7.000 6.000
13.000 6.000 3.000
11.000 2.000 3.000
10.000 6.000 9.000
9.000 11.000 6.000
3.000 5.000 6.000
11.000 9.000 9.000
3.000 11.000 10.000
7.000 5.000 14.000
10.000 9.000 7.000
8.000 4.000 7.000
10.000 9.000 5.000
6.000 8.000 4.000
4.000 2.000 6.000
5.000 4.000 5.000
3.000 1.000 3.000
6.000 2.000 4.000
3.000 4.000 3.000
4.000 4.000 6.000
5.000 0.000 3.000
5.000 2.000 2.000
6.000 1.000 2.000
10.000 3.000 2.000
8.000 1.000 1.000
5.000 1.000 5.000
9.000 7.000 3.000
9.000 1.000 4.000
11.000 1.000 2.000
7.000 2.000 3.000
5.000 5.000 6.000
13.000 4.000 3.000
16.000 5.000 7.000
20.000 12.000 11.000
29.000 22.000 24.000
30.000 21.000 30.000
33.000 38.000 38.000
34.000 37.000 46.000
27.000 61.000 50.000
