51.000 64.000 75.000
3.000 19.000 12.000
14.000 23.000 10.000
5.000 24.000 8.000
10.000 13.000 9.000
7.000 17.000 11.000
7.000 16.000 19.000
16.000 18.000 12.000
6.000 8.000 12.000
7.000 8.000 9.000
12.000 12.000 13.000
11.000 14.000 15.000
5.000 10.000 11.000
6.000 12.000 12.000
12.000 15.000 2.000
10.000 13.000 9.000
17.000 13.000 14.000
11.000 11.000 13.000
12.000 17.000 5.000
9.000 9.000 6.000
7.000 19.000 9.000
15.000 10.000 9.000
12.000 8.000 8.000
11.000 7.000 12.000
14.000 8.000 11.000
21.000 12.000 15.000
19.000 9.000 13.000
12.000 13.000 8.000
16.000 10.000 14.000
10.000 10.000 22.000
11.000 5.000 14.000
11.000 4.000 17.000
18.000 6.000 14.000
7.000 9.000 17.000
10.000 3.000 15.000
15.000 5.000 19.000
21.000 6.000 17.000
9.000 11.000 15.000
13.000 9.000 12.000
10.000 11.000 9.000
12.000 10.000 18.000
11.000 11.000 5.000
15.000 11.000 8.000
15.000 14.000 8.000
16.000 11.000 10.000
13.000 17.000 13.000
13.000 7.000 14.000
22.000 8.000 12.000
16.000 19.000 7.000
11.000 11.000 10.000
8.000 13.000 12.000
7.000 17.000 22.000
17.000 17.000 21.000
18.000 24.000 17.000
18.000 14.000 15.000
16.000 24.000 26.000
21.000 28.000 36.000
8.000 39.000 27.000
