84.000 67.000 93.000
8.000 33.000 31.000
15.000 23.000 16.000
11.000 15.000 14.000
18.000 28.000 17.000
13.000 23.000 18.000
12.000 11.000 21.000
15.000 13.000 16.000
7.000 16.000 14.000
11.000 24.000 11.000
13.000 7.000 9.000
14.000 10.000 9.000
11.000 10.000 6.000
14.000 12.000 18.000
17.000 11.000 12.000
10.000 12.000 10.000
12.000 12.000 11.000
8.000 15.000 11.000
7.000 9.000 6.000
4.000 8.000 6.000
12.000 9.000 9.000
9.000 5.000 3.000
11.000 7.000 7.000
15.000 9.000 3.000
14.000 8.000 7.000
10.000 9.000 7.000
12.000 9.000 6.000
6.000 10.000 14.000
12.000 12.000 8.000
10.000 10.000 9.000
10.000 8.000 13.000
12.000 8.000 10.000
4.000 4.000 11.000
17.000 4.000 8.000
7.000 4.000 7.000
7.000 3.000 10.000
8.000 2.000 6.000
10.000 4.000 7.000
8.000 5.000 12.000
5.000 6.000 11.000
7.000 3.000 4.000
7.000 5.000 6.000
10.000 4.000 8.000
11.000 7.000 5.000
9.000 12.000 6.000
13.000 5.000 7.000
8.000 6.000 5.000
12.000 10.000 3.000
9.000 1.000 8.000
15.000 10.000 9.000
11.000 5.000 9.000
19.000 21.000 15.000
22.000 17.000 15.000
18.000 16.000 21.000
29.000 33.000 33.000
12.000 32.000 35.000
30.000 40.000 38.000
16.000 51.000 34.000
