75.000 77.000 80.000
11.000 14.000 16.000
15.000 22.000 6.000
10.000 13.000 15.000
22.000 16.000 15.000
16.000 15.000 12.000
8.000 14.000 13.000
14.000 17.000 15.000
7.000 9.000 20.000
13.000 9.000 12.000
12.000 8.000 10.000
10.000 9.000 14.000
15.000 11.000 12.000
7.000 11.000 6.000
6.000 8.000 8.000
7.000 20.000 6.000
10.000 17.000 10.000
13.000 10.000 9.000
20.000 5.000 10.000
14.000 8.000 5.000
13.000 11.000 4.000
9.000 9.000 4.000
9.000 9.000 4.000
8.000 10.000 8.000
10.000 8.000 6.000
9.000 9.000 7.000
14.000 15.000 5.000
4.000 9.000 6.000
10.000 12.000 10.000
12.000 6.000 12.000
7.000 7.000 7.000
10.000 5.000 13.000
9.000 14.000 18.000
15.000 5.000 9.000
11.000 3.000 20.000
16.000 4.000 9.000
12.000 6.000 16.000
10.000 4.000 15.000
12.000 6.000 13.000
8.000 3.000 14.000
12.000 9.000 5.000
12.000 9.000 7.000
18.000 7.000 10.000
9.000 13.000 9.000
16.000 12.000 12.000
22.000 10.000 8.000
12.000 8.000 9.000
16.000 9.000 9.000
10.000 10.000 2.000
9.000 10.000 6.000
8.000 14.000 17.000
13.000 5.000 15.000
11.000 18.000 17.000
16.000 34.000 21.000
14.000 22.000 24.000
28.000 43.000 18.000
27.000 39.000 30.000
23.000 39.000 31.000
