87.000 87.000 74.000
7.000 27.000 14.000
18.000 24.000 15.000
6.000 16.000 15.000
19.000 20.000 20.000
9.000 20.000 15.000
9.000 18.000 17.000
19.000 14.000 20.000
18.000 12.000 14.000
9.000 16.000 13.000
13.000 13.000 13.000
19.000 16.000 13.000
10.000 14.000 12.000
9.000 14.000 8.000
10.000 11.000 8.000
12.000 20.000 8.000
16.000 9.000 8.000
18.000 11.000 12.000
12.000 20.000 9.000
8.000 16.000 11.000
9.000 12.000 10.000
17.000 8.000 11.000
11.000 6.000 11.000
11.000 10.000 8.000
9.000 11.000 9.000
11.000 4.000 10.000
14.000 4.000 6.000
13.000 9.000 10.000
16.000 4.000 11.000
9.000 7.000 12.000
13.000 8.000 13.000
9.000 6.000 15.000
14.000 4.000 14.000
13.000 8.000 18.000
11.000 7.000 11.000
10.000 8.000 20.000
14.000 6.000 9.000
20.000 8.000 11.000
14.000 3.000 17.000
8.000 9.000 15.000
12.000 10.000 12.000
16.000 13.000 14.000
7.000 15.000 11.000
15.000 8.000 5.000
9.000 10.000 5.000
12.000 11.000 11.000
13.000 11.000 9.000
12.000 12.000 13.000
12.000 9.000 7.000
16.000 15.000 7.000
12.000 17.000 4.000
14.000 19.000 18.000
17.000 16.000 22.000
17.000 18.000 18.000
26.000 22.000 11.000
16.000 26.000 16.000
21.000 35.000 23.000
18.000 23.000 20.000
