99.000 66.000 103.000
13.000 41.000 26.000
24.000 28.000 21.000
14.000 25.000 25.000
29.000 23.000 29.000
9.000 25.000 17.000
15.000 28.000 16.000
23.000 8.000 15.000
7.000 11.000 7.000
17.000 13.000 11.000
10.000 17.000 18.000
13.000 18.000 16.000
17.000 11.000 15.000
13.000 19.000 10.000
12.000 13.000 15.000
9.000 17.000 13.000
12.000 16.000 14.000
10.000 7.000 4.000
14.000 7.000 6.000
7.000 1.000 6.000
13.000 4.000 6.000
9.000 6.000 7.000
5.000 5.000 5.000
10.000 1.000 5.000
5.000 8.000 5.000
7.000 3.000 4.000
9.000 7.000 6.000
6.000 12.000 11.000
10.000 8.000 8.000
3.000 8.000 5.000
5.000 0.000 4.000
6.000 2.000 1.000
6.000 3.000 3.000
6.000 2.000 1.000
7.000 3.000 4.000
11.000 1.000 5.000
7.000 0.000 7.000
3.000 1.000 9.000
8.000 1.000 8.000
10.000 2.000 1.000
4.000 3.000 2.000
4.000 2.000 6.000
5.000 5.000 4.000
9.000 3.000 1.000
2.000 5.000 5.000
13.000 6.000 5.000
5.000 7.000 2.000
8.000 5.000 5.000
12.000 3.000 6.000
18.000 7.000 3.000
10.000 5.000 6.000
11.000 8.000 11.000
13.000 8.000 16.000
21.000 22.000 25.000
22.000 30.000 20.000
29.000 35.000 43.000
33.000 48.000 35.000
29.000 55.000 52.000
