62.000 29.000 67.000
7.000 18.000 14.000
18.000 14.000 12.000
3.000 13.000 16.000
10.000 15.000 11.000
11.000 9.000 4.000
7.000 13.000 10.000
9.000 5.000 10.000
7.000 13.000 6.000
6.000 10.000 6.000
5.000 12.000 8.000
12.000 6.000 3.000
10.000 5.000 4.000
2.000 7.000 7.000
7.000 15.000 4.000
4.000 5.000 7.000
5.000 9.000 10.000
8.000 5.000 6.000
4.000 6.000 5.000
6.000 3.000 9.000
15.000 6.000 8.000
5.000 8.000 8.000
10.000 6.000 5.000
13.000 4.000 6.000
8.000 8.000 8.000
17.000 10.000 9.000
6.000 5.000 8.000
8.000 4.000 9.000
10.000 9.000 7.000
8.000 8.000 13.000
8.000 7.000 13.000
7.000 7.000 16.000
10.000 11.000 13.000
15.000 6.000 14.000
6.000 6.000 12.000
16.000 3.000 10.000
10.000 4.000 12.000
24.000 2.000 4.000
12.000 8.000 11.000
11.000 7.000 16.000
19.000 5.000 12.000
17.000 9.000 10.000
14.000 5.000 12.000
16.000 15.000 10.000
19.000 13.000 10.000
18.000 9.000 14.000
13.000 25.000 21.000
21.000 14.000 16.000
29.000 9.000 12.000
18.000 15.000 19.000
21.000 18.000 18.000
24.000 23.000 16.000
20.000 17.000 21.000
32.000 28.000 28.000
17.000 26.000 26.000
27.000 35.000 31.000
28.000 45.000 31.000
20.000 43.000 42.000
