80.000 65.000 75.000
9.000 27.000 18.000
26.000 24.000 12.000
22.000 20.000 20.000
15.000 19.000 21.000
18.000 12.000 10.000
14.000 16.000 23.000
15.000 16.000 13.000
9.000 5.000 12.000
15.000 10.000 10.000
5.000 10.000 7.000
4.000 10.000 14.000
7.000 14.000 10.000
4.000 5.000 1.000
14.000 8.000 4.000
8.000 4.000 10.000
6.000 10.000 6.000
3.000 6.000 4.000
6.000 5.000 3.000
12.000 5.000 3.000
10.000 6.000 4.000
6.000 9.000 10.000
12.000 3.000 5.000
5.000 8.000 8.000
5.000 6.000 7.000
7.000 5.000 7.000
8.000 7.000 12.000
15.000 9.000 11.000
8.000 11.000 9.000
11.000 7.000 9.000
9.000 10.000 12.000
4.000 7.000 9.000
7.000 3.000 11.000
7.000 5.000 6.000
4.000 6.000 11.000
8.000 0.000 9.000
6.000 2.000 9.000
12.000 1.000 7.000
4.000 5.000 6.000
7.000 8.000 6.000
7.000 7.000 4.000
17.000 3.000 9.000
12.000 5.000 7.000
2.000 3.000 6.000
11.000 6.000 6.000
17.000 9.000 5.000
13.000 7.000 7.000
17.000 9.000 7.000
18.000 3.000 6.000
17.000 12.000 10.000
19.000 9.000 16.000
18.000 15.000 14.000
30.000 19.000 20.000
19.000 21.000 13.000
28.000 29.000 27.000
30.000 39.000 33.000
35.000 34.000 34.000
24.000 54.000 44.000
