121.000 83.000 98.000
16.000 35.000 19.000
26.000 29.000 13.000
21.000 22.000 25.000
20.000 27.000 20.000
22.000 23.000 20.000
18.000 16.000 19.000
15.000 15.000 14.000
9.000 21.000 15.000
15.000 9.000 12.000
5.000 14.000 12.000
14.000 10.000 13.000
21.000 14.000 18.000
16.000 17.000 14.000
14.000 10.000 12.000
10.000 14.000 6.000
9.000 8.000 10.000
13.000 12.000 7.000
13.000 7.000 9.000
12.000 8.000 7.000
8.000 6.000 6.000
5.000 13.000 6.000
9.000 14.000 5.000
11.000 8.000 11.000
9.000 16.000 9.000
16.000 4.000 10.000
4.000 10.000 7.000
9.000 10.000 12.000
11.000 9.000 8.000
3.000 16.000 11.000
8.000 4.000 12.000
8.000 8.000 14.000
14.000 5.000 9.000
15.000 5.000 10.000
13.000 4.000 15.000
7.000 2.000 6.000
12.000 0.000 9.000
6.000 3.000 9.000
10.000 1.000 11.000
9.000 10.000 9.000
8.000 4.000 7.000
11.000 6.000 10.000
16.000 7.000 11.000
8.000 6.000 12.000
7.000 9.000 9.000
16.000 10.000 6.000
9.000 8.000 9.000
14.000 14.000 7.000
14.000 17.000 4.000
9.000 10.000 8.000
15.000 8.000 10.000
22.000 10.000 16.000
15.000 8.000 12.000
21.000 22.000 16.000
19.000 24.000 20.000
20.000 29.000 21.000
22.000 37.000 20.000
20.000 39.000 31.000
