93.000 76.000 78.000
22.000 52.000 48.000
41.000 33.000 28.000
10.000 25.000 31.000
18.000 20.000 13.000
20.000 18.000 21.000
16.000 15.000 18.000
13.000 16.000 12.000
16.000 15.000 15.000
19.000 18.000 17.000
5.000 5.000 7.000
10.000 11.000 13.000
12.000 6.000 13.000
13.000 16.000 15.000
17.000 12.000 10.000
6.000 5.000 2.000
9.000 12.000 14.000
5.000 6.000 8.000
7.000 2.000 1.000
4.000 7.000 2.000
0.000 3.000 5.000
7.000 4.000 5.000
5.000 3.000 4.000
6.000 6.000 6.000
3.000 3.000 2.000
9.000 3.000 4.000
6.000 5.000 4.000
7.000 7.000 4.000
7.000 5.000 7.000
2.000 2.000 3.000
4.000 1.000 1.000
1.000 1.000 2.000
1.000 2.000 0.000
2.000 0.000 1.000
2.000 2.000 4.000
2.000 1.000 1.000
0.000 1.000 0.000
1.000 0.000 2.000
2.000 1.000 1.000
1.000 2.000 0.000
0.000 0.000 0.000
1.000 0.000 0.000
0.000 0.000 1.000
4.000 1.000 0.000
4.000 0.000 0.000
5.000 0.000 0.000
4.000 0.000 1.000
1.000 2.000 1.000
3.000 1.000 1.000
11.000 1.000 0.000
7.000 0.000 1.000
16.000 2.000 6.000
11.000 7.000 6.000
15.000 12.000 9.000
27.000 27.000 28.000
34.000 22.000 28.000
57.000 57.000 61.000
68.000 89.000 92.000
