91.000 79.000 53.000
17.000 21.000 28.000
20.000 29.000 11.000
23.000 24.000 30.000
20.000 15.000 29.000
24.000 19.000 16.000
14.000 20.000 41.000
22.000 20.000 16.000
20.000 18.000 14.000
23.000 21.000 18.000
6.000 19.000 10.000
16.000 10.000 18.000
9.000 7.000 15.000
6.000 11.000 13.000
14.000 10.000 16.000
10.000 13.000 11.000
8.000 11.000 12.000
7.000 12.000 6.000
6.000 13.000 6.000
8.000 5.000 3.000
7.000 8.000 3.000
7.000 6.000 4.000
8.000 3.000 2.000
5.000 6.000 2.000
6.000 7.000 11.000
10.000 5.000 2.000
5.000 6.000 5.000
7.000 9.000 8.000
6.000 8.000 7.000
7.000 6.000 10.000
11.000 8.000 6.000
4.000 5.000 8.000
9.000 2.000 7.000
6.000 2.000 5.000
7.000 1.000 3.000
6.000 1.000 10.000
2.000 3.000 14.000
3.000 1.000 7.000
2.000 3.000 5.000
10.000 2.000 8.000
11.000 1.000 8.000
4.000 8.000 4.000
8.000 7.000 3.000
11.000 7.000 5.000
10.000 4.000 4.000
4.000 5.000 3.000
8.000 7.000 3.000
8.000 4.000 4.000
12.000 5.000 6.000
13.000 5.000 5.000
16.000 12.000 3.000
16.000 8.000 11.000
12.000 16.000 11.000
21.000 19.000 22.000
22.000 23.000 19.000
24.000 43.000 25.000
44.000 46.000 48.000
32.000 56.000 49.000
