76.000 68.000 86.000
10.000 39.000 28.000
30.000 26.000 26.000
11.000 18.000 25.000
21.000 19.000 15.000
17.000 22.000 16.000
17.000 18.000 25.000
15.000 17.000 23.000
6.000 15.000 15.000
18.000 10.000 15.000
10.000 6.000 10.000
10.000 15.000 10.000
12.000 13.000 7.000
8.000 16.000 10.000
10.000 7.000 11.000
7.000 9.000 8.000
9.000 13.000 6.000
5.000 7.000 6.000
6.000 1.000 1.000
10.000 5.000 6.000
12.000 3.000 5.000
7.000 4.000 7.000
7.000 7.000 2.000
4.000 3.000 5.000
5.000 5.000 6.000
4.000 11.000 8.000
9.000 6.000 10.000
9.000 8.000 6.000
9.000 6.000 10.000
10.000 8.000 8.000
12.000 8.000 9.000
10.000 8.000 6.000
7.000 2.000 6.000
7.000 3.000 3.000
6.000 3.000 7.000
9.000 1.000 7.000
4.000 2.000 9.000
5.000 3.000 5.000
7.000 6.000 2.000
8.000 3.000 7.000
2.000 5.000 9.000
7.000 2.000 3.000
9.000 6.000 5.000
11.000 7.000 4.000
7.000 6.000 3.000
5.000 6.000 2.000
6.000 5.000 2.000
7.000 6.000 3.000
11.000 8.000 5.000
16.000 5.000 6.000
6.000 1.000 7.000
15.000 7.000 13.000
18.000 12.000 21.000
22.000 14.000 23.000
29.000 22.000 27.000
27.000 25.000 36.000
29.000 43.000 41.000
35.000 67.000 59.000
