62.000 57.000 73.000
11.000 13.000 15.000
11.000 25.000 14.000
10.000 19.000 20.000
24.000 16.000 17.000
14.000 19.000 21.000
9.000 21.000 23.000
14.000 15.000 15.000
12.000 13.000 9.000
8.000 10.000 10.000
9.000 10.000 12.000
7.000 13.000 10.000
14.000 15.000 12.000
12.000 10.000 12.000
12.000 13.000 9.000
7.000 14.000 13.000
9.000 15.000 16.000
5.000 9.000 5.000
9.000 5.000 10.000
13.000 8.000 13.000
6.000 9.000 13.000
4.000 9.000 5.000
7.000 11.000 6.000
11.000 7.000 6.000
7.000 10.000 7.000
12.000 10.000 7.000
13.000 8.000 9.000
10.000 6.000 7.000
5.000 4.000 9.000
8.000 2.000 7.000
14.000 4.000 9.000
11.000 8.000 15.000
11.000 1.000 16.000
7.000 1.000 8.000
9.000 2.000 11.000
8.000 3.000 12.000
7.000 8.000 15.000
16.000 6.000 11.000
11.000 5.000 9.000
9.000 3.000 5.000
14.000 4.000 11.000
7.000 9.000 13.000
12.000 11.000 7.000
25.000 14.000 12.000
13.000 9.000 8.000
18.000 10.000 11.000
25.000 15.000 9.000
18.000 11.000 12.000
15.000 13.000 13.000
12.000 14.000 15.000
18.000 19.000 13.000
25.000 23.000 17.000
20.000 22.000 11.000
27.000 22.000 16.000
20.000 31.000 20.000
27.000 30.000 31.000
17.000 45.000 26.000
14.000 43.000 25.000
