54.000 61.000 55.000
4.000 9.000 11.000
14.000 21.000 9.000
7.000 17.000 12.000
11.000 10.000 14.000
12.000 11.000 16.000
6.000 10.000 10.000
7.000 12.000 13.000
10.000 12.000 10.000
6.000 11.000 7.000
6.000 13.000 11.000
5.000 12.000 10.000
5.000 6.000 11.000
5.000 3.000 10.000
14.000 6.000 9.000
13.000 10.000 9.000
12.000 12.000 9.000
9.000 9.000 10.000
17.000 6.000 6.000
8.000 10.000 5.000
9.000 12.000 8.000
8.000 8.000 13.000
11.000 15.000 3.000
12.000 11.000 5.000
4.000 15.000 5.000
12.000 7.000 6.000
12.000 10.000 7.000
9.000 10.000 10.000
10.000 11.000 7.000
12.000 11.000 9.000
17.000 8.000 11.000
10.000 6.000 7.000
11.000 7.000 10.000
18.000 6.000 6.000
11.000 8.000 16.000
15.000 2.000 15.000
15.000 2.000 19.000
14.000 8.000 9.000
8.000 7.000 10.000
20.000 10.000 23.000
12.000 7.000 18.000
19.000 7.000 22.000
22.000 10.000 12.000
13.000 7.000 14.000
11.000 5.000 6.000
11.000 11.000 17.000
10.000 18.000 9.000
16.000 14.000 12.000
19.000 21.000 11.000
17.000 17.000 14.000
16.000 25.000 13.000
17.000 17.000 17.000
19.000 16.000 14.000
12.000 33.000 29.000
21.000 20.000 29.000
22.000 34.000 33.000
17.000 40.000 25.000
22.000 37.000 34.000
