87.000 67.000 84.000
4.000 29.000 25.000
21.000 25.000 14.000
13.000 19.000 12.000
14.000 17.000 17.000
19.000 18.000 14.000
11.000 9.000 19.000
10.000 19.000 12.000
6.000 14.000 18.000
9.000 12.000 6.000
10.000 6.000 9.000
10.000 6.000 9.000
11.000 9.000 7.000
6.000 10.000 10.000
4.000 8.000 7.000
12.000 4.000 5.000
4.000 4.000 3.000
4.000 10.000 5.000
9.000 6.000 4.000
5.000 7.000 3.000
6.000 5.000 4.000
3.000 4.000 4.000
10.000 7.000 2.000
10.000 3.000 2.000
4.000 7.000 5.000
8.000 8.000 2.000
7.000 4.000 1.000
3.000 16.000 9.000
5.000 2.000 8.000
6.000 5.000 11.000
6.000 9.000 16.000
8.000 4.000 6.000
10.000 1.000 6.000
7.000 2.000 14.000
7.000 0.000 2.000
5.000 3.000 8.000
6.000 5.000 9.000
8.000 5.000 10.000
11.000 7.000 5.000
7.000 3.000 9.000
8.000 1.000 7.000
5.000 5.000 11.000
6.000 6.000 6.000
8.000 6.000 2.000
13.000 9.000 5.000
3.000 7.000 2.000
12.000 8.000 5.000
6.000 3.000 12.000
8.000 5.000 3.000
14.000 5.000 9.000
17.000 11.000 9.000
21.000 8.000 12.000
20.000 15.000 20.000
25.000 22.000 24.000
26.000 35.000 40.000
34.000 36.000 32.000
23.000 47.000 33.000
37.000 69.000 50.000
