56.000 63.000 61.000
12.000 18.000 24.000
16.000 15.000 18.000
12.000 16.000 7.000
16.000 22.000 12.000
21.000 17.000 10.000
8.000 14.000 15.000
12.000 13.000 18.000
10.000 7.000 11.000
12.000 3.000 6.000
10.000 4.000 8.000
6.000 3.000 7.000
5.000 9.000 11.000
15.000 13.000 5.000
10.000 14.000 12.000
6.000 6.000 5.000
8.000 7.000 7.000
8.000 6.000 7.000
6.000 7.000 4.000
7.000 3.000 3.000
9.000 4.000 1.000
3.000 6.000 6.000
5.000 3.000 7.000
2.000 7.000 9.000
5.000 7.000 6.000
4.000 9.000 4.000
7.000 8.000 8.000
3.000 4.000 8.000
9.000 9.000 4.000
7.000 5.000 5.000
4.000 6.000 6.000
9.000 1.000 6.000
3.000 4.000 6.000
4.000 2.000 8.000
5.000 1.000 5.000
2.000 2.000 6.000
7.000 1.000 3.000
6.000 5.000 10.000
2.000 2.000 9.000
9.000 2.000 7.000
5.000 4.000 4.000
3.000 5.000 6.000
2.000 2.000 2.000
5.000 2.000 4.000
3.000 2.000 1.000
3.000 4.000 2.000
7.000 3.000 3.000
11.000 3.000 3.000
13.000 5.000 6.000
8.000 7.000 6.000
6.000 8.000 8.000
19.000 8.000 9.000
13.000 10.000 26.000
22.000 16.000 19.000
31.000 30.000 39.000
40.000 36.000 48.000
42.000 53.000 50.000
49.000 71.000 57.000
