97.000 84.000 88.000
12.000 26.000 21.000
17.000 28.000 10.000
12.000 28.000 31.000
13.000 20.000 23.000
23.000 23.000 11.000
19.000 24.000 16.000
7.000 22.000 22.000
11.000 25.000 23.000
22.000 22.000 21.000
17.000 13.000 13.000
30.000 18.000 12.000
19.000 13.000 15.000
17.000 22.000 13.000
13.000 21.000 19.000
7.000 21.000 18.000
17.000 9.000 10.000
14.000 18.000 14.000
21.000 12.000 7.000
12.000 9.000 10.000
13.000 4.000 10.000
14.000 12.000 5.000
12.000 9.000 13.000
12.000 6.000 5.000
8.000 6.000 3.000
12.000 7.000 8.000
16.000 6.000 10.000
8.000 6.000 12.000
13.000 10.000 9.000
10.000 5.000 13.000
13.000 7.000 7.000
6.000 5.000 13.000
10.000 4.000 11.000
6.000 8.000 9.000
7.000 1.000 15.000
8.000 1.000 12.000
6.000 3.000 9.000
12.000 5.000 9.000
11.000 3.000 9.000
10.000 10.000 9.000
7.000 6.000 2.000
7.000 6.000 5.000
9.000 6.000 8.000
5.000 12.000 15.000
13.000 8.000 10.000
8.000 11.000 4.000
16.000 8.000 3.000
14.000 7.000 2.000
12.000 8.000 2.000
16.000 13.000 9.000
11.000 5.000 10.000
12.000 4.000 14.000
20.000 15.000 8.000
12.000 15.000 15.000
19.000 22.000 17.000
20.000 24.000 22.000
18.000 26.000 18.000
14.000 44.000 23.000
