91.000 50.000 53.000
10.000 20.000 10.000
12.000 24.000 12.000
4.000 9.000 17.000
15.000 17.000 16.000
15.000 14.000 10.000
11.000 8.000 12.000
8.000 14.000 17.000
8.000 12.000 11.000
9.000 12.000 8.000
14.000 11.000 4.000
7.000 7.000 8.000
5.000 10.000 12.000
9.000 12.000 12.000
5.000 10.000 5.000
4.000 14.000 7.000
14.000 6.000 5.000
10.000 9.000 2.000
13.000 10.000 3.000
11.000 10.000 7.000
11.000 8.000 7.000
6.000 6.000 9.000
8.000 11.000 10.000
7.000 6.000 12.000
10.000 9.000 7.000
6.000 12.000 7.000
6.000 9.000 8.000
12.000 6.000 9.000
13.000 6.000 12.000
7.000 3.000 14.000
11.000 12.000 17.000
18.000 3.000 13.000
9.000 3.000 17.000
15.000 4.000 14.000
16.000 6.000 9.000
7.000 6.000 19.000
11.000 3.000 10.000
10.000 6.000 8.000
13.000 4.000 11.000
16.000 4.000 9.000
13.000 8.000 9.000
7.000 7.000 9.000
15.000 9.000 9.000
12.000 3.000 12.000
12.000 17.000 4.000
14.000 9.000 13.000
12.000 15.000 5.000
11.000 14.000 5.000
16.000 9.000 7.000
18.000 10.000 15.000
18.000 18.000 9.000
18.000 14.000 15.000
20.000 19.000 15.000
22.000 21.000 20.000
29.000 36.000 23.000
28.000 38.000 23.000
25.000 46.000 26.000
25.000 58.000 39.000
