104.000 108.000 51.000
12.000 38.000 24.000
20.000 19.000 13.000
20.000 24.000 23.000
10.000 13.000 20.000
18.000 16.000 17.000
13.000 23.000 10.000
7.000 16.000 26.000
15.000 19.000 18.000
16.000 11.000 14.000
14.000 11.000 13.000
7.000 9.000 12.000
15.000 14.000 13.000
14.000 16.000 13.000
11.000 9.000 10.000
10.000 15.000 5.000
7.000 17.000 8.000
11.000 14.000 12.000
6.000 11.000 8.000
11.000 13.000 2.000
9.000 10.000 4.000
15.000 12.000 4.000
11.000 5.000 4.000
13.000 5.000 10.000
16.000 8.000 8.000
7.000 8.000 6.000
6.000 9.000 3.000
12.000 6.000 9.000
7.000 7.000 10.000
4.000 8.000 8.000
13.000 5.000 8.000
12.000 6.000 11.000
7.000 5.000 9.000
11.000 7.000 10.000
7.000 5.000 8.000
6.000 5.000 12.000
10.000 4.000 21.000
14.000 4.000 16.000
12.000 9.000 13.000
8.000 4.000 12.000
14.000 3.000 11.000
12.000 3.000 8.000
14.000 5.000 12.000
9.000 8.000 7.000
13.000 4.000 7.000
9.000 12.000 11.000
12.000 10.000 8.000
15.000 6.000 10.000
9.000 6.000 7.000
10.000 16.000 9.000
12.000 11.000 11.000
8.000 13.000 11.000
22.000 22.000 18.000
14.000 19.000 18.000
21.000 29.000 12.000
18.000 28.000 20.000
18.000 36.000 28.000
16.000 33.000 28.000
