89.000 71.000 57.000
10.000 29.000 24.000
25.000 28.000 17.000
17.000 27.000 22.000
23.000 27.000 24.000
23.000 19.000 21.000
9.000 29.000 20.000
22.000 23.000 21.000
20.000 12.000 25.000
15.000 9.000 21.000
20.000 8.000 14.000
8.000 18.000 8.000
10.000 6.000 6.000
8.000 6.000 7.000
8.000 7.000 8.000
8.000 4.000 5.000
5.000 11.000 8.000
7.000 3.000 7.000
4.000 5.000 6.000
8.000 5.000 5.000
10.000 3.000 3.000
4.000 9.000 7.000
6.000 7.000 6.000
4.000 10.000 6.000
4.000 8.000 2.000
6.000 13.000 6.000
8.000 3.000 6.000
14.000 11.000 5.000
7.000 5.000 9.000
8.000 3.000 6.000
8.000 4.000 5.000
3.000 5.000 9.000
3.000 3.000 6.000
4.000 5.000 13.000
3.000 2.000 10.000
11.000 1.000 7.000
6.000 6.000 5.000
8.000 3.000 5.000
5.000 8.000 16.000
10.000 8.000 6.000
6.000 6.000 2.000
17.000 2.000 9.000
12.000 1.000 8.000
8.000 5.000 6.000
14.000 8.000 1.000
14.000 1.000 7.000
17.000 6.000 4.000
8.000 6.000 6.000
5.000 6.000 8.000
14.000 5.000 9.000
16.000 8.000 8.000
16.000 10.000 9.000
22.000 19.000 18.000
33.000 19.000 21.000
23.000 19.000 19.000
20.000 36.000 36.000
26.000 48.000 34.000
29.000 65.000 47.000
