117.000 62.000 77.000
10.000 17.000 25.000
25.000 27.000 14.000
13.000 22.000 27.000
17.000 27.000 27.000
15.000 24.000 21.000
19.000 25.000 18.000
20.000 10.000 22.000
10.000 24.000 15.000
19.000 22.000 14.000
10.000 9.000 12.000
9.000 17.000 8.000
6.000 8.000 12.000
6.000 6.000 7.000
6.000 5.000 5.000
8.000 9.000 10.000
7.000 4.000 7.000
10.000 7.000 2.000
4.000 6.000 4.000
10.000 7.000 2.000
10.000 4.000 2.000
1.000 4.000 3.000
3.000 7.000 2.000
6.000 11.000 2.000
10.000 5.000 3.000
6.000 4.000 4.000
5.000 5.000 6.000
5.000 5.000 5.000
7.000 4.000 8.000
6.000 4.000 5.000
5.000 5.000 13.000
8.000 5.000 6.000
4.000 5.000 9.000
1.000 2.000 6.000
10.000 2.000 11.000
5.000 3.000 4.000
5.000 0.000 5.000
9.000 2.000 3.000
9.000 3.000 7.000
10.000 3.000 6.000
14.000 4.000 4.000
8.000 3.000 6.000
15.000 4.000 4.000
17.000 4.000 5.000
9.000 2.000 5.000
9.000 6.000 2.000
9.000 4.000 2.000
15.000 11.000 9.000
21.000 9.000 7.000
15.000 4.000 10.000
20.000 11.000 7.000
19.000 15.000 16.000
24.000 13.000 23.000
29.000 24.000 24.000
17.000 37.000 29.000
34.000 30.000 37.000
26.000 51.000 43.000
19.000 59.000 39.000
