74.000 81.000 117.000
5.000 24.000 19.000
19.000 28.000 20.000
10.000 23.000 19.000
13.000 19.000 13.000
15.000 24.000 7.000
9.000 22.000 15.000
20.000 28.000 22.000
11.000 23.000 21.000
13.000 21.000 12.000
14.000 23.000 14.000
16.000 19.000 12.000
18.000 10.000 14.000
14.000 19.000 15.000
23.000 18.000 12.000
12.000 14.000 12.000
10.000 11.000 13.000
20.000 10.000 12.000
18.000 24.000 14.000
13.000 16.000 11.000
16.000 20.000 7.000
12.000 11.000 14.000
12.000 10.000 11.000
11.000 10.000 12.000
19.000 10.000 14.000
17.000 8.000 10.000
16.000 8.000 9.000
11.000 12.000 16.000
14.000 8.000 18.000
13.000 3.000 15.000
13.000 8.000 14.000
16.000 5.000 16.000
18.000 5.000 19.000
15.000 7.000 9.000
17.000 8.000 19.000
9.000 7.000 15.000
15.000 12.000 10.000
16.000 9.000 16.000
20.000 13.000 16.000
15.000 9.000 15.000
16.000 7.000 17.000
6.000 16.000 2.000
11.000 8.000 6.000
14.000 15.000 13.000
13.000 10.000 7.000
9.000 5.000 7.000
14.000 15.000 7.000
10.000 10.000 4.000
6.000 8.000 11.000
10.000 12.000 8.000
14.000 10.000 14.000
8.000 10.000 12.000
11.000 9.000 10.000
6.000 15.000 12.000
15.000 16.000 13.000
10.000 22.000 7.000
13.000 25.000 20.000
17.000 24.000 19.000
