93.000 93.000 93.000
27.000 27.000 27.000
33.000 33.000 33.000
18.000 18.000 18.000
24.000 24.000 24.000
34.000 34.000 34.000
18.000 18.000 18.000
22.000 22.000 22.000
22.000 22.000 22.000
18.000 18.000 18.000
13.000 13.000 13.000
11.000 11.000 11.000
26.000 26.000 26.000
21.000 21.000 21.000
29.000 29.000 29.000
30.000 30.000 30.000
19.000 19.000 19.000
14.000 14.000 14.000
5.000 5.000 5.000
1.000 1.000 1.000
3.000 3.000 3.000
1.000 1.000 1.000
2.000 2.000 2.000
6.000 6.000 6.000
2.000 2.000 2.000
7.000 7.000 7.000
6.000 6.000 6.000
6.000 6.000 6.000
8.000 8.000 8.000
2.000 2.000 2.000
3.000 3.000 3.000
2.000 2.000 2.000
1.000 1.000 1.000
0.000 0.000 0.000
0.000 0.000 0.000
0.000 0.000 0.000
0.000 0.000 0.000
0.000 0.000 0.000
0.000 0.000 0.000
0.000 0.000 0.000
0.000 0.000 0.000
0.000 0.000 0.000
0.000 0.000 0.000
0.000 0.000 0.000
0.000 0.000 0.000
0.000 0.000 0.000
0.000 0.000 0.000
0.000 0.000 0.000
0.000 0.000 0.000
0.000 0.000 0.000
0.000 0.000 0.000
0.000 0.000 0.000
2.000 2.000 2.000
6.000 6.000 6.000
10.000 10.000 10.000
23.000 23.000 23.000
37.000 37.000 37.000
82.000 82.000 82.000
