76.000 49.000 62.000
13.000 18.000 18.000
19.000 20.000 15.000
14.000 25.000 17.000
12.000 20.000 13.000
13.000 15.000 18.000
13.000 11.000 10.000
14.000 13.000 10.000
9.000 14.000 9.000
11.000 6.000 13.000
14.000 5.000 5.000
3.000 16.000 13.000
12.000 5.000 12.000
11.000 8.000 7.000
15.000 17.000 14.000
7.000 16.000 8.000
6.000 6.000 9.000
10.000 7.000 9.000
4.000 7.000 4.000
10.000 6.000 10.000
7.000 6.000 9.000
11.000 5.000 4.000
8.000 4.000 4.000
5.000 5.000 6.000
7.000 15.000 3.000
10.000 7.000 9.000
5.000 9.000 1.000
6.000 9.000 10.000
5.000 8.000 9.000
3.000 7.000 6.000
6.000 3.000 5.000
3.000 6.000 7.000
4.000 3.000 9.000
3.000 5.000 5.000
12.000 0.000 6.000
15.000 2.000 9.000
11.000 0.000 7.000
6.000 2.000 2.000
5.000 4.000 9.000
11.000 4.000 9.000
8.000 3.000 11.000
9.000 4.000 7.000
13.000 6.000 8.000
10.000 8.000 4.000
11.000 6.000 6.000
13.000 3.000 2.000
13.000 11.000 5.000
13.000 4.000 4.000
9.000 9.000 6.000
11.000 7.000 4.000
20.000 3.000 5.000
24.000 16.000 19.000
28.000 16.000 17.000
23.000 22.000 29.000
42.000 21.000 39.000
36.000 41.000 47.000
34.000 54.000 43.000
40.000 55.000 52.000
