112.000 100.000 118.000
16.000 50.000 28.000
32.000 37.000 23.000
25.000 32.000 32.000
26.000 33.000 40.000
19.000 35.000 24.000
22.000 32.000 24.000
21.000 17.000 33.000
24.000 19.000 28.000
22.000 18.000 21.000
18.000 12.000 14.000
19.000 16.000 12.000
24.000 15.000 15.000
19.000 21.000 14.000
16.000 13.000 18.000
12.000 13.000 11.000
6.000 16.000 10.000
11.000 11.000 16.000
12.000 10.000 4.000
10.000 5.000 3.000
9.000 11.000 4.000
15.000 5.000 1.000
8.000 0.000 6.000
5.000 8.000 6.000
3.000 2.000 9.000
9.000 4.000 3.000
10.000 10.000 7.000
10.000 7.000 8.000
13.000 4.000 10.000
4.000 2.000 6.000
6.000 5.000 11.000
12.000 1.000 5.000
2.000 2.000 7.000
2.000 2.000 4.000
2.000 6.000 2.000
5.000 2.000 6.000
8.000 3.000 6.000
8.000 4.000 9.000
2.000 3.000 4.000
6.000 5.000 3.000
5.000 5.000 5.000
4.000 1.000 1.000
5.000 2.000 0.000
7.000 6.000 6.000
5.000 4.000 7.000
2.000 4.000 0.000
7.000 0.000 4.000
4.000 2.000 1.000
9.000 7.000 4.000
8.000 2.000 4.000
8.000 5.000 7.000
4.000 5.000 8.000
19.000 6.000 12.000
19.000 11.000 14.000
23.000 23.000 23.000
19.000 23.000 18.000
21.000 35.000 39.000
29.000 42.000 27.000
