70.000 44.000 72.000
8.000 17.000 14.000
16.000 16.000 10.000
7.000 16.000 11.000
16.000 11.000 12.000
9.000 7.000 10.000
10.000 15.000 20.000
14.000 17.000 6.000
6.000 14.000 14.000
15.000 9.000 9.000
12.000 16.000 11.000
13.000 14.000 11.000
15.000 14.000 3.000
9.000 8.000 8.000
7.000 11.000 7.000
8.000 10.000 9.000
11.000 11.000 7.000
9.000 10.000 8.000
9.000 20.000 8.000
15.000 17.000 10.000
13.000 9.000 4.000
13.000 14.000 9.000
15.000 8.000 11.000
16.000 14.000 11.000
10.000 17.000 4.000
15.000 15.000 5.000
16.000 6.000 10.000
11.000 8.000 13.000
10.000 6.000 16.000
15.000 10.000 12.000
12.000 7.000 12.000
15.000 11.000 17.000
7.000 2.000 13.000
18.000 3.000 21.000
17.000 5.000 15.000
6.000 5.000 11.000
15.000 9.000 16.000
11.000 1.000 10.000
19.000 4.000 17.000
13.000 10.000 18.000
23.000 11.000 9.000
15.000 4.000 12.000
16.000 12.000 15.000
14.000 15.000 10.000
15.000 13.000 11.000
20.000 10.000 14.000
17.000 15.000 7.000
20.000 17.000 10.000
16.000 16.000 7.000
21.000 15.000 10.000
17.000 18.000 10.000
17.000 18.000 21.000
19.000 19.000 25.000
22.000 32.000 13.000
21.000 26.000 25.000
26.000 33.000 19.000
17.000 30.000 20.000
15.000 36.000 25.000
