102.000 84.000 95.000
19.000 20.000 27.000
12.000 31.000 15.000
11.000 26.000 19.000
13.000 24.000 24.000
35.000 19.000 16.000
15.000 30.000 26.000
17.000 23.000 19.000
18.000 23.000 20.000
15.000 9.000 13.000
16.000 13.000 13.000
12.000 8.000 8.000
12.000 14.000 6.000
7.000 13.000 10.000
6.000 7.000 11.000
6.000 8.000 9.000
5.000 13.000 6.000
6.000 7.000 2.000
7.000 8.000 6.000
11.000 10.000 6.000
6.000 6.000 7.000
7.000 6.000 3.000
10.000 4.000 7.000
10.000 6.000 8.000
9.000 5.000 6.000
11.000 7.000 6.000
12.000 4.000 11.000
3.000 12.000 10.000
16.000 4.000 12.000
13.000 7.000 11.000
13.000 3.000 7.000
9.000 6.000 11.000
13.000 6.000 12.000
9.000 5.000 14.000
11.000 2.000 8.000
9.000 1.000 14.000
15.000 4.000 7.000
13.000 6.000 4.000
11.000 6.000 11.000
10.000 4.000 8.000
9.000 5.000 10.000
11.000 7.000 12.000
6.000 5.000 9.000
10.000 14.000 4.000
11.000 9.000 7.000
16.000 9.000 5.000
9.000 10.000 7.000
18.000 7.000 9.000
15.000 10.000 9.000
15.000 5.000 7.000
13.000 15.000 10.000
11.000 16.000 12.000
19.000 16.000 16.000
17.000 34.000 18.000
21.000 18.000 26.000
15.000 27.000 23.000
17.000 37.000 28.000
21.000 56.000 36.000
