80.000 69.000 57.000
10.000 20.000 18.000
16.000 18.000 12.000
7.000 19.000 15.000
16.000 15.000 21.000
19.000 13.000 10.000
10.000 12.000 13.000
18.000 9.000 11.000
13.000 8.000 13.000
10.000 10.000 14.000
9.000 7.000 17.000
11.000 15.000 7.000
9.000 16.000 12.000
6.000 19.000 12.000
13.000 11.000 13.000
15.000 16.000 11.000
14.000 12.000 5.000
19.000 10.000 4.000
10.000 16.000 11.000
14.000 13.000 11.000
5.000 9.000 14.000
12.000 4.000 10.000
9.000 12.000 6.000
8.000 12.000 7.000
12.000 3.000 6.000
12.000 12.000 9.000
7.000 9.000 8.000
8.000 15.000 9.000
3.000 9.000 14.000
12.000 9.000 15.000
11.000 10.000 11.000
9.000 5.000 9.000
6.000 8.000 10.000
8.000 1.000 18.000
6.000 4.000 8.000
9.000 4.000 12.000
10.000 6.000 10.000
9.000 3.000 9.000
7.000 3.000 11.000
14.000 5.000 11.000
12.000 5.000 8.000
7.000 7.000 9.000
7.000 3.000 4.000
9.000 8.000 8.000
13.000 8.000 6.000
11.000 6.000 6.000
9.000 4.000 5.000
15.000 7.000 7.000
21.000 7.000 6.000
16.000 15.000 12.000
18.000 13.000 10.000
17.000 17.000 9.000
17.000 18.000 15.000
24.000 16.000 24.000
37.000 21.000 21.000
24.000 40.000 28.000
31.000 55.000 27.000
26.000 45.000 29.000
