70.000 56.000 69.000
10.000 21.000 15.000
8.000 13.000 13.000
5.000 14.000 17.000
13.000 19.000 22.000
15.000 24.000 14.000
18.000 12.000 13.000
14.000 17.000 16.000
12.000 21.000 16.000
17.000 23.000 17.000
15.000 22.000 19.000
18.000 17.000 16.000
23.000 35.000 21.000
18.000 24.000 22.000
23.000 33.000 16.000
14.000 16.000 19.000
24.000 22.000 20.000
19.000 16.000 14.000
20.000 14.000 13.000
13.000 20.000 6.000
15.000 12.000 10.000
15.000 9.000 10.000
11.000 12.000 5.000
13.000 10.000 9.000
11.000 7.000 2.000
15.000 6.000 5.000
19.000 5.000 6.000
10.000 10.000 12.000
11.000 9.000 12.000
19.000 4.000 13.000
15.000 7.000 18.000
13.000 4.000 12.000
10.000 8.000 15.000
14.000 3.000 15.000
14.000 1.000 20.000
10.000 5.000 13.000
17.000 6.000 16.000
6.000 5.000 13.000
16.000 5.000 11.000
17.000 6.000 10.000
11.000 10.000 15.000
10.000 6.000 14.000
13.000 9.000 13.000
12.000 10.000 15.000
13.000 14.000 15.000
9.000 9.000 8.000
13.000 15.000 5.000
13.000 16.000 13.000
9.000 24.000 17.000
14.000 12.000 16.000
13.000 22.000 16.000
8.000 12.000 13.000
13.000 18.000 18.000
13.000 15.000 17.000
9.000 14.000 18.000
14.000 14.000 12.000
17.000 22.000 12.000
15.000 23.000 17.000
