56.000 52.000 52.000
7.000 21.000 28.000
17.000 16.000 13.000
13.000 22.000 19.000
18.000 13.000 14.000
28.000 10.000 13.000
18.000 13.000 19.000
14.000 27.000 19.000
16.000 14.000 17.000
14.000 17.000 5.000
13.000 8.000 15.000
16.000 15.000 13.000
14.000 17.000 14.000
11.000 21.000 20.000
16.000 27.000 20.000
16.000 29.000 22.000
9.000 12.000 20.000
12.000 14.000 13.000
16.000 11.000 11.000
8.000 10.000 12.000
9.000 10.000 10.000
11.000 11.000 11.000
11.000 8.000 9.000
8.000 7.000 5.000
5.000 6.000 7.000
7.000 6.000 7.000
12.000 7.000 3.000
11.000 4.000 11.000
10.000 6.000 7.000
4.000 8.000 8.000
10.000 2.000 5.000
7.000 3.000 5.000
5.000 6.000 3.000
6.000 1.000 7.000
6.000 1.000 4.000
3.000 0.000 1.000
6.000 2.000 4.000
9.000 0.000 2.000
5.000 1.000 4.000
5.000 2.000 4.000
7.000 3.000 5.000
6.000 2.000 2.000
6.000 3.000 6.000
7.000 3.000 2.000
4.000 6.000 2.000
7.000 7.000 0.000
10.000 3.000 2.000
13.000 5.000 4.000
11.000 3.000 3.000
10.000 3.000 8.000
14.000 3.000 9.000
23.000 6.000 11.000
19.000 15.000 12.000
26.000 13.000 17.000
27.000 24.000 24.000
31.000 38.000 34.000
24.000 57.000 49.000
35.000 70.000 59.000
