118.000 84.000 72.000
14.000 30.000 32.000
17.000 33.000 20.000
13.000 26.000 26.000
21.000 28.000 35.000
23.000 24.000 25.000
15.000 24.000 19.000
18.000 17.000 25.000
6.000 11.000 14.000
11.000 16.000 17.000
4.000 11.000 11.000
13.000 9.000 16.000
5.000 12.000 3.000
10.000 6.000 7.000
7.000 10.000 8.000
7.000 8.000 10.000
4.000 4.000 5.000
8.000 6.000 9.000
8.000 4.000 3.000
11.000 2.000 2.000
5.000 7.000 2.000
10.000 4.000 4.000
4.000 3.000 3.000
10.000 5.000 5.000
8.000 4.000 3.000
11.000 5.000 5.000
5.000 5.000 8.000
3.000 8.000 11.000
4.000 13.000 6.000
6.000 8.000 7.000
9.000 3.000 2.000
10.000 5.000 9.000
6.000 8.000 8.000
7.000 2.000 5.000
13.000 2.000 9.000
2.000 3.000 9.000
2.000 2.000 3.000
5.000 7.000 6.000
6.000 2.000 5.000
12.000 2.000 2.000
6.000 1.000 5.000
6.000 3.000 4.000
10.000 2.000 4.000
10.000 2.000 0.000
12.000 4.000 4.000
13.000 5.000 3.000
9.000 5.000 6.000
13.000 3.000 4.000
18.000 6.000 7.000
8.000 0.000 3.000
21.000 8.000 7.000
14.000 7.000 12.000
20.000 17.000 17.000
22.000 21.000 25.000
30.000 29.000 23.000
32.000 37.000 38.000
29.000 51.000 35.000
25.000 74.000 48.000
