103.000 51.000 66.000
11.000 34.000 25.000
18.000 33.000 10.000
9.000 20.000 27.000
16.000 24.000 17.000
21.000 9.000 22.000
12.000 14.000 15.000
22.000 19.000 16.000
16.000 18.000 11.000
17.000 9.000 10.000
17.000 18.000 8.000
8.000 15.000 9.000
9.000 13.000 10.000
8.000 16.000 21.000
14.000 20.000 13.000
11.000 14.000 16.000
10.000 14.000 7.000
13.000 13.000 12.000
10.000 9.000 12.000
7.000 6.000 10.000
5.000 6.000 8.000
10.000 7.000 6.000
9.000 12.000 12.000
12.000 8.000 8.000
7.000 3.000 5.000
3.000 10.000 6.000
11.000 10.000 9.000
13.000 10.000 12.000
6.000 7.000 5.000
5.000 6.000 10.000
10.000 3.000 6.000
8.000 6.000 11.000
5.000 4.000 11.000
14.000 5.000 5.000
7.000 4.000 11.000
9.000 4.000 12.000
4.000 3.000 8.000
6.000 2.000 13.000
11.000 3.000 14.000
11.000 2.000 6.000
10.000 3.000 7.000
5.000 5.000 6.000
13.000 5.000 5.000
7.000 6.000 4.000
12.000 8.000 0.000
7.000 7.000 2.000
12.000 5.000 8.000
12.000 7.000 2.000
7.000 11.000 5.000
16.000 3.000 5.000
7.000 8.000 9.000
21.000 10.000 9.000
18.000 10.000 16.000
19.000 22.000 16.000
26.000 39.000 20.000
28.000 27.000 23.000
24.000 54.000 28.000
25.000 46.000 47.000
