47.000 42.000 48.000
7.000 22.000 17.000
17.000 15.000 12.000
11.000 14.000 10.000
18.000 8.000 10.000
11.000 10.000 10.000
8.000 14.000 11.000
7.000 6.000 8.000
5.000 1.000 2.000
2.000 10.000 5.000
8.000 2.000 6.000
4.000 6.000 3.000
4.000 4.000 2.000
5.000 3.000 6.000
5.000 2.000 4.000
10.000 5.000 2.000
2.000 6.000 6.000
5.000 4.000 2.000
8.000 6.000 2.000
5.000 6.000 4.000
4.000 6.000 8.000
5.000 3.000 9.000
4.000 7.000 5.000
7.000 9.000 5.000
4.000 6.000 2.000
3.000 7.000 7.000
4.000 7.000 1.000
5.000 4.000 6.000
6.000 6.000 6.000
3.000 5.000 6.000
6.000 2.000 6.000
11.000 4.000 8.000
10.000 5.000 9.000
4.000 2.000 6.000
10.000 0.000 10.000
6.000 1.000 16.000
7.000 3.000 6.000
14.000 2.000 9.000
11.000 3.000 7.000
13.000 3.000 11.000
7.000 2.000 5.000
16.000 6.000 8.000
11.000 2.000 6.000
10.000 4.000 8.000
9.000 9.000 9.000
17.000 7.000 9.000
16.000 8.000 9.000
21.000 9.000 8.000
19.000 11.000 11.000
26.000 12.000 8.000
19.000 10.000 8.000
30.000 25.000 18.000
28.000 27.000 16.000
34.000 26.000 28.000
28.000 37.000 32.000
39.000 44.000 41.000
44.000 59.000 50.000
30.000 77.000 47.000
