120.000 104.000 84.000
10.000 25.000 29.000
23.000 29.000 16.000
13.000 31.000 22.000
22.000 23.000 31.000
26.000 16.000 27.000
12.000 25.000 18.000
22.000 17.000 22.000
9.000 15.000 15.000
12.000 10.000 14.000
13.000 13.000 20.000
17.000 17.000 18.000
8.000 10.000 5.000
11.000 16.000 7.000
9.000 13.000 11.000
10.000 11.000 10.000
15.000 7.000 13.000
14.000 7.000 5.000
10.000 10.000 8.000
5.000 9.000 7.000
8.000 8.000 4.000
6.000 5.000 3.000
10.000 12.000 10.000
9.000 6.000 10.000
7.000 8.000 15.000
9.000 10.000 9.000
11.000 7.000 5.000
10.000 12.000 12.000
10.000 8.000 10.000
14.000 8.000 13.000
7.000 8.000 13.000
6.000 6.000 9.000
12.000 3.000 7.000
11.000 7.000 11.000
6.000 3.000 16.000
11.000 0.000 6.000
3.000 2.000 13.000
3.000 6.000 5.000
4.000 2.000 4.000
5.000 4.000 5.000
7.000 5.000 7.000
7.000 6.000 10.000
7.000 11.000 3.000
5.000 8.000 7.000
14.000 3.000 2.000
6.000 4.000 3.000
7.000 8.000 7.000
7.000 6.000 6.000
6.000 5.000 5.000
14.000 9.000 8.000
14.000 2.000 7.000
9.000 16.000 7.000
15.000 15.000 5.000
21.000 14.000 19.000
25.000 18.000 18.000
20.000 33.000 29.000
20.000 47.000 29.000
18.000 31.000 37.000
