58.000 46.000 70.000
6.000 11.000 14.000
8.000 14.000 4.000
6.000 15.000 6.000
12.000 13.000 10.000
10.000 17.000 11.000
8.000 12.000 5.000
6.000 8.000 8.000
9.000 7.000 9.000
12.000 9.000 10.000
4.000 7.000 14.000
11.000 8.000 5.000
5.000 10.000 9.000
3.000 8.000 10.000
7.000 12.000 5.000
3.000 12.000 7.000
8.000 8.000 7.000
4.000 6.000 7.000
2.000 7.000 12.000
4.000 10.000 3.000
8.000 9.000 5.000
8.000 10.000 8.000
5.000 8.000 11.000
2.000 8.000 10.000
13.000 6.000 4.000
8.000 14.000 10.000
5.000 9.000 13.000
11.000 7.000 10.000
14.000 9.000 8.000
6.000 6.000 10.000
5.000 8.000 12.000
6.000 5.000 13.000
5.000 2.000 9.000
13.000 4.000 19.000
18.000 2.000 18.000
8.000 4.000 15.000
10.000 3.000 19.000
10.000 4.000 12.000
11.000 5.000 19.000
18.000 9.000 15.000
11.000 3.000 14.000
9.000 11.000 12.000
20.000 8.000 9.000
20.000 14.000 13.000
22.000 11.000 15.000
18.000 14.000 9.000
19.000 9.000 9.000
16.000 12.000 17.000
18.000 20.000 17.000
22.000 25.000 12.000
22.000 22.000 13.000
15.000 19.000 18.000
17.000 24.000 13.000
22.000 26.000 19.000
33.000 33.000 26.000
40.000 46.000 24.000
26.000 37.000 27.000
33.000 41.000 24.000
