100.000 65.000 83.000
16.000 36.000 32.000
30.000 23.000 14.000
24.000 29.000 20.000
29.000 23.000 22.000
22.000 28.000 13.000
14.000 23.000 15.000
12.000 14.000 19.000
10.000 8.000 14.000
14.000 18.000 8.000
9.000 7.000 13.000
9.000 11.000 10.000
11.000 7.000 11.000
10.000 7.000 16.000
9.000 4.000 9.000
9.000 16.000 6.000
6.000 11.000 8.000
7.000 7.000 6.000
8.000 12.000 5.000
7.000 4.000 10.000
9.000 6.000 4.000
5.000 7.000 3.000
7.000 11.000 7.000
9.000 5.000 3.000
7.000 9.000 2.000
11.000 5.000 4.000
13.000 3.000 8.000
8.000 12.000 9.000
9.000 6.000 10.000
17.000 7.000 7.000
6.000 14.000 9.000
6.000 5.000 9.000
4.000 3.000 7.000
8.000 5.000 6.000
10.000 4.000 11.000
6.000 3.000 9.000
10.000 6.000 13.000
8.000 3.000 15.000
12.000 2.000 6.000
7.000 6.000 7.000
10.000 7.000 6.000
9.000 3.000 4.000
6.000 5.000 9.000
5.000 7.000 1.000
5.000 8.000 5.000
9.000 6.000 10.000
5.000 7.000 8.000
7.000 6.000 7.000
16.000 3.000 4.000
6.000 7.000 8.000
9.000 15.000 13.000
8.000 7.000 17.000
9.000 15.000 9.000
15.000 11.000 19.000
20.000 12.000 18.000
37.000 33.000 28.000
44.000 44.000 37.000
35.000 57.000 43.000
