108.000 59.000 80.000
15.000 34.000 17.000
18.000 31.000 9.000
9.000 22.000 16.000
16.000 19.000 18.000
10.000 13.000 15.000
7.000 19.000 21.000
10.000 13.000 19.000
11.000 15.000 13.000
15.000 10.000 9.000
9.000 8.000 10.000
11.000 12.000 8.000
10.000 11.000 7.000
6.000 5.000 11.000
7.000 9.000 8.000
13.000 3.000 6.000
9.000 10.000 5.000
3.000 8.000 8.000
6.000 10.000 6.000
12.000 6.000 7.000
4.000 6.000 7.000
6.000 8.000 2.000
6.000 5.000 5.000
15.000 8.000 5.000
9.000 7.000 3.000
7.000 14.000 10.000
9.000 6.000 7.000
9.000 8.000 7.000
9.000 9.000 8.000
7.000 7.000 8.000
12.000 4.000 8.000
9.000 6.000 17.000
8.000 4.000 5.000
9.000 5.000 7.000
7.000 3.000 11.000
8.000 2.000 9.000
10.000 2.000 13.000
8.000 3.000 8.000
10.000 0.000 10.000
12.000 4.000 6.000
3.000 6.000 9.000
5.000 4.000 3.000
6.000 5.000 2.000
11.000 4.000 6.000
10.000 3.000 6.000
8.000 7.000 5.000
11.000 11.000 5.000
7.000 3.000 3.000
11.000 7.000 3.000
18.000 9.000 5.000
14.000 13.000 10.000
25.000 13.000 14.000
20.000 18.000 16.000
23.000 17.000 16.000
34.000 32.000 27.000
14.000 35.000 32.000
39.000 61.000 34.000
32.000 62.000 57.000
