116.000 89.000 75.000
11.000 38.000 33.000
20.000 25.000 15.000
11.000 17.000 21.000
24.000 28.000 30.000
20.000 16.000 19.000
13.000 16.000 12.000
21.000 17.000 19.000
14.000 10.000 17.000
22.000 9.000 13.000
10.000 13.000 13.000
11.000 14.000 21.000
7.000 14.000 13.000
9.000 13.000 7.000
11.000 22.000 16.000
12.000 12.000 14.000
12.000 14.000 9.000
11.000 10.000 10.000
10.000 14.000 3.000
10.000 9.000 10.000
15.000 6.000 8.000
9.000 7.000 5.000
7.000 9.000 2.000
4.000 6.000 5.000
7.000 2.000 11.000
7.000 9.000 8.000
8.000 13.000 11.000
9.000 11.000 9.000
9.000 10.000 8.000
7.000 12.000 5.000
6.000 4.000 6.000
5.000 10.000 15.000
7.000 6.000 12.000
8.000 2.000 8.000
10.000 2.000 9.000
5.000 2.000 9.000
9.000 1.000 15.000
5.000 3.000 7.000
6.000 3.000 12.000
11.000 5.000 3.000
6.000 4.000 6.000
11.000 4.000 2.000
14.000 3.000 7.000
11.000 6.000 5.000
15.000 8.000 1.000
8.000 3.000 6.000
12.000 7.000 4.000
15.000 13.000 7.000
11.000 6.000 6.000
12.000 4.000 4.000
10.000 11.000 6.000
9.000 14.000 15.000
17.000 11.000 12.000
15.000 24.000 23.000
30.000 27.000 26.000
25.000 29.000 28.000
22.000 28.000 22.000
24.000 51.000 32.000
