96.000 95.000 41.000
5.000 20.000 26.000
14.000 20.000 11.000
14.000 19.000 30.000
13.000 15.000 29.000
16.000 17.000 14.000
7.000 21.000 25.000
8.000 11.000 13.000
9.000 10.000 13.000
14.000 15.000 16.000
12.000 15.000 18.000
16.000 7.000 11.000
9.000 7.000 8.000
4.000 12.000 9.000
9.000 7.000 10.000
11.000 4.000 7.000
9.000 11.000 11.000
6.000 8.000 5.000
5.000 11.000 8.000
14.000 12.000 3.000
9.000 3.000 6.000
5.000 5.000 6.000
11.000 8.000 4.000
10.000 5.000 2.000
12.000 5.000 4.000
12.000 5.000 4.000
2.000 9.000 6.000
10.000 8.000 4.000
12.000 7.000 9.000
6.000 2.000 11.000
9.000 6.000 7.000
6.000 8.000 8.000
4.000 5.000 12.000
9.000 2.000 9.000
17.000 2.000 13.000
8.000 7.000 10.000
8.000 3.000 15.000
7.000 1.000 4.000
11.000 3.000 4.000
7.000 4.000 5.000
6.000 3.000 1.000
7.000 6.000 9.000
10.000 8.000 4.000
6.000 6.000 10.000
14.000 2.000 7.000
12.000 6.000 5.000
11.000 9.000 5.000
17.000 7.000 6.000
11.000 2.000 10.000
16.000 10.000 9.000
12.000 14.000 7.000
16.000 12.000 12.000
18.000 22.000 7.000
21.000 20.000 20.000
20.000 28.000 27.000
21.000 38.000 26.000
30.000 53.000 40.000
37.000 58.000 37.000
