226.000 226.000 226.000
51.000 51.000 51.000
33.000 33.000 33.000
25.000 25.000 25.000
19.000 19.000 19.000
30.000 30.000 30.000
22.000 22.000 22.000
27.000 27.000 27.000
11.000 11.000 11.000
13.000 13.000 13.000
6.000 6.000 6.000
6.000 6.000 6.000
9.000 9.000 9.000
7.000 7.000 7.000
8.000 8.000 8.000
12.000 12.000 12.000
6.000 6.000 6.000
4.000 4.000 4.000
2.000 2.000 2.000
1.000 1.000 1.000
1.000 1.000 1.000
2.000 2.000 2.000
0.000 0.000 0.000
1.000 1.000 1.000
4.000 4.000 4.000
2.000 2.000 2.000
4.000 4.000 4.000
3.000 3.000 3.000
8.000 8.000 8.000
5.000 5.000 5.000
3.000 3.000 3.000
3.000 3.000 3.000
0.000 0.000 0.000
0.000 0.000 0.000
0.000 0.000 0.000
0.000 0.000 0.000
0.000 0.000 0.000
0.000 0.000 0.000
0.000 0.000 0.000
0.000 0.000 0.000
0.000 0.000 0.000
0.000 0.000 0.000
0.000 0.000 0.000
0.000 0.000 0.000
0.000 0.000 0.000
0.000 0.000 0.000
0.000 0.000 0.000
0.000 0.000 0.000
0.000 0.000 0.000
0.000 0.000 0.000
0.000 0.000 0.000
0.000 0.000 0.000
2.000 2.000 2.000
6.000 6.000 6.000
6.000 6.000 6.000
24.000 24.000 24.000
52.000 52.000 52.000
74.000 74.000 74.000
