82.000 61.000 67.000
11.000 16.000 9.000
16.000 18.000 15.000
3.000 17.000 17.000
13.000 13.000 14.000
10.000 15.000 10.000
15.000 16.000 14.000
14.000 23.000 9.000
6.000 14.000 17.000
12.000 9.000 14.000
11.000 14.000 15.000
7.000 10.000 12.000
12.000 11.000 9.000
15.000 15.000 12.000
6.000 24.000 8.000
15.000 10.000 9.000
15.000 24.000 7.000
10.000 13.000 16.000
11.000 11.000 15.000
14.000 10.000 7.000
21.000 14.000 10.000
5.000 14.000 12.000
11.000 15.000 10.000
4.000 11.000 12.000
12.000 14.000 15.000
12.000 14.000 10.000
11.000 9.000 16.000
14.000 16.000 14.000
11.000 14.000 11.000
11.000 5.000 15.000
10.000 6.000 18.000
9.000 10.000 16.000
11.000 5.000 12.000
17.000 4.000 21.000
16.000 1.000 13.000
16.000 7.000 14.000
16.000 3.000 13.000
17.000 4.000 16.000
7.000 6.000 20.000
14.000 8.000 23.000
19.000 4.000 15.000
22.000 15.000 12.000
13.000 16.000 10.000
18.000 11.000 14.000
13.000 14.000 5.000
18.000 17.000 16.000
16.000 8.000 11.000
11.000 15.000 21.000
13.000 17.000 16.000
14.000 18.000 11.000
13.000 18.000 6.000
8.000 21.000 13.000
14.000 24.000 22.000
16.000 29.000 16.000
18.000 26.000 19.000
14.000 33.000 21.000
7.000 19.000 16.000
16.000 28.000 16.000
