65.000 70.000 81.000
8.000 23.000 21.000
25.000 23.000 10.000
12.000 26.000 21.000
18.000 23.000 24.000
19.000 24.000 15.000
25.000 26.000 23.000
16.000 22.000 13.000
11.000 20.000 18.000
19.000 10.000 19.000
14.000 13.000 16.000
23.000 13.000 18.000
14.000 24.000 9.000
8.000 13.000 9.000
17.000 11.000 13.000
15.000 12.000 9.000
7.000 10.000 6.000
10.000 13.000 12.000
11.000 18.000 6.000
18.000 11.000 6.000
10.000 7.000 7.000
12.000 9.000 11.000
6.000 5.000 5.000
11.000 5.000 12.000
13.000 9.000 7.000
9.000 2.000 8.000
9.000 9.000 7.000
11.000 9.000 12.000
13.000 4.000 13.000
10.000 3.000 16.000
2.000 4.000 11.000
4.000 5.000 11.000
10.000 5.000 20.000
5.000 6.000 16.000
11.000 7.000 13.000
10.000 3.000 14.000
8.000 3.000 16.000
8.000 11.000 18.000
10.000 7.000 15.000
8.000 4.000 14.000
2.000 6.000 10.000
9.000 14.000 10.000
11.000 7.000 10.000
15.000 10.000 12.000
12.000 5.000 9.000
12.000 21.000 13.000
20.000 11.000 15.000
13.000 18.000 11.000
19.000 12.000 9.000
12.000 18.000 11.000
12.000 15.000 14.000
7.000 12.000 16.000
18.000 17.000 8.000
14.000 25.000 24.000
19.000 12.000 23.000
12.000 26.000 24.000
23.000 21.000 17.000
22.000 26.000 21.000
