94.000 68.000 82.000
7.000 24.000 20.000
18.000 24.000 14.000
12.000 20.000 18.000
16.000 22.000 14.000
17.000 17.000 10.000
9.000 18.000 19.000
13.000 18.000 18.000
10.000 17.000 12.000
18.000 12.000 10.000
9.000 15.000 12.000
14.000 10.000 9.000
14.000 10.000 9.000
9.000 12.000 5.000
11.000 13.000 8.000
19.000 21.000 12.000
15.000 14.000 8.000
11.000 12.000 5.000
13.000 14.000 8.000
11.000 11.000 5.000
13.000 7.000 8.000
14.000 17.000 9.000
12.000 5.000 8.000
8.000 8.000 6.000
8.000 7.000 7.000
13.000 14.000 11.000
12.000 8.000 10.000
10.000 9.000 14.000
10.000 8.000 10.000
5.000 7.000 7.000
13.000 7.000 15.000
11.000 6.000 18.000
13.000 6.000 16.000
8.000 8.000 11.000
13.000 3.000 13.000
15.000 4.000 19.000
15.000 6.000 11.000
9.000 10.000 15.000
13.000 7.000 14.000
12.000 10.000 17.000
13.000 10.000 12.000
15.000 17.000 15.000
15.000 8.000 15.000
12.000 14.000 8.000
18.000 13.000 6.000
10.000 6.000 11.000
13.000 9.000 11.000
12.000 16.000 10.000
17.000 17.000 5.000
20.000 12.000 7.000
19.000 10.000 14.000
14.000 9.000 15.000
10.000 24.000 10.000
18.000 26.000 8.000
14.000 20.000 16.000
13.000 33.000 21.000
17.000 25.000 25.000
16.000 35.000 19.000
