81.000 66.000 59.000
10.000 28.000 29.000
26.000 16.000 10.000
11.000 22.000 17.000
24.000 16.000 19.000
13.000 16.000 10.000
14.000 18.000 11.000
11.000 10.000 22.000
18.000 16.000 18.000
7.000 7.000 10.000
12.000 1.000 9.000
8.000 7.000 9.000
9.000 9.000 17.000
10.000 4.000 9.000
7.000 8.000 5.000
4.000 13.000 4.000
9.000 15.000 2.000
5.000 10.000 2.000
7.000 3.000 3.000
5.000 8.000 2.000
3.000 4.000 2.000
1.000 3.000 7.000
5.000 4.000 5.000
8.000 10.000 3.000
1.000 7.000 8.000
1.000 8.000 6.000
5.000 5.000 5.000
7.000 2.000 5.000
11.000 5.000 7.000
10.000 6.000 7.000
8.000 5.000 6.000
8.000 0.000 9.000
7.000 0.000 3.000
8.000 0.000 8.000
6.000 1.000 4.000
1.000 0.000 6.000
4.000 3.000 7.000
3.000 1.000 6.000
9.000 3.000 4.000
7.000 1.000 6.000
4.000 4.000 2.000
7.000 3.000 6.000
8.000 3.000 6.000
7.000 2.000 1.000
5.000 4.000 1.000
10.000 4.000 3.000
6.000 8.000 2.000
14.000 2.000 2.000
20.000 4.000 3.000
12.000 6.000 1.000
14.000 11.000 5.000
22.000 6.000 8.000
22.000 11.000 17.000
38.000 24.000 17.000
35.000 26.000 20.000
26.000 38.000 38.000
52.000 55.000 44.000
35.000 84.000 63.000
