99.000 90.000 104.000
8.000 25.000 23.000
24.000 24.000 14.000
6.000 18.000 32.000
16.000 20.000 26.000
20.000 20.000 16.000
20.000 21.000 14.000
22.000 12.000 18.000
9.000 11.000 15.000
14.000 11.000 12.000
14.000 13.000 8.000
17.000 13.000 7.000
11.000 9.000 6.000
9.000 17.000 8.000
11.000 8.000 5.000
7.000 13.000 5.000
10.000 11.000 6.000
11.000 7.000 4.000
4.000 5.000 5.000
5.000 8.000 9.000
7.000 6.000 5.000
8.000 3.000 5.000
9.000 5.000 7.000
11.000 12.000 5.000
6.000 9.000 8.000
9.000 3.000 14.000
4.000 9.000 7.000
12.000 7.000 9.000
11.000 7.000 10.000
9.000 4.000 12.000
9.000 4.000 13.000
12.000 6.000 15.000
7.000 5.000 10.000
12.000 6.000 10.000
7.000 3.000 12.000
9.000 3.000 6.000
13.000 3.000 13.000
6.000 8.000 8.000
8.000 6.000 8.000
5.000 6.000 10.000
15.000 5.000 9.000
5.000 7.000 6.000
7.000 3.000 2.000
9.000 9.000 8.000
7.000 8.000 6.000
12.000 11.000 4.000
10.000 13.000 4.000
9.000 8.000 7.000
4.000 7.000 7.000
11.000 14.000 8.000
14.000 10.000 10.000
10.000 13.000 15.000
15.000 11.000 23.000
17.000 14.000 21.000
27.000 23.000 31.000
26.000 29.000 33.000
32.000 42.000 21.000
29.000 53.000 36.000
