181.000 198.000 149.000
15.000 63.000 43.000
33.000 43.000 19.000
24.000 26.000 36.000
25.000 26.000 41.000
24.000 27.000 19.000
16.000 26.000 30.000
21.000 18.000 22.000
16.000 15.000 18.000
21.000 19.000 18.000
12.000 11.000 14.000
11.000 11.000 14.000
15.000 9.000 11.000
7.000 12.000 10.000
13.000 6.000 11.000
10.000 11.000 12.000
13.000 14.000 8.000
8.000 13.000 6.000
15.000 6.000 9.000
7.000 10.000 9.000
11.000 5.000 10.000
14.000 3.000 13.000
8.000 3.000 8.000
15.000 3.000 7.000
8.000 5.000 7.000
16.000 8.000 8.000
9.000 4.000 3.000
7.000 3.000 4.000
9.000 7.000 5.000
13.000 3.000 12.000
5.000 3.000 11.000
12.000 6.000 9.000
6.000 4.000 12.000
10.000 1.000 12.000
9.000 2.000 9.000
7.000 5.000 9.000
5.000 2.000 7.000
5.000 3.000 4.000
6.000 2.000 6.000
11.000 3.000 4.000
6.000 5.000 7.000
8.000 5.000 2.000
3.000 9.000 6.000
6.000 9.000 8.000
7.000 9.000 11.000
9.000 3.000 4.000
12.000 5.000 5.000
5.000 7.000 2.000
8.000 8.000 3.000
7.000 7.000 7.000
8.000 6.000 11.000
7.000 3.000 7.000
5.000 11.000 10.000
11.000 19.000 14.000
11.000 24.000 17.000
14.000 26.000 15.000
12.000 25.000 16.000
20.000 29.000 27.000
