96.000 72.000 65.000
14.000 22.000 16.000
11.000 19.000 12.000
9.000 10.000 11.000
13.000 13.000 7.000
9.000 12.000 14.000
10.000 13.000 15.000
8.000 18.000 15.000
14.000 10.000 17.000
13.000 13.000 15.000
11.000 17.000 14.000
12.000 9.000 11.000
7.000 18.000 16.000
16.000 12.000 9.000
9.000 15.000 11.000
9.000 16.000 13.000
11.000 16.000 9.000
9.000 14.000 4.000
9.000 9.000 6.000
8.000 7.000 13.000
9.000 3.000 4.000
10.000 5.000 8.000
12.000 5.000 8.000
11.000 15.000 9.000
8.000 8.000 12.000
16.000 2.000 13.000
8.000 14.000 10.000
7.000 8.000 14.000
8.000 10.000 9.000
10.000 10.000 9.000
6.000 8.000 15.000
8.000 4.000 16.000
11.000 2.000 19.000
9.000 7.000 12.000
13.000 3.000 7.000
10.000 7.000 8.000
9.000 11.000 10.000
12.000 6.000 10.000
6.000 3.000 11.000
9.000 6.000 10.000
12.000 6.000 9.000
12.000 6.000 14.000
13.000 7.000 11.000
4.000 12.000 6.000
12.000 5.000 5.000
12.000 13.000 5.000
14.000 5.000 8.000
14.000 14.000 12.000
18.000 14.000 4.000
18.000 14.000 7.000
24.000 11.000 15.000
23.000 16.000 16.000
18.000 26.000 20.000
24.000 28.000 16.000
22.000 25.000 20.000
25.000 37.000 33.000
21.000 39.000 22.000
21.000 51.000 47.000
