98.000 58.000 79.000
13.000 33.000 17.000
21.000 35.000 17.000
11.000 20.000 22.000
16.000 18.000 22.000
22.000 20.000 28.000
15.000 23.000 13.000
10.000 12.000 16.000
16.000 10.000 12.000
10.000 13.000 14.000
8.000 8.000 12.000
16.000 8.000 11.000
9.000 8.000 10.000
10.000 11.000 11.000
9.000 15.000 9.000
6.000 12.000 12.000
10.000 12.000 19.000
10.000 10.000 5.000
6.000 12.000 5.000
8.000 7.000 5.000
9.000 7.000 6.000
10.000 8.000 3.000
8.000 4.000 6.000
6.000 3.000 3.000
4.000 6.000 8.000
8.000 5.000 2.000
7.000 3.000 8.000
4.000 6.000 5.000
7.000 8.000 4.000
7.000 6.000 5.000
5.000 3.000 5.000
6.000 4.000 5.000
6.000 1.000 5.000
4.000 2.000 4.000
6.000 2.000 4.000
6.000 3.000 9.000
4.000 3.000 3.000
9.000 5.000 5.000
2.000 1.000 7.000
6.000 2.000 7.000
6.000 3.000 6.000
5.000 5.000 5.000
10.000 4.000 2.000
5.000 5.000 5.000
6.000 7.000 4.000
4.000 4.000 7.000
6.000 6.000 0.000
13.000 6.000 8.000
9.000 3.000 1.000
9.000 4.000 3.000
13.000 8.000 11.000
15.000 8.000 11.000
20.000 7.000 17.000
29.000 12.000 17.000
36.000 24.000 29.000
43.000 36.000 34.000
41.000 61.000 57.000
30.000 71.000 59.000
