93.000 64.000 57.000
13.000 38.000 36.000
20.000 26.000 21.000
19.000 23.000 20.000
31.000 19.000 27.000
17.000 23.000 16.000
13.000 17.000 26.000
17.000 24.000 16.000
12.000 20.000 21.000
15.000 12.000 20.000
13.000 12.000 11.000
9.000 11.000 11.000
10.000 7.000 11.000
9.000 8.000 7.000
7.000 7.000 8.000
5.000 4.000 5.000
9.000 8.000 11.000
8.000 9.000 7.000
6.000 6.000 4.000
3.000 7.000 5.000
5.000 9.000 5.000
9.000 6.000 3.000
5.000 2.000 11.000
13.000 10.000 3.000
8.000 10.000 11.000
7.000 9.000 5.000
12.000 8.000 8.000
8.000 5.000 7.000
6.000 10.000 5.000
5.000 9.000 7.000
9.000 8.000 7.000
9.000 6.000 5.000
11.000 7.000 13.000
13.000 0.000 6.000
8.000 3.000 7.000
4.000 5.000 6.000
6.000 1.000 5.000
8.000 3.000 6.000
3.000 3.000 6.000
6.000 5.000 8.000
5.000 2.000 7.000
4.000 5.000 6.000
6.000 5.000 7.000
10.000 4.000 1.000
4.000 5.000 3.000
5.000 8.000 1.000
8.000 2.000 3.000
8.000 4.000 1.000
5.000 2.000 6.000
12.000 1.000 6.000
12.000 6.000 12.000
13.000 9.000 10.000
17.000 10.000 15.000
27.000 20.000 28.000
41.000 28.000 33.000
31.000 35.000 21.000
40.000 40.000 39.000
42.000 53.000 58.000
