84.000 58.000 78.000
6.000 11.000 11.000
10.000 19.000 9.000
6.000 17.000 15.000
13.000 12.000 19.000
13.000 17.000 13.000
11.000 15.000 10.000
9.000 14.000 10.000
3.000 15.000 9.000
13.000 9.000 6.000
9.000 11.000 4.000
10.000 22.000 4.000
12.000 17.000 8.000
7.000 11.000 9.000
9.000 5.000 12.000
10.000 16.000 5.000
14.000 19.000 5.000
10.000 22.000 8.000
7.000 7.000 11.000
9.000 11.000 5.000
14.000 7.000 11.000
15.000 7.000 11.000
8.000 12.000 11.000
10.000 10.000 16.000
18.000 10.000 7.000
17.000 7.000 7.000
11.000 4.000 11.000
13.000 12.000 11.000
14.000 13.000 16.000
9.000 10.000 19.000
12.000 6.000 15.000
13.000 7.000 15.000
11.000 5.000 14.000
12.000 8.000 12.000
16.000 6.000 22.000
12.000 9.000 18.000
21.000 3.000 16.000
15.000 8.000 19.000
16.000 4.000 14.000
19.000 6.000 9.000
13.000 11.000 12.000
14.000 8.000 13.000
10.000 13.000 8.000
15.000 13.000 9.000
21.000 16.000 10.000
15.000 14.000 5.000
17.000 14.000 8.000
13.000 13.000 15.000
15.000 20.000 14.000
17.000 22.000 9.000
15.000 11.000 15.000
12.000 18.000 22.000
11.000 19.000 15.000
16.000 21.000 19.000
20.000 24.000 21.000
20.000 23.000 23.000
17.000 36.000 27.000
23.000 44.000 25.000
