61.000 50.000 59.000
8.000 29.000 16.000
21.000 21.000 11.000
9.000 13.000 13.000
15.000 18.000 20.000
13.000 12.000 15.000
11.000 17.000 17.000
20.000 17.000 21.000
9.000 14.000 8.000
13.000 8.000 9.000
5.000 7.000 8.000
13.000 5.000 10.000
12.000 11.000 13.000
17.000 11.000 14.000
8.000 18.000 10.000
10.000 11.000 9.000
10.000 7.000 7.000
10.000 5.000 3.000
8.000 8.000 5.000
8.000 5.000 6.000
9.000 3.000 3.000
5.000 10.000 3.000
7.000 7.000 8.000
7.000 6.000 5.000
12.000 14.000 4.000
10.000 7.000 3.000
4.000 6.000 11.000
5.000 6.000 3.000
6.000 8.000 9.000
11.000 6.000 7.000
6.000 2.000 9.000
6.000 2.000 13.000
9.000 2.000 8.000
3.000 2.000 13.000
2.000 0.000 5.000
3.000 2.000 11.000
5.000 4.000 8.000
3.000 4.000 6.000
5.000 1.000 6.000
7.000 3.000 5.000
5.000 2.000 8.000
9.000 4.000 12.000
8.000 10.000 2.000
6.000 7.000 7.000
12.000 12.000 3.000
9.000 7.000 6.000
10.000 5.000 6.000
10.000 7.000 7.000
11.000 6.000 9.000
15.000 8.000 5.000
9.000 10.000 13.000
15.000 9.000 10.000
15.000 16.000 11.000
24.000 15.000 20.000
33.000 19.000 22.000
37.000 32.000 36.000
40.000 56.000 43.000
51.000 60.000 58.000
