109.000 90.000 85.000
15.000 41.000 49.000
25.000 39.000 29.000
24.000 33.000 31.000
28.000 21.000 33.000
32.000 24.000 19.000
20.000 26.000 29.000
23.000 25.000 25.000
9.000 30.000 15.000
13.000 12.000 17.000
18.000 17.000 15.000
16.000 9.000 8.000
14.000 16.000 14.000
12.000 12.000 18.000
12.000 21.000 13.000
8.000 10.000 17.000
12.000 11.000 12.000
8.000 4.000 9.000
9.000 7.000 6.000
7.000 5.000 5.000
10.000 5.000 1.000
10.000 3.000 4.000
3.000 3.000 2.000
12.000 4.000 3.000
8.000 4.000 5.000
9.000 9.000 12.000
5.000 6.000 7.000
8.000 12.000 5.000
3.000 5.000 4.000
9.000 6.000 10.000
9.000 7.000 8.000
5.000 4.000 1.000
5.000 4.000 1.000
5.000 3.000 5.000
3.000 0.000 3.000
7.000 0.000 8.000
12.000 0.000 2.000
4.000 4.000 3.000
3.000 0.000 0.000
1.000 2.000 4.000
5.000 5.000 4.000
5.000 4.000 4.000
6.000 0.000 2.000
2.000 6.000 5.000
4.000 2.000 2.000
11.000 2.000 2.000
3.000 2.000 3.000
5.000 1.000 3.000
11.000 4.000 1.000
10.000 4.000 2.000
17.000 2.000 7.000
9.000 5.000 3.000
11.000 19.000 12.000
16.000 17.000 25.000
28.000 22.000 22.000
27.000 29.000 31.000
34.000 39.000 43.000
28.000 50.000 53.000
