100.000 100.000 100.000
47.000 47.000 47.000
28.000 28.000 28.000
34.000 34.000 34.000
17.000 17.000 17.000
23.000 23.000 23.000
24.000 24.000 24.000
28.000 28.000 28.000
13.000 13.000 13.000
15.000 15.000 15.000
7.000 7.000 7.000
5.000 5.000 5.000
12.000 12.000 12.000
18.000 18.000 18.000
18.000 18.000 18.000
16.000 16.000 16.000
6.000 6.000 6.000
5.000 5.000 5.000
4.000 4.000 4.000
2.000 2.000 2.000
0.000 0.000 0.000
1.000 1.000 1.000
2.000 2.000 2.000
0.000 0.000 0.000
4.000 4.000 4.000
7.000 7.000 7.000
7.000 7.000 7.000
5.000 5.000 5.000
8.000 8.000 8.000
7.000 7.000 7.000
3.000 3.000 3.000
1.000 1.000 1.000
0.000 0.000 0.000
0.000 0.000 0.000
0.000 0.000 0.000
0.000 0.000 0.000
0.000 0.000 0.000
0.000 0.000 0.000
0.000 0.000 0.000
0.000 0.000 0.000
0.000 0.000 0.000
0.000 0.000 0.000
0.000 0.000 0.000
0.000 0.000 0.000
0.000 0.000 0.000
0.000 0.000 0.000
0.000 0.000 0.000
0.000 0.000 0.000
0.000 0.000 0.000
0.000 0.000 0.000
0.000 0.000 0.000
0.000 0.000 0.000
2.000 2.000 2.000
5.000 5.000 5.000
14.000 14.000 14.000
39.000 39.000 39.000
49.000 49.000 49.000
85.000 85.000 85.000
