139.000 120.000 105.000
13.000 32.000 21.000
17.000 30.000 16.000
7.000 21.000 25.000
24.000 20.000 27.000
23.000 18.000 22.000
10.000 22.000 13.000
22.000 22.000 24.000
13.000 24.000 12.000
16.000 14.000 14.000
11.000 14.000 16.000
21.000 13.000 17.000
17.000 17.000 5.000
14.000 8.000 9.000
13.000 10.000 12.000
8.000 19.000 11.000
17.000 18.000 5.000
13.000 9.000 7.000
12.000 12.000 10.000
11.000 7.000 5.000
12.000 16.000 5.000
15.000 11.000 10.000
13.000 7.000 8.000
11.000 8.000 10.000
4.000 5.000 15.000
17.000 12.000 6.000
14.000 5.000 9.000
14.000 8.000 11.000
12.000 7.000 14.000
10.000 9.000 10.000
12.000 4.000 15.000
8.000 6.000 14.000
9.000 4.000 19.000
10.000 6.000 16.000
6.000 3.000 18.000
14.000 3.000 11.000
15.000 11.000 13.000
10.000 5.000 9.000
7.000 9.000 12.000
9.000 9.000 7.000
11.000 10.000 7.000
6.000 9.000 6.000
2.000 11.000 9.000
14.000 11.000 11.000
12.000 6.000 12.000
9.000 11.000 8.000
12.000 10.000 9.000
6.000 12.000 7.000
10.000 6.000 8.000
10.000 7.000 6.000
5.000 7.000 8.000
7.000 13.000 8.000
11.000 17.000 11.000
7.000 12.000 16.000
10.000 13.000 21.000
10.000 26.000 26.000
10.000 23.000 26.000
19.000 28.000 18.000
