64.000 57.000 60.000
6.000 16.000 9.000
12.000 18.000 9.000
10.000 15.000 11.000
22.000 12.000 19.000
10.000 8.000 8.000
11.000 14.000 8.000
11.000 5.000 15.000
9.000 6.000 8.000
6.000 9.000 10.000
15.000 9.000 9.000
7.000 10.000 9.000
6.000 15.000 11.000
8.000 11.000 3.000
11.000 10.000 13.000
9.000 21.000 11.000
11.000 20.000 15.000
15.000 12.000 11.000
21.000 18.000 10.000
13.000 15.000 14.000
13.000 11.000 8.000
15.000 15.000 7.000
13.000 15.000 11.000
15.000 15.000 8.000
10.000 10.000 8.000
10.000 14.000 10.000
15.000 13.000 11.000
14.000 13.000 18.000
9.000 12.000 13.000
14.000 8.000 13.000
6.000 9.000 13.000
16.000 5.000 11.000
8.000 4.000 12.000
9.000 3.000 14.000
15.000 3.000 13.000
13.000 5.000 20.000
4.000 5.000 12.000
9.000 3.000 16.000
6.000 4.000 16.000
8.000 6.000 12.000
13.000 4.000 13.000
10.000 8.000 15.000
13.000 4.000 15.000
14.000 15.000 16.000
13.000 2.000 14.000
11.000 18.000 3.000
12.000 15.000 12.000
14.000 12.000 12.000
12.000 20.000 8.000
14.000 9.000 12.000
19.000 20.000 11.000
18.000 25.000 11.000
24.000 15.000 9.000
22.000 19.000 15.000
18.000 34.000 10.000
21.000 39.000 15.000
18.000 31.000 22.000
20.000 41.000 22.000
