86.000 80.000 63.000
14.000 29.000 28.000
14.000 20.000 23.000
15.000 17.000 20.000
24.000 13.000 15.000
15.000 14.000 15.000
7.000 18.000 14.000
15.000 18.000 15.000
6.000 12.000 13.000
12.000 5.000 8.000
11.000 10.000 7.000
9.000 5.000 7.000
15.000 8.000 9.000
8.000 9.000 9.000
10.000 9.000 10.000
9.000 7.000 7.000
5.000 6.000 7.000
9.000 3.000 6.000
9.000 19.000 3.000
7.000 7.000 2.000
6.000 5.000 7.000
8.000 2.000 3.000
11.000 5.000 5.000
8.000 7.000 2.000
6.000 8.000 7.000
9.000 16.000 5.000
13.000 13.000 9.000
5.000 4.000 11.000
7.000 5.000 12.000
8.000 7.000 9.000
15.000 11.000 11.000
7.000 9.000 14.000
11.000 4.000 12.000
4.000 0.000 8.000
9.000 3.000 17.000
7.000 6.000 15.000
6.000 4.000 6.000
8.000 8.000 6.000
5.000 6.000 9.000
11.000 8.000 7.000
6.000 1.000 8.000
9.000 2.000 3.000
6.000 9.000 5.000
5.000 4.000 0.000
8.000 2.000 1.000
6.000 8.000 5.000
10.000 6.000 3.000
10.000 7.000 4.000
11.000 7.000 5.000
12.000 7.000 6.000
9.000 10.000 10.000
17.000 4.000 12.000
12.000 12.000 11.000
28.000 21.000 22.000
18.000 31.000 26.000
35.000 33.000 28.000
26.000 58.000 45.000
30.000 69.000 47.000
