98.000 72.000 93.000
13.000 37.000 24.000
23.000 26.000 17.000
14.000 25.000 29.000
24.000 26.000 18.000
27.000 28.000 14.000
16.000 16.000 24.000
14.000 14.000 24.000
15.000 19.000 10.000
9.000 11.000 12.000
10.000 8.000 6.000
4.000 11.000 10.000
15.000 8.000 8.000
5.000 3.000 10.000
2.000 10.000 9.000
4.000 8.000 9.000
8.000 8.000 4.000
10.000 9.000 2.000
8.000 7.000 3.000
6.000 2.000 3.000
8.000 7.000 5.000
3.000 2.000 5.000
3.000 6.000 8.000
8.000 10.000 6.000
10.000 3.000 4.000
4.000 5.000 8.000
11.000 8.000 5.000
8.000 7.000 5.000
7.000 6.000 11.000
9.000 4.000 5.000
9.000 7.000 7.000
6.000 5.000 10.000
8.000 5.000 10.000
10.000 1.000 5.000
7.000 4.000 6.000
8.000 2.000 4.000
4.000 2.000 8.000
11.000 0.000 3.000
3.000 2.000 5.000
9.000 2.000 1.000
7.000 3.000 8.000
5.000 5.000 2.000
3.000 5.000 8.000
8.000 1.000 5.000
7.000 7.000 7.000
19.000 4.000 4.000
8.000 8.000 3.000
6.000 4.000 6.000
12.000 8.000 5.000
14.000 7.000 9.000
15.000 10.000 10.000
15.000 9.000 18.000
15.000 13.000 17.000
19.000 15.000 21.000
30.000 25.000 24.000
34.000 37.000 35.000
24.000 47.000 34.000
32.000 58.000 55.000
