103.000 64.000 83.000
17.000 31.000 32.000
18.000 33.000 22.000
12.000 30.000 29.000
19.000 26.000 16.000
15.000 23.000 18.000
16.000 20.000 28.000
14.000 18.000 17.000
14.000 26.000 15.000
15.000 9.000 10.000
15.000 18.000 15.000
14.000 11.000 12.000
21.000 14.000 12.000
21.000 18.000 10.000
15.000 17.000 6.000
10.000 9.000 17.000
8.000 8.000 6.000
10.000 8.000 12.000
10.000 5.000 8.000
5.000 8.000 7.000
5.000 4.000 7.000
7.000 8.000 3.000
7.000 4.000 6.000
10.000 8.000 8.000
7.000 2.000 5.000
6.000 3.000 4.000
6.000 6.000 3.000
3.000 6.000 8.000
7.000 10.000 4.000
8.000 10.000 5.000
5.000 5.000 7.000
8.000 6.000 10.000
11.000 6.000 4.000
9.000 3.000 7.000
8.000 5.000 7.000
7.000 1.000 13.000
8.000 1.000 9.000
5.000 4.000 5.000
9.000 8.000 3.000
5.000 7.000 9.000
8.000 1.000 2.000
12.000 6.000 9.000
15.000 1.000 5.000
8.000 6.000 4.000
5.000 4.000 3.000
10.000 6.000 5.000
8.000 6.000 10.000
19.000 8.000 5.000
6.000 10.000 5.000
11.000 7.000 5.000
13.000 5.000 7.000
11.000 11.000 6.000
17.000 10.000 14.000
17.000 18.000 14.000
22.000 21.000 24.000
21.000 29.000 29.000
17.000 44.000 39.000
37.000 58.000 63.000
