93.000 65.000 75.000
10.000 26.000 20.000
18.000 21.000 15.000
10.000 28.000 28.000
14.000 27.000 25.000
19.000 19.000 14.000
18.000 16.000 13.000
18.000 16.000 19.000
20.000 21.000 15.000
11.000 16.000 22.000
11.000 22.000 16.000
19.000 13.000 24.000
18.000 17.000 13.000
12.000 10.000 15.000
12.000 20.000 9.000
10.000 17.000 9.000
14.000 9.000 14.000
10.000 12.000 10.000
8.000 11.000 8.000
18.000 8.000 8.000
12.000 9.000 4.000
7.000 17.000 12.000
9.000 7.000 7.000
14.000 11.000 13.000
12.000 13.000 13.000
12.000 10.000 5.000
14.000 10.000 7.000
5.000 6.000 17.000
9.000 9.000 14.000
11.000 10.000 15.000
6.000 6.000 12.000
12.000 8.000 8.000
8.000 4.000 9.000
9.000 1.000 10.000
7.000 5.000 10.000
12.000 9.000 1.000
13.000 3.000 7.000
7.000 5.000 11.000
8.000 7.000 6.000
9.000 5.000 11.000
13.000 4.000 10.000
12.000 4.000 11.000
15.000 9.000 10.000
11.000 2.000 5.000
12.000 12.000 6.000
11.000 10.000 5.000
6.000 6.000 8.000
16.000 8.000 5.000
16.000 5.000 5.000
14.000 13.000 12.000
17.000 9.000 11.000
15.000 13.000 20.000
16.000 16.000 10.000
19.000 16.000 22.000
20.000 22.000 23.000
18.000 26.000 15.000
17.000 39.000 33.000
24.000 40.000 25.000
