71.000 79.000 59.000
3.000 23.000 18.000
9.000 23.000 6.000
11.000 18.000 10.000
14.000 26.000 15.000
16.000 18.000 14.000
13.000 11.000 11.000
13.000 17.000 17.000
11.000 19.000 17.000
16.000 19.000 15.000
11.000 20.000 25.000
13.000 12.000 18.000
13.000 13.000 13.000
12.000 19.000 17.000
13.000 22.000 15.000
9.000 7.000 13.000
16.000 19.000 12.000
23.000 18.000 8.000
15.000 16.000 12.000
20.000 16.000 8.000
11.000 23.000 9.000
19.000 9.000 9.000
9.000 14.000 7.000
15.000 11.000 9.000
15.000 13.000 10.000
13.000 13.000 18.000
11.000 6.000 13.000
20.000 7.000 15.000
10.000 14.000 15.000
17.000 11.000 14.000
14.000 6.000 21.000
25.000 5.000 13.000
20.000 9.000 19.000
10.000 3.000 16.000
23.000 3.000 13.000
8.000 4.000 18.000
10.000 7.000 9.000
17.000 9.000 19.000
11.000 12.000 8.000
20.000 10.000 14.000
12.000 13.000 17.000
13.000 9.000 18.000
12.000 12.000 11.000
13.000 14.000 22.000
14.000 9.000 13.000
13.000 15.000 14.000
11.000 15.000 8.000
13.000 15.000 11.000
18.000 7.000 11.000
13.000 17.000 7.000
14.000 14.000 12.000
15.000 15.000 5.000
18.000 15.000 10.000
15.000 19.000 16.000
13.000 16.000 12.000
10.000 21.000 7.000
11.000 23.000 10.000
13.000 24.000 22.000
