90.000 82.000 76.000
9.000 31.000 22.000
21.000 24.000 10.000
9.000 13.000 21.000
20.000 19.000 15.000
20.000 17.000 16.000
13.000 14.000 10.000
16.000 16.000 16.000
13.000 7.000 15.000
19.000 13.000 11.000
5.000 12.000 13.000
14.000 10.000 13.000
10.000 7.000 19.000
7.000 11.000 6.000
15.000 11.000 13.000
7.000 16.000 10.000
9.000 12.000 5.000
7.000 6.000 9.000
7.000 11.000 7.000
10.000 10.000 6.000
6.000 10.000 11.000
10.000 5.000 11.000
12.000 6.000 8.000
6.000 11.000 6.000
5.000 9.000 8.000
8.000 13.000 7.000
9.000 5.000 7.000
12.000 7.000 12.000
8.000 5.000 10.000
12.000 9.000 9.000
16.000 16.000 8.000
12.000 11.000 13.000
13.000 3.000 12.000
9.000 7.000 13.000
10.000 10.000 9.000
8.000 4.000 9.000
10.000 6.000 9.000
11.000 6.000 8.000
9.000 4.000 12.000
18.000 5.000 16.000
14.000 4.000 12.000
9.000 7.000 14.000
16.000 8.000 6.000
13.000 9.000 1.000
15.000 11.000 10.000
16.000 8.000 7.000
15.000 9.000 4.000
21.000 13.000 6.000
10.000 13.000 11.000
16.000 10.000 12.000
15.000 13.000 21.000
16.000 15.000 16.000
25.000 23.000 20.000
14.000 25.000 20.000
19.000 31.000 21.000
25.000 31.000 22.000
15.000 35.000 35.000
20.000 39.000 28.000
