66.000 149.000 85.000
5.000 26.000 30.000
13.000 28.000 18.000
10.000 28.000 16.000
23.000 30.000 22.000
23.000 13.000 16.000
16.000 18.000 27.000
19.000 13.000 24.000
10.000 10.000 17.000
24.000 11.000 17.000
17.000 10.000 20.000
21.000 18.000 10.000
18.000 19.000 10.000
19.000 20.000 18.000
11.000 21.000 10.000
20.000 11.000 16.000
18.000 11.000 10.000
8.000 13.000 17.000
16.000 12.000 12.000
13.000 8.000 10.000
17.000 5.000 11.000
8.000 6.000 4.000
11.000 7.000 7.000
10.000 11.000 12.000
12.000 6.000 8.000
17.000 6.000 11.000
14.000 10.000 9.000
15.000 12.000 8.000
15.000 8.000 10.000
7.000 4.000 13.000
9.000 4.000 12.000
13.000 8.000 9.000
7.000 1.000 13.000
14.000 8.000 7.000
6.000 1.000 11.000
13.000 7.000 17.000
5.000 7.000 6.000
6.000 4.000 10.000
7.000 4.000 8.000
8.000 3.000 6.000
9.000 7.000 8.000
11.000 6.000 11.000
6.000 7.000 8.000
8.000 7.000 8.000
8.000 6.000 4.000
8.000 5.000 5.000
10.000 3.000 4.000
7.000 5.000 4.000
10.000 7.000 5.000
7.000 11.000 4.000
9.000 6.000 8.000
11.000 5.000 10.000
5.000 14.000 9.000
8.000 14.000 14.000
14.000 27.000 18.000
25.000 28.000 19.000
19.000 35.000 25.000
23.000 46.000 28.000
