81.000 75.000 83.000
19.000 34.000 20.000
17.000 22.000 15.000
10.000 24.000 22.000
19.000 21.000 15.000
19.000 22.000 16.000
15.000 16.000 22.000
13.000 17.000 18.000
9.000 21.000 13.000
12.000 13.000 17.000
15.000 23.000 11.000
16.000 6.000 10.000
18.000 12.000 7.000
8.000 20.000 13.000
19.000 8.000 13.000
19.000 15.000 8.000
13.000 16.000 17.000
8.000 9.000 11.000
9.000 6.000 10.000
11.000 8.000 4.000
12.000 14.000 6.000
4.000 13.000 4.000
8.000 4.000 5.000
12.000 9.000 7.000
9.000 4.000 6.000
13.000 12.000 9.000
10.000 5.000 7.000
8.000 11.000 9.000
13.000 7.000 19.000
9.000 5.000 10.000
4.000 6.000 12.000
10.000 6.000 8.000
7.000 6.000 3.000
8.000 3.000 11.000
10.000 2.000 10.000
7.000 5.000 13.000
8.000 3.000 13.000
12.000 6.000 11.000
8.000 8.000 13.000
8.000 2.000 8.000
14.000 2.000 8.000
6.000 7.000 5.000
9.000 6.000 5.000
10.000 11.000 11.000
10.000 6.000 9.000
11.000 2.000 6.000
10.000 10.000 7.000
11.000 6.000 1.000
13.000 9.000 3.000
4.000 8.000 6.000
10.000 12.000 6.000
14.000 11.000 9.000
27.000 22.000 16.000
17.000 16.000 10.000
23.000 25.000 23.000
32.000 37.000 21.000
21.000 41.000 32.000
21.000 46.000 23.000
