115.000 98.000 143.000
13.000 29.000 8.000
28.000 42.000 24.000
20.000 32.000 31.000
18.000 34.000 24.000
28.000 31.000 20.000
20.000 24.000 30.000
23.000 23.000 25.000
20.000 20.000 17.000
16.000 13.000 16.000
19.000 17.000 21.000
22.000 10.000 18.000
23.000 17.000 12.000
14.000 23.000 15.000
13.000 9.000 10.000
8.000 8.000 9.000
14.000 7.000 10.000
19.000 7.000 9.000
10.000 14.000 13.000
11.000 13.000 11.000
7.000 12.000 6.000
7.000 9.000 7.000
14.000 9.000 7.000
13.000 13.000 13.000
7.000 12.000 15.000
9.000 8.000 15.000
12.000 10.000 7.000
7.000 10.000 14.000
17.000 11.000 12.000
15.000 4.000 21.000
15.000 4.000 13.000
13.000 6.000 10.000
8.000 2.000 12.000
9.000 6.000 17.000
10.000 4.000 10.000
6.000 3.000 13.000
7.000 12.000 15.000
8.000 8.000 7.000
8.000 4.000 5.000
6.000 8.000 9.000
8.000 4.000 5.000
9.000 13.000 7.000
8.000 7.000 7.000
3.000 12.000 8.000
10.000 9.000 3.000
11.000 14.000 4.000
11.000 9.000 7.000
9.000 7.000 4.000
7.000 9.000 8.000
10.000 12.000 7.000
15.000 6.000 12.000
4.000 8.000 6.000
12.000 12.000 15.000
2.000 10.000 15.000
18.000 13.000 15.000
15.000 21.000 20.000
13.000 23.000 17.000
15.000 17.000 23.000
