92.000 70.000 72.000
7.000 35.000 32.000
36.000 31.000 22.000
18.000 23.000 23.000
21.000 30.000 16.000
23.000 28.000 19.000
15.000 20.000 22.000
19.000 15.000 21.000
18.000 17.000 22.000
14.000 11.000 17.000
12.000 15.000 18.000
8.000 8.000 17.000
9.000 16.000 13.000
10.000 20.000 11.000
12.000 12.000 13.000
11.000 8.000 11.000
6.000 4.000 5.000
7.000 7.000 3.000
8.000 5.000 6.000
13.000 7.000 2.000
5.000 8.000 4.000
8.000 4.000 6.000
7.000 5.000 4.000
10.000 4.000 4.000
8.000 11.000 5.000
10.000 16.000 6.000
10.000 9.000 8.000
11.000 5.000 6.000
10.000 7.000 20.000
15.000 13.000 12.000
6.000 8.000 11.000
8.000 5.000 8.000
5.000 9.000 10.000
9.000 0.000 7.000
3.000 4.000 9.000
5.000 0.000 5.000
9.000 3.000 6.000
5.000 2.000 12.000
6.000 6.000 3.000
5.000 5.000 5.000
2.000 3.000 6.000
7.000 3.000 6.000
5.000 6.000 3.000
5.000 3.000 6.000
5.000 5.000 8.000
8.000 8.000 3.000
10.000 3.000 3.000
5.000 7.000 1.000
7.000 5.000 5.000
15.000 7.000 9.000
11.000 7.000 2.000
10.000 7.000 10.000
16.000 11.000 11.000
23.000 12.000 15.000
16.000 21.000 26.000
24.000 37.000 28.000
38.000 40.000 39.000
21.000 54.000 38.000
