86.000 76.000 83.000
11.000 26.000 27.000
20.000 16.000 20.000
14.000 21.000 26.000
20.000 23.000 22.000
27.000 27.000 16.000
13.000 19.000 22.000
14.000 18.000 24.000
19.000 16.000 14.000
14.000 14.000 15.000
13.000 10.000 23.000
16.000 12.000 20.000
18.000 23.000 17.000
14.000 17.000 15.000
13.000 15.000 14.000
18.000 24.000 14.000
15.000 17.000 13.000
19.000 9.000 7.000
8.000 14.000 8.000
12.000 14.000 7.000
8.000 5.000 9.000
9.000 6.000 5.000
4.000 3.000 5.000
9.000 7.000 3.000
10.000 10.000 6.000
11.000 5.000 7.000
9.000 15.000 6.000
10.000 7.000 14.000
10.000 9.000 11.000
10.000 6.000 6.000
12.000 5.000 8.000
3.000 7.000 5.000
4.000 3.000 6.000
6.000 4.000 11.000
4.000 2.000 8.000
4.000 1.000 12.000
9.000 3.000 10.000
4.000 3.000 9.000
6.000 6.000 9.000
8.000 2.000 6.000
3.000 2.000 7.000
6.000 3.000 11.000
4.000 3.000 7.000
9.000 13.000 3.000
5.000 9.000 4.000
9.000 15.000 1.000
9.000 11.000 5.000
9.000 5.000 7.000
5.000 5.000 4.000
13.000 7.000 7.000
15.000 10.000 7.000
17.000 9.000 15.000
8.000 12.000 16.000
8.000 15.000 22.000
25.000 18.000 29.000
21.000 32.000 42.000
28.000 34.000 21.000
24.000 44.000 39.000
