96.000 55.000 70.000
14.000 28.000 14.000
17.000 27.000 16.000
10.000 16.000 18.000
19.000 20.000 13.000
11.000 15.000 9.000
4.000 27.000 13.000
11.000 10.000 17.000
14.000 12.000 22.000
13.000 15.000 11.000
12.000 11.000 14.000
13.000 6.000 12.000
14.000 18.000 18.000
3.000 17.000 10.000
4.000 20.000 12.000
13.000 6.000 7.000
14.000 9.000 6.000
14.000 11.000 9.000
7.000 11.000 6.000
12.000 14.000 8.000
11.000 9.000 7.000
7.000 5.000 7.000
12.000 13.000 7.000
9.000 7.000 7.000
7.000 9.000 11.000
12.000 9.000 7.000
12.000 4.000 11.000
11.000 6.000 11.000
13.000 6.000 11.000
10.000 8.000 7.000
9.000 5.000 11.000
3.000 8.000 12.000
16.000 7.000 14.000
4.000 1.000 16.000
10.000 4.000 9.000
7.000 7.000 12.000
10.000 2.000 5.000
10.000 5.000 14.000
10.000 6.000 6.000
10.000 8.000 8.000
20.000 3.000 9.000
17.000 6.000 8.000
17.000 4.000 8.000
11.000 6.000 8.000
6.000 6.000 7.000
15.000 14.000 4.000
16.000 8.000 10.000
13.000 11.000 6.000
9.000 13.000 8.000
12.000 12.000 9.000
11.000 10.000 15.000
13.000 13.000 6.000
18.000 21.000 28.000
23.000 23.000 14.000
12.000 28.000 22.000
28.000 34.000 17.000
21.000 45.000 22.000
27.000 47.000 40.000
