94.000 54.000 61.000
8.000 27.000 31.000
12.000 30.000 12.000
12.000 22.000 26.000
9.000 19.000 19.000
19.000 18.000 13.000
15.000 16.000 18.000
15.000 15.000 18.000
11.000 12.000 12.000
5.000 8.000 13.000
12.000 4.000 5.000
14.000 10.000 10.000
9.000 11.000 11.000
4.000 7.000 10.000
7.000 7.000 6.000
6.000 6.000 4.000
5.000 10.000 2.000
4.000 6.000 9.000
6.000 1.000 6.000
7.000 7.000 3.000
6.000 2.000 2.000
8.000 4.000 0.000
6.000 4.000 7.000
10.000 6.000 5.000
15.000 4.000 5.000
5.000 7.000 5.000
6.000 4.000 2.000
13.000 7.000 7.000
7.000 6.000 5.000
8.000 7.000 6.000
8.000 5.000 4.000
9.000 2.000 6.000
9.000 5.000 3.000
12.000 3.000 12.000
11.000 3.000 6.000
16.000 1.000 3.000
7.000 4.000 7.000
4.000 4.000 6.000
10.000 4.000 5.000
8.000 4.000 6.000
11.000 2.000 7.000
10.000 3.000 4.000
13.000 7.000 4.000
10.000 4.000 1.000
19.000 3.000 4.000
19.000 6.000 2.000
18.000 3.000 2.000
11.000 4.000 2.000
11.000 4.000 6.000
14.000 10.000 12.000
16.000 4.000 12.000
12.000 8.000 12.000
22.000 19.000 19.000
28.000 26.000 24.000
26.000 39.000 34.000
26.000 40.000 56.000
29.000 46.000 52.000
26.000 67.000 43.000
