79.000 65.000 68.000
7.000 28.000 19.000
19.000 21.000 14.000
5.000 17.000 22.000
18.000 31.000 27.000
17.000 18.000 10.000
12.000 17.000 24.000
10.000 12.000 13.000
10.000 19.000 20.000
10.000 20.000 10.000
18.000 15.000 11.000
13.000 11.000 13.000
15.000 9.000 15.000
9.000 13.000 6.000
11.000 12.000 9.000
5.000 11.000 10.000
14.000 7.000 6.000
13.000 10.000 5.000
12.000 13.000 4.000
10.000 11.000 6.000
9.000 9.000 6.000
8.000 9.000 5.000
14.000 8.000 8.000
12.000 6.000 10.000
6.000 8.000 6.000
17.000 9.000 5.000
7.000 9.000 12.000
10.000 8.000 12.000
11.000 9.000 11.000
12.000 7.000 11.000
9.000 10.000 11.000
5.000 3.000 12.000
11.000 4.000 11.000
14.000 9.000 11.000
12.000 4.000 9.000
17.000 4.000 12.000
13.000 5.000 19.000
17.000 5.000 13.000
12.000 6.000 11.000
7.000 7.000 13.000
11.000 3.000 4.000
13.000 7.000 12.000
6.000 10.000 13.000
7.000 5.000 8.000
20.000 12.000 6.000
9.000 12.000 14.000
16.000 15.000 16.000
16.000 9.000 9.000
16.000 15.000 3.000
11.000 3.000 14.000
22.000 10.000 8.000
18.000 13.000 18.000
20.000 23.000 15.000
30.000 24.000 12.000
16.000 28.000 21.000
15.000 31.000 30.000
25.000 30.000 32.000
16.000 27.000 28.000
