98.000 68.000 71.000
10.000 37.000 33.000
17.000 35.000 10.000
15.000 16.000 25.000
19.000 18.000 27.000
25.000 21.000 17.000
21.000 22.000 21.000
17.000 17.000 22.000
12.000 10.000 19.000
10.000 10.000 17.000
12.000 17.000 7.000
10.000 7.000 12.000
11.000 9.000 11.000
7.000 13.000 6.000
9.000 9.000 14.000
7.000 15.000 10.000
8.000 13.000 9.000
7.000 8.000 10.000
12.000 7.000 3.000
8.000 4.000 9.000
4.000 9.000 3.000
8.000 7.000 3.000
13.000 13.000 6.000
11.000 9.000 12.000
13.000 3.000 6.000
15.000 6.000 5.000
7.000 6.000 4.000
9.000 13.000 5.000
6.000 6.000 8.000
5.000 13.000 7.000
4.000 1.000 6.000
13.000 6.000 10.000
8.000 6.000 13.000
7.000 3.000 11.000
2.000 2.000 6.000
10.000 2.000 7.000
7.000 4.000 3.000
9.000 2.000 7.000
8.000 3.000 9.000
9.000 5.000 4.000
12.000 4.000 7.000
9.000 4.000 10.000
7.000 6.000 4.000
12.000 9.000 6.000
6.000 6.000 5.000
12.000 5.000 4.000
11.000 3.000 6.000
13.000 10.000 6.000
10.000 6.000 5.000
15.000 4.000 8.000
18.000 6.000 10.000
14.000 13.000 7.000
11.000 12.000 20.000
18.000 20.000 26.000
25.000 33.000 24.000
31.000 31.000 26.000
22.000 42.000 31.000
27.000 45.000 41.000
