103.000 69.000 74.000
9.000 13.000 18.000
18.000 20.000 8.000
10.000 24.000 21.000
13.000 15.000 20.000
15.000 19.000 15.000
13.000 12.000 17.000
17.000 18.000 18.000
7.000 17.000 14.000
16.000 12.000 7.000
9.000 7.000 10.000
14.000 11.000 9.000
10.000 8.000 9.000
5.000 12.000 8.000
9.000 16.000 5.000
7.000 7.000 8.000
8.000 6.000 2.000
11.000 11.000 5.000
9.000 5.000 9.000
5.000 7.000 6.000
2.000 9.000 7.000
8.000 3.000 4.000
7.000 7.000 6.000
4.000 3.000 4.000
9.000 10.000 3.000
4.000 12.000 5.000
8.000 7.000 6.000
10.000 3.000 5.000
8.000 3.000 12.000
11.000 2.000 3.000
12.000 6.000 13.000
7.000 2.000 12.000
10.000 5.000 13.000
9.000 3.000 12.000
10.000 4.000 8.000
6.000 3.000 7.000
8.000 4.000 7.000
12.000 1.000 7.000
8.000 5.000 7.000
10.000 2.000 10.000
17.000 4.000 4.000
8.000 6.000 10.000
14.000 3.000 6.000
7.000 7.000 8.000
7.000 5.000 4.000
23.000 8.000 3.000
15.000 10.000 5.000
22.000 10.000 9.000
15.000 11.000 4.000
15.000 5.000 8.000
17.000 10.000 11.000
19.000 10.000 10.000
17.000 14.000 12.000
24.000 23.000 29.000
24.000 43.000 25.000
25.000 42.000 21.000
29.000 52.000 30.000
23.000 54.000 47.000
