90.000 109.000 99.000
5.000 38.000 20.000
19.000 19.000 16.000
14.000 31.000 27.000
21.000 32.000 33.000
20.000 23.000 13.000
22.000 21.000 21.000
24.000 17.000 23.000
14.000 15.000 21.000
18.000 15.000 15.000
14.000 9.000 22.000
10.000 11.000 16.000
17.000 18.000 6.000
15.000 14.000 11.000
22.000 15.000 14.000
9.000 11.000 9.000
11.000 22.000 8.000
13.000 9.000 11.000
13.000 7.000 9.000
8.000 9.000 15.000
18.000 5.000 8.000
12.000 7.000 9.000
8.000 6.000 7.000
13.000 4.000 12.000
5.000 5.000 7.000
7.000 8.000 5.000
12.000 5.000 6.000
14.000 10.000 11.000
9.000 12.000 15.000
12.000 8.000 5.000
9.000 3.000 11.000
7.000 4.000 12.000
10.000 5.000 10.000
9.000 4.000 12.000
9.000 3.000 8.000
5.000 2.000 7.000
7.000 1.000 10.000
4.000 2.000 8.000
6.000 4.000 3.000
7.000 5.000 3.000
6.000 3.000 5.000
3.000 6.000 6.000
4.000 6.000 6.000
9.000 9.000 2.000
6.000 5.000 5.000
5.000 4.000 3.000
6.000 7.000 6.000
10.000 7.000 3.000
6.000 3.000 2.000
13.000 8.000 5.000
8.000 4.000 7.000
17.000 5.000 10.000
13.000 14.000 12.000
20.000 15.000 19.000
20.000 19.000 16.000
24.000 20.000 22.000
22.000 37.000 30.000
33.000 53.000 30.000
