85.000 67.000 26.000
15.000 20.000 19.000
15.000 24.000 8.000
15.000 15.000 18.000
8.000 14.000 19.000
7.000 13.000 10.000
11.000 11.000 15.000
12.000 12.000 10.000
6.000 10.000 16.000
7.000 8.000 11.000
9.000 10.000 10.000
5.000 10.000 10.000
8.000 8.000 11.000
10.000 14.000 8.000
13.000 14.000 5.000
8.000 11.000 4.000
8.000 11.000 8.000
19.000 11.000 9.000
15.000 4.000 1.000
11.000 7.000 8.000
11.000 4.000 5.000
6.000 6.000 2.000
9.000 8.000 5.000
7.000 5.000 5.000
12.000 10.000 5.000
10.000 16.000 3.000
8.000 10.000 7.000
5.000 6.000 10.000
10.000 7.000 7.000
13.000 7.000 7.000
11.000 6.000 9.000
11.000 3.000 11.000
7.000 3.000 13.000
13.000 6.000 7.000
10.000 5.000 8.000
12.000 2.000 6.000
18.000 4.000 9.000
14.000 3.000 8.000
17.000 3.000 14.000
13.000 4.000 8.000
13.000 2.000 4.000
15.000 3.000 7.000
13.000 2.000 9.000
11.000 9.000 5.000
11.000 4.000 4.000
13.000 2.000 5.000
17.000 8.000 9.000
15.000 8.000 12.000
11.000 16.000 8.000
12.000 16.000 16.000
24.000 13.000 8.000
22.000 23.000 13.000
25.000 31.000 12.000
21.000 28.000 22.000
26.000 40.000 22.000
19.000 38.000 21.000
27.000 51.000 28.000
21.000 45.000 43.000
