75.000 55.000 92.000
9.000 13.000 13.000
19.000 20.000 6.000
6.000 14.000 17.000
13.000 18.000 15.000
15.000 17.000 10.000
12.000 21.000 15.000
14.000 23.000 10.000
8.000 12.000 10.000
13.000 9.000 7.000
6.000 8.000 5.000
10.000 17.000 11.000
10.000 11.000 7.000
5.000 6.000 7.000
7.000 14.000 8.000
9.000 7.000 6.000
5.000 9.000 4.000
10.000 8.000 4.000
5.000 6.000 5.000
11.000 7.000 4.000
14.000 4.000 5.000
11.000 4.000 7.000
9.000 11.000 4.000
10.000 9.000 7.000
7.000 7.000 6.000
6.000 1.000 10.000
3.000 5.000 5.000
11.000 8.000 9.000
7.000 4.000 5.000
6.000 5.000 14.000
5.000 9.000 12.000
11.000 3.000 17.000
8.000 5.000 11.000
8.000 4.000 11.000
10.000 2.000 14.000
13.000 5.000 7.000
15.000 3.000 13.000
12.000 3.000 7.000
7.000 3.000 9.000
12.000 4.000 10.000
15.000 4.000 5.000
12.000 6.000 12.000
10.000 6.000 12.000
22.000 11.000 11.000
16.000 12.000 10.000
11.000 8.000 2.000
17.000 13.000 8.000
13.000 13.000 9.000
22.000 11.000 7.000
28.000 16.000 7.000
24.000 9.000 11.000
23.000 16.000 17.000
13.000 22.000 15.000
29.000 23.000 28.000
17.000 34.000 21.000
30.000 35.000 30.000
31.000 47.000 35.000
22.000 48.000 37.000
