90.000 49.000 54.000
9.000 29.000 16.000
17.000 22.000 14.000
8.000 15.000 10.000
9.000 13.000 11.000
8.000 9.000 11.000
8.000 6.000 14.000
7.000 7.000 10.000
2.000 4.000 7.000
7.000 5.000 4.000
5.000 5.000 8.000
5.000 1.000 3.000
5.000 6.000 3.000
5.000 3.000 3.000
9.000 9.000 3.000
6.000 5.000 2.000
3.000 3.000 0.000
5.000 5.000 4.000
4.000 1.000 7.000
2.000 7.000 0.000
6.000 4.000 4.000
5.000 4.000 1.000
7.000 3.000 1.000
3.000 4.000 4.000
2.000 6.000 3.000
3.000 2.000 3.000
7.000 1.000 7.000
8.000 8.000 2.000
10.000 7.000 9.000
3.000 3.000 6.000
7.000 2.000 6.000
5.000 4.000 6.000
8.000 1.000 8.000
10.000 1.000 6.000
15.000 3.000 6.000
10.000 4.000 7.000
10.000 2.000 6.000
16.000 3.000 2.000
9.000 1.000 2.000
14.000 2.000 6.000
14.000 0.000 6.000
18.000 3.000 4.000
7.000 6.000 2.000
13.000 7.000 4.000
12.000 4.000 5.000
11.000 1.000 5.000
22.000 3.000 3.000
14.000 2.000 6.000
21.000 10.000 2.000
21.000 8.000 7.000
23.000 11.000 4.000
24.000 11.000 8.000
24.000 26.000 16.000
24.000 23.000 29.000
32.000 45.000 35.000
39.000 51.000 40.000
33.000 60.000 45.000
39.000 82.000 79.000
