76.000 57.000 59.000
12.000 35.000 19.000
20.000 17.000 12.000
16.000 21.000 26.000
13.000 22.000 14.000
20.000 20.000 20.000
11.000 12.000 11.000
14.000 11.000 16.000
5.000 10.000 12.000
5.000 10.000 17.000
9.000 10.000 2.000
6.000 7.000 10.000
8.000 5.000 9.000
13.000 7.000 9.000
4.000 9.000 5.000
9.000 12.000 2.000
3.000 5.000 4.000
5.000 6.000 7.000
9.000 8.000 8.000
14.000 9.000 4.000
10.000 7.000 5.000
3.000 7.000 5.000
3.000 6.000 2.000
11.000 7.000 6.000
10.000 4.000 3.000
8.000 1.000 4.000
5.000 4.000 12.000
8.000 9.000 7.000
8.000 6.000 9.000
9.000 2.000 5.000
11.000 4.000 7.000
12.000 2.000 11.000
9.000 1.000 5.000
13.000 2.000 7.000
10.000 5.000 11.000
12.000 1.000 2.000
10.000 2.000 3.000
6.000 1.000 7.000
10.000 7.000 7.000
12.000 3.000 6.000
8.000 2.000 3.000
14.000 1.000 3.000
12.000 2.000 8.000
11.000 0.000 3.000
8.000 4.000 3.000
7.000 7.000 4.000
22.000 8.000 3.000
11.000 6.000 2.000
17.000 5.000 8.000
13.000 7.000 8.000
16.000 7.000 6.000
24.000 15.000 12.000
24.000 20.000 12.000
16.000 27.000 12.000
33.000 34.000 28.000
34.000 45.000 37.000
31.000 60.000 33.000
26.000 68.000 54.000
