73.000 35.000 55.000
6.000 15.000 23.000
14.000 17.000 9.000
11.000 15.000 10.000
9.000 19.000 17.000
13.000 13.000 7.000
10.000 11.000 12.000
5.000 11.000 13.000
5.000 8.000 9.000
18.000 13.000 9.000
9.000 9.000 6.000
6.000 6.000 8.000
9.000 6.000 10.000
5.000 8.000 4.000
7.000 5.000 4.000
7.000 12.000 4.000
7.000 8.000 4.000
3.000 4.000 6.000
7.000 5.000 5.000
5.000 4.000 11.000
9.000 3.000 5.000
3.000 5.000 1.000
4.000 4.000 3.000
5.000 5.000 3.000
8.000 3.000 2.000
11.000 3.000 4.000
6.000 4.000 8.000
6.000 9.000 11.000
6.000 6.000 8.000
15.000 6.000 5.000
12.000 6.000 12.000
5.000 5.000 5.000
8.000 2.000 9.000
8.000 1.000 13.000
8.000 5.000 5.000
12.000 2.000 8.000
7.000 1.000 12.000
13.000 2.000 4.000
10.000 4.000 8.000
10.000 0.000 8.000
12.000 4.000 6.000
11.000 6.000 12.000
6.000 5.000 4.000
9.000 6.000 5.000
13.000 5.000 6.000
13.000 9.000 11.000
12.000 10.000 6.000
20.000 11.000 7.000
18.000 11.000 13.000
18.000 7.000 21.000
16.000 9.000 12.000
19.000 12.000 15.000
24.000 20.000 21.000
37.000 15.000 24.000
34.000 37.000 41.000
29.000 49.000 41.000
37.000 58.000 56.000
36.000 72.000 53.000
