90.000 84.000 60.000
7.000 17.000 19.000
7.000 28.000 17.000
7.000 24.000 21.000
12.000 12.000 9.000
14.000 13.000 14.000
12.000 13.000 8.000
19.000 13.000 18.000
8.000 14.000 15.000
19.000 8.000 8.000
12.000 10.000 12.000
9.000 8.000 10.000
12.000 8.000 11.000
11.000 11.000 5.000
7.000 7.000 5.000
12.000 20.000 15.000
11.000 6.000 16.000
7.000 7.000 7.000
9.000 8.000 5.000
11.000 15.000 7.000
17.000 8.000 7.000
6.000 8.000 11.000
13.000 5.000 9.000
13.000 8.000 10.000
7.000 11.000 6.000
11.000 11.000 6.000
11.000 11.000 13.000
8.000 8.000 7.000
8.000 9.000 15.000
12.000 13.000 9.000
12.000 4.000 12.000
8.000 4.000 12.000
9.000 5.000 6.000
11.000 3.000 10.000
11.000 1.000 8.000
12.000 5.000 17.000
7.000 4.000 15.000
5.000 6.000 9.000
8.000 4.000 12.000
11.000 5.000 8.000
7.000 4.000 12.000
12.000 7.000 6.000
9.000 7.000 4.000
13.000 9.000 9.000
7.000 7.000 4.000
15.000 5.000 5.000
12.000 16.000 8.000
13.000 11.000 4.000
10.000 10.000 7.000
17.000 8.000 7.000
12.000 13.000 13.000
17.000 15.000 20.000
27.000 12.000 20.000
25.000 21.000 20.000
32.000 27.000 19.000
20.000 37.000 34.000
19.000 31.000 51.000
21.000 48.000 32.000
