51.000 91.000 52.000
7.000 12.000 16.000
11.000 17.000 16.000
9.000 19.000 23.000
19.000 20.000 19.000
13.000 17.000 20.000
6.000 22.000 13.000
21.000 13.000 12.000
27.000 12.000 12.000
28.000 18.000 19.000
18.000 22.000 29.000
13.000 20.000 25.000
29.000 21.000 19.000
16.000 22.000 26.000
16.000 32.000 22.000
10.000 22.000 17.000
23.000 18.000 15.000
13.000 17.000 12.000
23.000 16.000 16.000
7.000 14.000 9.000
14.000 16.000 9.000
17.000 12.000 11.000
14.000 11.000 8.000
22.000 10.000 4.000
15.000 15.000 12.000
19.000 14.000 12.000
14.000 11.000 7.000
12.000 8.000 13.000
12.000 10.000 20.000
12.000 12.000 17.000
11.000 6.000 14.000
16.000 7.000 15.000
11.000 2.000 16.000
10.000 9.000 12.000
15.000 4.000 22.000
12.000 6.000 10.000
7.000 3.000 8.000
8.000 7.000 11.000
11.000 7.000 10.000
13.000 5.000 10.000
13.000 8.000 14.000
10.000 11.000 13.000
15.000 13.000 9.000
8.000 5.000 12.000
4.000 9.000 1.000
16.000 6.000 11.000
11.000 13.000 7.000
11.000 11.000 8.000
16.000 9.000 12.000
13.000 13.000 8.000
12.000 13.000 18.000
12.000 13.000 12.000
11.000 16.000 11.000
16.000 18.000 15.000
17.000 13.000 14.000
15.000 25.000 14.000
10.000 21.000 16.000
11.000 27.000 18.000
