68.000 55.000 60.000
11.000 26.000 17.000
12.000 18.000 10.000
4.000 24.000 30.000
13.000 17.000 19.000
15.000 13.000 15.000
20.000 20.000 19.000
16.000 12.000 14.000
13.000 11.000 21.000
14.000 6.000 8.000
12.000 13.000 7.000
12.000 12.000 14.000
5.000 19.000 19.000
14.000 12.000 6.000
12.000 13.000 6.000
13.000 14.000 9.000
9.000 6.000 15.000
11.000 10.000 5.000
12.000 7.000 9.000
12.000 13.000 7.000
9.000 5.000 2.000
7.000 6.000 7.000
7.000 5.000 5.000
10.000 9.000 9.000
8.000 9.000 6.000
10.000 4.000 7.000
4.000 6.000 8.000
11.000 12.000 5.000
6.000 6.000 9.000
8.000 10.000 5.000
10.000 8.000 12.000
11.000 5.000 11.000
5.000 4.000 9.000
6.000 3.000 12.000
11.000 5.000 10.000
3.000 6.000 6.000
12.000 0.000 6.000
5.000 5.000 5.000
8.000 3.000 6.000
5.000 4.000 5.000
7.000 5.000 6.000
3.000 3.000 8.000
11.000 2.000 4.000
7.000 5.000 6.000
8.000 6.000 6.000
9.000 9.000 6.000
10.000 3.000 4.000
10.000 8.000 5.000
12.000 6.000 2.000
9.000 8.000 6.000
15.000 8.000 10.000
11.000 9.000 11.000
25.000 19.000 26.000
25.000 21.000 26.000
22.000 31.000 33.000
32.000 37.000 37.000
27.000 42.000 35.000
35.000 70.000 54.000
