90.000 54.000 67.000
11.000 25.000 28.000
15.000 27.000 19.000
10.000 22.000 18.000
19.000 19.000 14.000
18.000 22.000 31.000
13.000 14.000 18.000
19.000 12.000 19.000
23.000 10.000 9.000
15.000 9.000 13.000
16.000 12.000 9.000
13.000 15.000 7.000
18.000 10.000 11.000
11.000 25.000 15.000
15.000 23.000 16.000
11.000 12.000 21.000
15.000 11.000 10.000
8.000 20.000 14.000
21.000 16.000 10.000
15.000 8.000 11.000
8.000 9.000 6.000
7.000 13.000 13.000
9.000 7.000 9.000
9.000 6.000 3.000
14.000 12.000 7.000
5.000 9.000 6.000
7.000 15.000 9.000
4.000 6.000 10.000
7.000 10.000 12.000
10.000 8.000 8.000
12.000 8.000 8.000
10.000 9.000 6.000
10.000 3.000 7.000
15.000 3.000 14.000
10.000 8.000 7.000
5.000 3.000 13.000
18.000 5.000 7.000
10.000 4.000 7.000
9.000 9.000 3.000
7.000 5.000 9.000
15.000 6.000 8.000
11.000 7.000 7.000
9.000 4.000 8.000
15.000 2.000 2.000
10.000 5.000 7.000
15.000 2.000 6.000
6.000 5.000 8.000
8.000 7.000 5.000
11.000 5.000 9.000
15.000 6.000 13.000
11.000 8.000 8.000
19.000 20.000 15.000
19.000 11.000 14.000
18.000 21.000 20.000
25.000 26.000 22.000
18.000 32.000 25.000
26.000 49.000 32.000
16.000 52.000 34.000
