71.000 54.000 92.000
9.000 26.000 20.000
17.000 14.000 12.000
6.000 17.000 16.000
13.000 16.000 19.000
22.000 13.000 9.000
7.000 10.000 12.000
13.000 13.000 10.000
8.000 17.000 10.000
13.000 12.000 12.000
10.000 17.000 9.000
7.000 9.000 10.000
15.000 15.000 12.000
10.000 21.000 7.000
10.000 8.000 8.000
6.000 10.000 6.000
7.000 7.000 7.000
12.000 9.000 6.000
13.000 6.000 7.000
6.000 13.000 6.000
12.000 7.000 10.000
8.000 13.000 8.000
9.000 8.000 7.000
10.000 10.000 8.000
9.000 9.000 7.000
8.000 5.000 9.000
13.000 7.000 11.000
16.000 9.000 9.000
9.000 7.000 17.000
19.000 6.000 15.000
9.000 6.000 10.000
9.000 7.000 8.000
9.000 6.000 11.000
10.000 7.000 17.000
14.000 6.000 8.000
18.000 11.000 15.000
15.000 5.000 10.000
7.000 5.000 13.000
15.000 3.000 13.000
14.000 3.000 10.000
17.000 6.000 16.000
11.000 7.000 8.000
16.000 6.000 9.000
12.000 9.000 8.000
20.000 7.000 7.000
14.000 10.000 6.000
8.000 13.000 8.000
14.000 11.000 10.000
18.000 13.000 8.000
16.000 11.000 15.000
21.000 15.000 9.000
22.000 13.000 12.000
15.000 24.000 19.000
18.000 31.000 21.000
13.000 29.000 18.000
25.000 36.000 22.000
22.000 43.000 43.000
22.000 48.000 30.000
