65.000 66.000 138.000
9.000 28.000 17.000
17.000 23.000 19.000
8.000 19.000 32.000
7.000 21.000 11.000
20.000 21.000 17.000
13.000 26.000 13.000
17.000 20.000 10.000
22.000 20.000 20.000
13.000 28.000 11.000
19.000 20.000 6.000
18.000 10.000 9.000
13.000 25.000 9.000
18.000 24.000 17.000
15.000 19.000 13.000
13.000 17.000 11.000
15.000 8.000 17.000
19.000 13.000 12.000
16.000 15.000 15.000
16.000 13.000 5.000
14.000 7.000 8.000
10.000 13.000 7.000
12.000 10.000 7.000
11.000 4.000 11.000
18.000 9.000 11.000
13.000 9.000 8.000
13.000 10.000 15.000
15.000 7.000 21.000
18.000 2.000 17.000
10.000 5.000 18.000
18.000 4.000 17.000
12.000 5.000 17.000
16.000 5.000 12.000
14.000 5.000 17.000
15.000 4.000 15.000
13.000 2.000 19.000
13.000 6.000 22.000
12.000 8.000 15.000
11.000 5.000 13.000
16.000 9.000 12.000
16.000 16.000 7.000
15.000 15.000 12.000
13.000 17.000 10.000
14.000 14.000 11.000
13.000 14.000 4.000
12.000 16.000 8.000
14.000 20.000 7.000
12.000 16.000 6.000
7.000 13.000 13.000
5.000 12.000 7.000
13.000 17.000 10.000
8.000 10.000 5.000
13.000 12.000 14.000
16.000 21.000 8.000
14.000 21.000 10.000
8.000 13.000 4.000
10.000 24.000 18.000
12.000 32.000 12.000
