86.000 58.000 49.000
6.000 22.000 23.000
8.000 22.000 12.000
7.000 13.000 12.000
15.000 17.000 8.000
9.000 13.000 4.000
7.000 11.000 13.000
18.000 8.000 9.000
8.000 10.000 13.000
12.000 7.000 8.000
6.000 9.000 14.000
14.000 8.000 7.000
13.000 4.000 9.000
6.000 6.000 4.000
8.000 10.000 7.000
6.000 5.000 5.000
6.000 3.000 5.000
16.000 6.000 4.000
9.000 6.000 2.000
9.000 9.000 5.000
9.000 5.000 3.000
10.000 12.000 6.000
9.000 9.000 6.000
6.000 8.000 7.000
8.000 8.000 6.000
7.000 8.000 3.000
14.000 6.000 6.000
12.000 5.000 4.000
13.000 10.000 6.000
5.000 5.000 5.000
15.000 3.000 5.000
6.000 3.000 9.000
17.000 1.000 4.000
11.000 1.000 11.000
6.000 4.000 8.000
17.000 5.000 11.000
13.000 3.000 13.000
10.000 1.000 13.000
9.000 6.000 12.000
10.000 5.000 5.000
13.000 2.000 3.000
8.000 1.000 8.000
11.000 9.000 7.000
13.000 3.000 7.000
12.000 9.000 5.000
12.000 8.000 4.000
26.000 9.000 6.000
14.000 5.000 5.000
18.000 6.000 8.000
19.000 6.000 8.000
26.000 7.000 8.000
25.000 18.000 16.000
33.000 19.000 14.000
23.000 42.000 24.000
30.000 33.000 39.000
28.000 46.000 35.000
20.000 50.000 41.000
32.000 68.000 46.000
