77.000 70.000 96.000
8.000 24.000 16.000
23.000 35.000 22.000
14.000 14.000 21.000
12.000 17.000 27.000
17.000 22.000 17.000
15.000 22.000 20.000
17.000 8.000 14.000
16.000 16.000 9.000
14.000 13.000 18.000
15.000 11.000 9.000
13.000 11.000 11.000
15.000 13.000 9.000
9.000 12.000 9.000
9.000 10.000 10.000
5.000 18.000 8.000
9.000 7.000 7.000
11.000 14.000 11.000
6.000 7.000 11.000
11.000 7.000 5.000
13.000 8.000 5.000
7.000 9.000 5.000
7.000 6.000 6.000
12.000 12.000 13.000
12.000 11.000 5.000
8.000 7.000 7.000
10.000 9.000 10.000
15.000 8.000 9.000
8.000 7.000 6.000
11.000 19.000 16.000
7.000 8.000 12.000
15.000 6.000 10.000
13.000 5.000 18.000
17.000 2.000 11.000
6.000 3.000 9.000
11.000 3.000 12.000
8.000 2.000 10.000
6.000 4.000 9.000
10.000 9.000 12.000
9.000 4.000 14.000
5.000 6.000 7.000
15.000 9.000 8.000
10.000 4.000 10.000
10.000 4.000 5.000
7.000 11.000 6.000
9.000 14.000 7.000
4.000 9.000 3.000
12.000 10.000 4.000
12.000 17.000 8.000
10.000 4.000 15.000
10.000 9.000 13.000
13.000 17.000 18.000
21.000 14.000 12.000
21.000 18.000 21.000
19.000 18.000 16.000
26.000 27.000 30.000
29.000 44.000 28.000
28.000 44.000 37.000
