67.000 31.000 78.000
8.000 15.000 13.000
13.000 26.000 11.000
6.000 25.000 7.000
19.000 18.000 11.000
11.000 24.000 18.000
12.000 16.000 9.000
11.000 12.000 12.000
9.000 6.000 10.000
13.000 12.000 5.000
8.000 7.000 4.000
8.000 4.000 6.000
11.000 6.000 7.000
5.000 8.000 4.000
13.000 4.000 2.000
4.000 5.000 5.000
9.000 8.000 4.000
7.000 11.000 5.000
11.000 3.000 4.000
8.000 8.000 4.000
8.000 2.000 7.000
7.000 6.000 4.000
9.000 9.000 4.000
8.000 11.000 9.000
3.000 7.000 7.000
6.000 5.000 5.000
12.000 11.000 7.000
13.000 5.000 10.000
10.000 3.000 13.000
10.000 9.000 11.000
10.000 7.000 12.000
11.000 3.000 12.000
12.000 3.000 11.000
12.000 3.000 8.000
15.000 2.000 8.000
14.000 1.000 13.000
15.000 1.000 12.000
14.000 5.000 11.000
16.000 4.000 12.000
16.000 3.000 10.000
17.000 4.000 13.000
9.000 6.000 2.000
13.000 12.000 4.000
15.000 5.000 13.000
23.000 11.000 8.000
12.000 9.000 9.000
18.000 9.000 2.000
7.000 11.000 7.000
22.000 15.000 11.000
22.000 8.000 12.000
20.000 19.000 11.000
20.000 13.000 16.000
18.000 27.000 27.000
22.000 29.000 25.000
27.000 31.000 35.000
16.000 39.000 32.000
28.000 54.000 44.000
33.000 42.000 37.000
