98.000 98.000 98.000
37.000 37.000 37.000
14.000 14.000 14.000
22.000 22.000 22.000
25.000 25.000 25.000
18.000 18.000 18.000
20.000 20.000 20.000
16.000 16.000 16.000
25.000 25.000 25.000
13.000 13.000 13.000
12.000 12.000 12.000
15.000 15.000 15.000
15.000 15.000 15.000
21.000 21.000 21.000
21.000 21.000 21.000
27.000 27.000 27.000
19.000 19.000 19.000
13.000 13.000 13.000
6.000 6.000 6.000
3.000 3.000 3.000
3.000 3.000 3.000
2.000 2.000 2.000
1.000 1.000 1.000
3.000 3.000 3.000
0.000 0.000 0.000
6.000 6.000 6.000
3.000 3.000 3.000
6.000 6.000 6.000
2.000 2.000 2.000
3.000 3.000 3.000
2.000 2.000 2.000
2.000 2.000 2.000
0.000 0.000 0.000
0.000 0.000 0.000
0.000 0.000 0.000
0.000 0.000 0.000
0.000 0.000 0.000
0.000 0.000 0.000
0.000 0.000 0.000
0.000 0.000 0.000
0.000 0.000 0.000
0.000 0.000 0.000
0.000 0.000 0.000
0.000 0.000 0.000
0.000 0.000 0.000
0.000 0.000 0.000
0.000 0.000 0.000
0.000 0.000 0.000
0.000 0.000 0.000
0.000 0.000 0.000
0.000 0.000 0.000
0.000 0.000 0.000
2.000 2.000 2.000
2.000 2.000 2.000
14.000 14.000 14.000
29.000 29.000 29.000
50.000 50.000 50.000
83.000 83.000 83.000
