86.000 52.000 80.000
9.000 24.000 21.000
16.000 11.000 8.000
13.000 19.000 12.000
14.000 18.000 15.000
20.000 16.000 14.000
7.000 17.000 13.000
16.000 15.000 12.000
10.000 14.000 14.000
12.000 26.000 11.000
7.000 20.000 9.000
15.000 5.000 10.000
17.000 17.000 14.000
8.000 14.000 14.000
14.000 17.000 17.000
12.000 16.000 12.000
9.000 12.000 13.000
9.000 8.000 9.000
10.000 12.000 8.000
14.000 11.000 9.000
6.000 6.000 10.000
13.000 4.000 8.000
6.000 8.000 6.000
10.000 7.000 5.000
12.000 8.000 8.000
7.000 12.000 8.000
9.000 7.000 8.000
10.000 8.000 13.000
11.000 8.000 4.000
9.000 12.000 9.000
4.000 6.000 14.000
11.000 6.000 8.000
9.000 4.000 7.000
8.000 4.000 15.000
9.000 8.000 9.000
11.000 7.000 11.000
7.000 2.000 11.000
9.000 9.000 12.000
10.000 5.000 8.000
8.000 4.000 5.000
6.000 5.000 11.000
16.000 4.000 9.000
7.000 6.000 14.000
11.000 3.000 7.000
13.000 10.000 6.000
14.000 13.000 6.000
16.000 11.000 7.000
16.000 12.000 7.000
8.000 13.000 6.000
18.000 12.000 12.000
19.000 13.000 13.000
19.000 7.000 16.000
22.000 21.000 13.000
15.000 19.000 20.000
32.000 38.000 24.000
25.000 32.000 34.000
23.000 45.000 32.000
23.000 43.000 33.000
