87.000 44.000 75.000
9.000 23.000 16.000
10.000 25.000 11.000
9.000 16.000 12.000
15.000 13.000 17.000
10.000 19.000 12.000
13.000 8.000 9.000
16.000 19.000 11.000
10.000 14.000 17.000
11.000 13.000 7.000
8.000 13.000 12.000
6.000 5.000 13.000
9.000 10.000 8.000
10.000 6.000 7.000
10.000 5.000 6.000
10.000 10.000 13.000
11.000 16.000 10.000
10.000 12.000 4.000
15.000 7.000 2.000
10.000 6.000 7.000
10.000 13.000 5.000
5.000 8.000 4.000
12.000 3.000 4.000
5.000 8.000 7.000
9.000 12.000 15.000
8.000 7.000 9.000
6.000 9.000 9.000
9.000 12.000 11.000
11.000 15.000 12.000
7.000 4.000 11.000
13.000 9.000 13.000
7.000 6.000 18.000
4.000 4.000 11.000
15.000 0.000 7.000
10.000 1.000 10.000
18.000 1.000 9.000
8.000 4.000 13.000
12.000 7.000 15.000
8.000 3.000 11.000
17.000 6.000 11.000
9.000 8.000 14.000
15.000 11.000 14.000
8.000 6.000 11.000
15.000 4.000 5.000
17.000 11.000 8.000
12.000 12.000 10.000
10.000 8.000 10.000
20.000 13.000 13.000
23.000 20.000 13.000
18.000 13.000 11.000
20.000 16.000 10.000
13.000 12.000 17.000
25.000 23.000 18.000
28.000 31.000 15.000
16.000 28.000 37.000
29.000 33.000 33.000
30.000 38.000 25.000
23.000 43.000 34.000
