144.000 70.000 88.000
12.000 17.000 22.000
15.000 19.000 13.000
14.000 17.000 27.000
18.000 19.000 26.000
14.000 22.000 14.000
5.000 23.000 21.000
14.000 31.000 21.000
12.000 25.000 13.000
5.000 17.000 11.000
8.000 12.000 10.000
9.000 10.000 12.000
15.000 18.000 8.000
3.000 8.000 7.000
8.000 11.000 6.000
10.000 5.000 7.000
12.000 8.000 4.000
10.000 10.000 4.000
9.000 3.000 9.000
8.000 8.000 2.000
5.000 11.000 6.000
12.000 10.000 7.000
12.000 8.000 10.000
19.000 7.000 10.000
10.000 5.000 11.000
8.000 10.000 8.000
5.000 7.000 8.000
13.000 9.000 7.000
12.000 12.000 9.000
8.000 3.000 18.000
13.000 4.000 15.000
6.000 4.000 19.000
14.000 2.000 8.000
8.000 2.000 10.000
14.000 4.000 13.000
10.000 5.000 7.000
10.000 1.000 9.000
7.000 3.000 9.000
15.000 2.000 9.000
8.000 7.000 3.000
11.000 8.000 6.000
10.000 12.000 6.000
7.000 11.000 7.000
12.000 15.000 1.000
7.000 6.000 9.000
8.000 13.000 8.000
17.000 8.000 5.000
13.000 9.000 4.000
14.000 7.000 8.000
10.000 10.000 8.000
18.000 4.000 21.000
19.000 12.000 11.000
17.000 13.000 16.000
19.000 21.000 18.000
21.000 24.000 27.000
21.000 41.000 28.000
25.000 42.000 17.000
10.000 48.000 36.000
