106.000 94.000 63.000
17.000 33.000 26.000
33.000 35.000 23.000
12.000 31.000 34.000
17.000 12.000 25.000
18.000 13.000 23.000
15.000 20.000 23.000
16.000 21.000 20.000
15.000 19.000 22.000
17.000 11.000 9.000
14.000 7.000 12.000
16.000 9.000 15.000
18.000 26.000 20.000
8.000 17.000 19.000
21.000 18.000 13.000
20.000 18.000 15.000
16.000 14.000 5.000
8.000 15.000 21.000
10.000 14.000 10.000
14.000 5.000 11.000
8.000 3.000 9.000
12.000 6.000 8.000
12.000 8.000 6.000
4.000 6.000 8.000
9.000 8.000 5.000
5.000 10.000 6.000
9.000 12.000 8.000
8.000 5.000 9.000
8.000 7.000 11.000
8.000 5.000 2.000
7.000 5.000 7.000
7.000 6.000 9.000
7.000 4.000 6.000
5.000 4.000 9.000
2.000 2.000 4.000
3.000 1.000 5.000
3.000 2.000 4.000
2.000 1.000 6.000
4.000 5.000 5.000
7.000 1.000 5.000
4.000 1.000 2.000
4.000 4.000 2.000
4.000 1.000 2.000
6.000 6.000 1.000
6.000 0.000 4.000
4.000 1.000 2.000
5.000 6.000 3.000
10.000 5.000 2.000
6.000 1.000 2.000
4.000 5.000 2.000
11.000 1.000 3.000
16.000 7.000 7.000
16.000 14.000 15.000
26.000 11.000 17.000
25.000 29.000 17.000
24.000 41.000 28.000
41.000 45.000 36.000
27.000 46.000 42.000
