83.000 66.000 97.000
13.000 36.000 20.000
24.000 22.000 20.000
10.000 18.000 24.000
18.000 24.000 25.000
17.000 19.000 15.000
19.000 15.000 7.000
16.000 15.000 17.000
12.000 19.000 17.000
19.000 16.000 10.000
20.000 17.000 10.000
16.000 11.000 11.000
11.000 17.000 10.000
9.000 12.000 6.000
10.000 15.000 17.000
9.000 7.000 12.000
14.000 11.000 8.000
16.000 11.000 3.000
7.000 5.000 6.000
9.000 9.000 10.000
6.000 6.000 4.000
4.000 7.000 4.000
6.000 4.000 7.000
9.000 8.000 5.000
8.000 14.000 3.000
10.000 7.000 13.000
4.000 13.000 10.000
11.000 9.000 12.000
4.000 5.000 12.000
8.000 12.000 9.000
8.000 10.000 10.000
7.000 6.000 13.000
11.000 9.000 13.000
13.000 6.000 17.000
12.000 3.000 12.000
10.000 2.000 13.000
7.000 2.000 14.000
5.000 7.000 11.000
6.000 7.000 12.000
10.000 3.000 13.000
13.000 7.000 9.000
14.000 5.000 13.000
10.000 13.000 8.000
8.000 4.000 7.000
13.000 12.000 6.000
10.000 25.000 9.000
14.000 14.000 10.000
14.000 7.000 2.000
13.000 7.000 4.000
9.000 8.000 9.000
17.000 5.000 14.000
17.000 12.000 9.000
17.000 12.000 23.000
18.000 18.000 20.000
17.000 23.000 19.000
20.000 34.000 25.000
29.000 25.000 25.000
22.000 52.000 24.000
