88.000 67.000 84.000
13.000 28.000 13.000
13.000 27.000 14.000
11.000 21.000 22.000
10.000 19.000 12.000
11.000 20.000 9.000
11.000 12.000 6.000
13.000 16.000 13.000
10.000 6.000 10.000
22.000 12.000 14.000
10.000 8.000 7.000
11.000 16.000 12.000
6.000 14.000 6.000
9.000 11.000 16.000
10.000 13.000 13.000
10.000 15.000 3.000
10.000 11.000 7.000
13.000 22.000 8.000
8.000 11.000 8.000
8.000 9.000 10.000
14.000 10.000 6.000
17.000 12.000 7.000
11.000 11.000 5.000
11.000 7.000 7.000
9.000 6.000 7.000
14.000 13.000 10.000
10.000 8.000 13.000
15.000 8.000 11.000
10.000 10.000 13.000
18.000 7.000 18.000
9.000 5.000 9.000
17.000 9.000 15.000
15.000 7.000 13.000
15.000 3.000 10.000
17.000 3.000 18.000
16.000 4.000 15.000
15.000 7.000 16.000
13.000 9.000 15.000
11.000 5.000 13.000
12.000 5.000 13.000
14.000 10.000 10.000
9.000 6.000 9.000
17.000 6.000 9.000
13.000 12.000 16.000
17.000 17.000 16.000
9.000 14.000 17.000
15.000 11.000 8.000
12.000 10.000 5.000
15.000 18.000 10.000
11.000 17.000 6.000
10.000 14.000 17.000
21.000 17.000 11.000
12.000 18.000 17.000
19.000 25.000 25.000
17.000 23.000 24.000
23.000 25.000 22.000
24.000 34.000 23.000
16.000 33.000 18.000
