81.000 53.000 68.000
6.000 23.000 18.000
10.000 12.000 15.000
5.000 21.000 21.000
19.000 28.000 15.000
12.000 19.000 20.000
17.000 17.000 15.000
18.000 18.000 14.000
8.000 13.000 10.000
15.000 14.000 6.000
11.000 7.000 15.000
13.000 10.000 7.000
11.000 8.000 10.000
5.000 20.000 5.000
16.000 14.000 7.000
11.000 8.000 6.000
10.000 12.000 9.000
11.000 16.000 9.000
10.000 12.000 9.000
8.000 13.000 6.000
9.000 7.000 6.000
4.000 7.000 6.000
8.000 7.000 7.000
9.000 14.000 8.000
6.000 8.000 6.000
12.000 8.000 5.000
6.000 8.000 7.000
6.000 12.000 5.000
11.000 6.000 4.000
14.000 4.000 13.000
18.000 11.000 2.000
11.000 7.000 7.000
12.000 1.000 6.000
11.000 7.000 11.000
15.000 2.000 11.000
6.000 2.000 10.000
4.000 4.000 10.000
11.000 3.000 6.000
8.000 1.000 8.000
9.000 4.000 11.000
12.000 7.000 10.000
7.000 5.000 7.000
15.000 4.000 10.000
12.000 8.000 5.000
12.000 6.000 7.000
13.000 13.000 4.000
18.000 12.000 14.000
20.000 5.000 12.000
13.000 3.000 10.000
12.000 8.000 7.000
15.000 15.000 14.000
18.000 19.000 11.000
21.000 21.000 18.000
20.000 13.000 18.000
26.000 27.000 25.000
24.000 40.000 29.000
21.000 40.000 28.000
23.000 54.000 39.000
