116.000 84.000 90.000
18.000 31.000 31.000
12.000 31.000 17.000
17.000 28.000 21.000
28.000 22.000 27.000
21.000 21.000 26.000
16.000 18.000 16.000
12.000 23.000 22.000
13.000 14.000 20.000
20.000 16.000 10.000
12.000 13.000 19.000
14.000 10.000 14.000
9.000 14.000 15.000
12.000 12.000 8.000
17.000 12.000 11.000
12.000 21.000 18.000
10.000 11.000 13.000
10.000 14.000 9.000
5.000 13.000 12.000
11.000 12.000 10.000
14.000 8.000 6.000
9.000 6.000 9.000
8.000 5.000 8.000
8.000 10.000 5.000
6.000 10.000 6.000
15.000 7.000 8.000
11.000 11.000 2.000
5.000 10.000 7.000
7.000 5.000 10.000
9.000 9.000 9.000
5.000 7.000 9.000
6.000 7.000 6.000
6.000 3.000 5.000
5.000 2.000 7.000
4.000 1.000 7.000
5.000 1.000 6.000
5.000 1.000 10.000
5.000 6.000 4.000
9.000 4.000 5.000
8.000 6.000 10.000
8.000 9.000 4.000
5.000 2.000 1.000
10.000 6.000 8.000
9.000 4.000 4.000
8.000 4.000 5.000
5.000 4.000 4.000
10.000 3.000 3.000
9.000 6.000 7.000
8.000 5.000 3.000
10.000 5.000 2.000
14.000 4.000 10.000
15.000 9.000 10.000
21.000 5.000 10.000
22.000 13.000 9.000
21.000 18.000 20.000
24.000 30.000 29.000
26.000 40.000 28.000
24.000 55.000 58.000
