79.000 62.000 75.000
19.000 32.000 22.000
30.000 22.000 20.000
9.000 23.000 26.000
21.000 16.000 14.000
23.000 32.000 12.000
13.000 19.000 24.000
10.000 17.000 21.000
12.000 16.000 21.000
11.000 18.000 14.000
10.000 10.000 15.000
16.000 6.000 12.000
14.000 11.000 12.000
8.000 16.000 12.000
11.000 8.000 10.000
11.000 23.000 9.000
10.000 11.000 9.000
16.000 15.000 11.000
10.000 13.000 6.000
14.000 15.000 6.000
11.000 7.000 7.000
5.000 3.000 9.000
8.000 6.000 8.000
9.000 6.000 12.000
10.000 13.000 3.000
15.000 17.000 8.000
13.000 9.000 9.000
8.000 11.000 10.000
10.000 5.000 7.000
10.000 8.000 10.000
9.000 5.000 13.000
5.000 10.000 10.000
7.000 3.000 8.000
10.000 4.000 9.000
6.000 1.000 9.000
4.000 4.000 10.000
8.000 8.000 15.000
9.000 8.000 6.000
12.000 3.000 13.000
11.000 4.000 7.000
4.000 3.000 11.000
5.000 9.000 5.000
14.000 0.000 10.000
12.000 11.000 3.000
12.000 6.000 8.000
12.000 9.000 6.000
6.000 12.000 6.000
11.000 9.000 5.000
10.000 4.000 7.000
13.000 9.000 9.000
16.000 10.000 13.000
18.000 10.000 13.000
21.000 17.000 28.000
26.000 13.000 19.000
21.000 28.000 14.000
16.000 22.000 26.000
17.000 42.000 23.000
21.000 52.000 31.000
