127.000 55.000 74.000
15.000 43.000 27.000
17.000 24.000 14.000
13.000 27.000 18.000
17.000 21.000 25.000
14.000 17.000 12.000
11.000 21.000 20.000
19.000 17.000 18.000
20.000 14.000 17.000
14.000 23.000 12.000
11.000 9.000 11.000
15.000 14.000 5.000
11.000 14.000 15.000
7.000 13.000 17.000
18.000 12.000 11.000
7.000 7.000 9.000
12.000 14.000 10.000
9.000 8.000 5.000
10.000 13.000 9.000
3.000 6.000 5.000
9.000 7.000 6.000
13.000 8.000 5.000
4.000 9.000 8.000
13.000 4.000 9.000
7.000 13.000 5.000
9.000 5.000 9.000
11.000 12.000 8.000
9.000 9.000 12.000
7.000 4.000 8.000
12.000 4.000 8.000
11.000 5.000 7.000
13.000 9.000 17.000
7.000 3.000 11.000
16.000 3.000 10.000
6.000 6.000 7.000
10.000 6.000 11.000
6.000 4.000 9.000
5.000 3.000 9.000
10.000 6.000 6.000
9.000 5.000 17.000
14.000 8.000 11.000
7.000 7.000 4.000
5.000 2.000 8.000
11.000 14.000 14.000
14.000 7.000 4.000
8.000 8.000 7.000
5.000 4.000 5.000
7.000 11.000 4.000
19.000 8.000 4.000
8.000 11.000 8.000
8.000 12.000 9.000
13.000 9.000 17.000
24.000 15.000 17.000
24.000 17.000 13.000
27.000 21.000 19.000
24.000 22.000 25.000
20.000 38.000 33.000
23.000 50.000 39.000
