81.000 69.000 50.000
7.000 21.000 20.000
10.000 15.000 11.000
10.000 11.000 12.000
19.000 8.000 19.000
19.000 11.000 12.000
5.000 7.000 18.000
21.000 4.000 11.000
8.000 9.000 7.000
13.000 11.000 8.000
8.000 9.000 11.000
7.000 11.000 8.000
12.000 11.000 8.000
3.000 6.000 10.000
6.000 15.000 7.000
6.000 13.000 4.000
12.000 8.000 7.000
9.000 10.000 6.000
8.000 8.000 5.000
1.000 10.000 7.000
6.000 9.000 4.000
8.000 4.000 3.000
11.000 4.000 5.000
13.000 8.000 2.000
9.000 9.000 5.000
13.000 4.000 10.000
8.000 6.000 6.000
10.000 8.000 8.000
5.000 7.000 9.000
7.000 10.000 8.000
11.000 10.000 5.000
13.000 3.000 8.000
13.000 9.000 11.000
19.000 8.000 10.000
9.000 2.000 11.000
9.000 3.000 4.000
12.000 2.000 6.000
10.000 4.000 10.000
18.000 5.000 10.000
14.000 5.000 18.000
12.000 6.000 10.000
14.000 5.000 7.000
23.000 10.000 7.000
15.000 3.000 13.000
13.000 6.000 8.000
20.000 4.000 7.000
12.000 8.000 7.000
13.000 10.000 2.000
21.000 17.000 6.000
26.000 8.000 9.000
22.000 12.000 8.000
13.000 26.000 13.000
25.000 24.000 8.000
31.000 22.000 25.000
24.000 26.000 20.000
21.000 48.000 28.000
18.000 55.000 40.000
22.000 55.000 40.000
