82.000 50.000 91.000
11.000 24.000 19.000
22.000 24.000 16.000
7.000 19.000 22.000
15.000 28.000 17.000
14.000 17.000 11.000
12.000 19.000 14.000
12.000 14.000 12.000
12.000 11.000 11.000
14.000 16.000 10.000
5.000 10.000 13.000
8.000 5.000 9.000
13.000 15.000 11.000
5.000 8.000 9.000
11.000 9.000 7.000
8.000 11.000 7.000
8.000 12.000 10.000
11.000 14.000 9.000
11.000 14.000 12.000
11.000 7.000 8.000
13.000 9.000 7.000
8.000 10.000 9.000
9.000 7.000 6.000
14.000 6.000 10.000
11.000 11.000 13.000
11.000 13.000 5.000
10.000 8.000 8.000
12.000 13.000 7.000
12.000 12.000 5.000
10.000 11.000 11.000
14.000 11.000 11.000
9.000 5.000 14.000
10.000 6.000 14.000
10.000 8.000 17.000
11.000 5.000 9.000
7.000 6.000 15.000
8.000 2.000 7.000
9.000 7.000 14.000
13.000 4.000 9.000
6.000 7.000 13.000
9.000 3.000 4.000
17.000 12.000 10.000
7.000 5.000 5.000
10.000 12.000 7.000
10.000 8.000 6.000
10.000 11.000 10.000
25.000 6.000 5.000
17.000 7.000 4.000
16.000 10.000 9.000
21.000 12.000 14.000
31.000 12.000 10.000
22.000 17.000 19.000
12.000 25.000 21.000
32.000 20.000 20.000
19.000 27.000 22.000
24.000 23.000 35.000
18.000 37.000 32.000
18.000 39.000 36.000
