85.000 63.000 89.000
13.000 28.000 22.000
21.000 36.000 13.000
9.000 30.000 18.000
14.000 15.000 21.000
19.000 18.000 18.000
18.000 21.000 26.000
20.000 13.000 23.000
10.000 15.000 9.000
12.000 10.000 7.000
12.000 14.000 10.000
6.000 5.000 4.000
9.000 7.000 7.000
8.000 11.000 8.000
8.000 10.000 8.000
13.000 15.000 3.000
7.000 5.000 10.000
12.000 3.000 4.000
8.000 4.000 9.000
10.000 8.000 7.000
7.000 6.000 3.000
8.000 8.000 5.000
8.000 9.000 4.000
9.000 9.000 5.000
10.000 4.000 6.000
6.000 9.000 6.000
5.000 5.000 6.000
7.000 6.000 10.000
9.000 5.000 7.000
4.000 8.000 8.000
6.000 5.000 14.000
10.000 9.000 7.000
10.000 2.000 8.000
6.000 2.000 12.000
7.000 3.000 8.000
14.000 2.000 7.000
9.000 6.000 5.000
5.000 4.000 9.000
12.000 3.000 7.000
8.000 5.000 8.000
6.000 7.000 3.000
11.000 6.000 7.000
12.000 5.000 7.000
3.000 5.000 4.000
7.000 3.000 5.000
11.000 7.000 3.000
10.000 7.000 3.000
13.000 6.000 2.000
15.000 6.000 4.000
13.000 4.000 4.000
17.000 13.000 9.000
21.000 14.000 9.000
31.000 12.000 22.000
27.000 20.000 30.000
29.000 28.000 26.000
23.000 31.000 31.000
25.000 44.000 44.000
37.000 63.000 39.000
