84.000 48.000 70.000
9.000 25.000 25.000
9.000 23.000 14.000
9.000 29.000 11.000
15.000 16.000 13.000
16.000 16.000 9.000
9.000 22.000 14.000
11.000 11.000 11.000
10.000 7.000 5.000
13.000 4.000 11.000
9.000 7.000 13.000
16.000 8.000 12.000
9.000 6.000 6.000
6.000 9.000 9.000
13.000 11.000 12.000
9.000 11.000 9.000
7.000 7.000 6.000
3.000 7.000 3.000
6.000 7.000 5.000
6.000 7.000 6.000
4.000 3.000 2.000
7.000 6.000 2.000
4.000 3.000 3.000
8.000 4.000 4.000
10.000 7.000 1.000
5.000 14.000 3.000
9.000 4.000 4.000
13.000 8.000 7.000
9.000 9.000 10.000
7.000 9.000 6.000
6.000 7.000 8.000
12.000 8.000 4.000
8.000 1.000 8.000
9.000 4.000 6.000
14.000 2.000 6.000
12.000 4.000 9.000
17.000 2.000 10.000
9.000 3.000 9.000
18.000 4.000 2.000
9.000 2.000 8.000
13.000 1.000 4.000
14.000 5.000 5.000
12.000 2.000 3.000
13.000 6.000 5.000
9.000 1.000 7.000
16.000 1.000 5.000
19.000 4.000 3.000
19.000 3.000 4.000
14.000 9.000 11.000
12.000 7.000 5.000
21.000 14.000 6.000
19.000 20.000 10.000
18.000 20.000 12.000
20.000 39.000 21.000
25.000 30.000 30.000
26.000 39.000 32.000
25.000 47.000 34.000
27.000 78.000 49.000
