99.000 83.000 94.000
12.000 36.000 32.000
20.000 33.000 14.000
16.000 24.000 18.000
19.000 20.000 25.000
23.000 20.000 17.000
10.000 20.000 16.000
18.000 17.000 22.000
13.000 17.000 14.000
13.000 12.000 18.000
7.000 18.000 8.000
18.000 7.000 17.000
11.000 9.000 7.000
14.000 6.000 7.000
8.000 11.000 8.000
8.000 9.000 6.000
4.000 10.000 12.000
8.000 11.000 6.000
9.000 10.000 6.000
12.000 2.000 3.000
9.000 5.000 9.000
8.000 8.000 8.000
13.000 11.000 3.000
9.000 8.000 5.000
6.000 6.000 12.000
9.000 6.000 9.000
7.000 6.000 5.000
12.000 6.000 11.000
7.000 9.000 8.000
9.000 7.000 11.000
7.000 7.000 9.000
9.000 8.000 14.000
9.000 6.000 9.000
4.000 5.000 6.000
11.000 3.000 9.000
9.000 2.000 8.000
6.000 4.000 8.000
7.000 2.000 10.000
5.000 5.000 9.000
7.000 6.000 10.000
8.000 5.000 4.000
13.000 9.000 6.000
6.000 6.000 4.000
3.000 4.000 6.000
6.000 6.000 9.000
10.000 5.000 5.000
17.000 12.000 4.000
7.000 14.000 8.000
10.000 4.000 4.000
19.000 8.000 5.000
10.000 6.000 8.000
14.000 6.000 11.000
17.000 12.000 9.000
25.000 19.000 15.000
16.000 23.000 17.000
21.000 39.000 31.000
19.000 39.000 30.000
30.000 48.000 36.000
