127.000 83.000 129.000
11.000 37.000 28.000
24.000 21.000 17.000
15.000 32.000 19.000
30.000 31.000 30.000
20.000 29.000 24.000
17.000 21.000 21.000
11.000 17.000 19.000
11.000 17.000 16.000
11.000 20.000 11.000
15.000 25.000 9.000
8.000 12.000 12.000
8.000 17.000 12.000
9.000 20.000 11.000
8.000 19.000 13.000
11.000 9.000 10.000
9.000 12.000 9.000
16.000 7.000 8.000
12.000 8.000 12.000
14.000 11.000 11.000
13.000 10.000 6.000
8.000 12.000 8.000
18.000 6.000 13.000
9.000 6.000 7.000
14.000 6.000 12.000
13.000 12.000 8.000
12.000 9.000 8.000
18.000 8.000 11.000
9.000 2.000 22.000
17.000 9.000 15.000
15.000 6.000 6.000
17.000 10.000 13.000
7.000 6.000 13.000
11.000 9.000 15.000
15.000 6.000 11.000
10.000 3.000 11.000
13.000 4.000 13.000
7.000 5.000 12.000
14.000 4.000 8.000
8.000 8.000 10.000
5.000 10.000 13.000
15.000 7.000 6.000
9.000 10.000 6.000
3.000 9.000 8.000
12.000 16.000 12.000
12.000 10.000 4.000
9.000 6.000 5.000
8.000 14.000 4.000
12.000 11.000 7.000
11.000 13.000 10.000
8.000 15.000 10.000
14.000 14.000 12.000
5.000 14.000 12.000
10.000 16.000 13.000
14.000 23.000 22.000
24.000 14.000 14.000
13.000 21.000 17.000
16.000 24.000 18.000
