118.000 87.000 89.000
14.000 31.000 30.000
22.000 33.000 19.000
21.000 30.000 27.000
22.000 28.000 18.000
20.000 23.000 21.000
24.000 24.000 18.000
14.000 20.000 19.000
17.000 21.000 18.000
19.000 18.000 21.000
9.000 12.000 13.000
13.000 9.000 11.000
15.000 16.000 7.000
7.000 9.000 9.000
14.000 9.000 11.000
10.000 9.000 8.000
12.000 9.000 9.000
9.000 15.000 10.000
11.000 6.000 5.000
12.000 9.000 3.000
7.000 8.000 6.000
7.000 12.000 9.000
8.000 7.000 6.000
6.000 4.000 6.000
15.000 8.000 4.000
11.000 4.000 10.000
8.000 4.000 9.000
6.000 16.000 12.000
10.000 5.000 9.000
9.000 14.000 12.000
12.000 11.000 6.000
9.000 6.000 11.000
11.000 4.000 6.000
9.000 6.000 9.000
9.000 7.000 9.000
10.000 5.000 10.000
5.000 5.000 10.000
11.000 5.000 6.000
7.000 4.000 13.000
4.000 2.000 7.000
7.000 4.000 14.000
9.000 7.000 8.000
13.000 10.000 10.000
10.000 3.000 14.000
6.000 8.000 10.000
7.000 6.000 9.000
10.000 8.000 8.000
11.000 12.000 9.000
13.000 8.000 11.000
5.000 13.000 10.000
12.000 10.000 7.000
16.000 6.000 6.000
16.000 12.000 15.000
16.000 19.000 17.000
27.000 16.000 19.000
14.000 29.000 21.000
27.000 36.000 20.000
32.000 40.000 17.000
