92.000 65.000 57.000
6.000 23.000 14.000
14.000 17.000 11.000
5.000 14.000 18.000
10.000 12.000 13.000
13.000 12.000 13.000
12.000 7.000 10.000
10.000 12.000 11.000
10.000 11.000 14.000
5.000 8.000 8.000
10.000 12.000 14.000
11.000 14.000 9.000
7.000 6.000 9.000
13.000 15.000 9.000
7.000 14.000 9.000
4.000 9.000 7.000
11.000 11.000 10.000
8.000 11.000 11.000
9.000 12.000 5.000
5.000 3.000 5.000
7.000 9.000 6.000
6.000 8.000 11.000
8.000 8.000 3.000
11.000 11.000 4.000
7.000 10.000 10.000
9.000 11.000 10.000
13.000 3.000 7.000
10.000 15.000 12.000
9.000 10.000 16.000
14.000 6.000 14.000
14.000 7.000 16.000
5.000 7.000 11.000
10.000 2.000 10.000
12.000 3.000 13.000
13.000 3.000 7.000
14.000 2.000 16.000
14.000 8.000 7.000
15.000 5.000 7.000
11.000 4.000 6.000
12.000 2.000 10.000
16.000 4.000 12.000
14.000 9.000 8.000
11.000 10.000 14.000
15.000 6.000 9.000
24.000 8.000 7.000
18.000 8.000 9.000
11.000 8.000 5.000
18.000 10.000 5.000
18.000 13.000 3.000
20.000 23.000 12.000
21.000 15.000 14.000
13.000 14.000 18.000
16.000 25.000 12.000
18.000 28.000 24.000
18.000 29.000 25.000
21.000 40.000 34.000
21.000 40.000 31.000
21.000 50.000 40.000
