108.000 95.000 81.000
15.000 34.000 30.000
17.000 28.000 13.000
16.000 27.000 25.000
16.000 28.000 33.000
20.000 20.000 15.000
11.000 22.000 22.000
19.000 14.000 17.000
13.000 12.000 20.000
25.000 11.000 16.000
9.000 8.000 14.000
19.000 17.000 10.000
10.000 14.000 8.000
14.000 13.000 19.000
16.000 6.000 3.000
16.000 12.000 3.000
7.000 12.000 7.000
2.000 8.000 11.000
19.000 7.000 7.000
5.000 7.000 7.000
8.000 9.000 5.000
7.000 8.000 6.000
12.000 14.000 8.000
9.000 8.000 7.000
8.000 11.000 6.000
6.000 10.000 9.000
13.000 9.000 12.000
7.000 8.000 9.000
12.000 4.000 11.000
11.000 7.000 9.000
7.000 4.000 9.000
6.000 7.000 15.000
3.000 7.000 4.000
9.000 4.000 7.000
17.000 1.000 14.000
8.000 3.000 11.000
3.000 4.000 12.000
13.000 7.000 6.000
1.000 5.000 7.000
3.000 9.000 6.000
5.000 3.000 3.000
5.000 5.000 8.000
5.000 5.000 6.000
13.000 2.000 7.000
5.000 6.000 7.000
9.000 6.000 4.000
3.000 5.000 3.000
11.000 5.000 5.000
5.000 6.000 4.000
15.000 6.000 3.000
15.000 6.000 9.000
10.000 9.000 5.000
17.000 12.000 9.000
19.000 20.000 15.000
21.000 17.000 18.000
25.000 30.000 41.000
28.000 41.000 35.000
25.000 45.000 31.000
