59.000 51.000 59.000
11.000 15.000 9.000
14.000 14.000 11.000
10.000 12.000 12.000
15.000 17.000 14.000
14.000 13.000 10.000
8.000 13.000 11.000
17.000 14.000 10.000
9.000 11.000 16.000
11.000 17.000 14.000
5.000 11.000 15.000
14.000 13.000 8.000
15.000 15.000 13.000
11.000 10.000 11.000
7.000 13.000 10.000
8.000 10.000 11.000
10.000 16.000 5.000
11.000 13.000 9.000
11.000 16.000 8.000
18.000 12.000 2.000
8.000 8.000 10.000
9.000 10.000 9.000
17.000 11.000 9.000
12.000 16.000 7.000
19.000 8.000 9.000
16.000 12.000 12.000
8.000 11.000 7.000
12.000 18.000 8.000
16.000 9.000 13.000
18.000 12.000 5.000
13.000 4.000 8.000
12.000 5.000 13.000
20.000 4.000 19.000
16.000 4.000 13.000
7.000 4.000 19.000
14.000 7.000 18.000
12.000 5.000 22.000
17.000 10.000 20.000
11.000 5.000 22.000
15.000 6.000 14.000
19.000 7.000 12.000
15.000 8.000 16.000
17.000 11.000 17.000
18.000 16.000 16.000
15.000 13.000 11.000
6.000 12.000 9.000
16.000 17.000 7.000
14.000 20.000 5.000
18.000 14.000 17.000
13.000 14.000 10.000
12.000 19.000 13.000
13.000 18.000 16.000
13.000 18.000 21.000
16.000 21.000 18.000
15.000 34.000 26.000
12.000 27.000 19.000
14.000 36.000 24.000
15.000 29.000 23.000
