114.000 71.000 86.000
12.000 37.000 37.000
23.000 24.000 21.000
12.000 25.000 14.000
13.000 16.000 20.000
24.000 26.000 15.000
16.000 22.000 21.000
20.000 18.000 20.000
11.000 17.000 12.000
19.000 14.000 9.000
11.000 15.000 19.000
8.000 10.000 11.000
15.000 11.000 10.000
10.000 10.000 11.000
10.000 17.000 11.000
6.000 10.000 11.000
4.000 8.000 9.000
11.000 9.000 11.000
10.000 16.000 6.000
10.000 2.000 6.000
10.000 6.000 3.000
8.000 10.000 6.000
4.000 11.000 9.000
10.000 8.000 6.000
9.000 9.000 5.000
6.000 11.000 10.000
11.000 8.000 6.000
6.000 8.000 6.000
7.000 7.000 8.000
10.000 5.000 11.000
7.000 5.000 8.000
11.000 7.000 9.000
10.000 5.000 8.000
7.000 5.000 6.000
9.000 2.000 11.000
9.000 3.000 15.000
1.000 7.000 7.000
8.000 4.000 11.000
7.000 3.000 11.000
8.000 4.000 12.000
9.000 9.000 4.000
8.000 3.000 5.000
5.000 5.000 8.000
11.000 3.000 9.000
6.000 6.000 6.000
7.000 5.000 6.000
12.000 13.000 6.000
11.000 5.000 6.000
13.000 8.000 8.000
12.000 10.000 4.000
10.000 15.000 9.000
17.000 12.000 15.000
19.000 10.000 20.000
13.000 15.000 16.000
19.000 30.000 23.000
34.000 33.000 21.000
19.000 33.000 37.000
18.000 48.000 43.000
