74.000 72.000 69.000
18.000 23.000 26.000
20.000 28.000 10.000
17.000 10.000 24.000
13.000 29.000 25.000
16.000 18.000 17.000
17.000 26.000 20.000
9.000 13.000 20.000
19.000 21.000 9.000
17.000 11.000 15.000
13.000 19.000 19.000
23.000 9.000 20.000
13.000 17.000 8.000
9.000 14.000 17.000
16.000 13.000 16.000
10.000 14.000 10.000
19.000 13.000 6.000
8.000 11.000 11.000
8.000 8.000 4.000
12.000 8.000 8.000
7.000 10.000 1.000
11.000 6.000 12.000
8.000 10.000 3.000
3.000 7.000 5.000
9.000 5.000 6.000
15.000 7.000 7.000
4.000 6.000 4.000
9.000 5.000 11.000
7.000 3.000 17.000
4.000 8.000 8.000
6.000 3.000 9.000
4.000 11.000 6.000
5.000 5.000 5.000
8.000 2.000 13.000
8.000 2.000 8.000
6.000 2.000 9.000
11.000 4.000 8.000
3.000 6.000 4.000
9.000 2.000 12.000
11.000 3.000 7.000
7.000 9.000 8.000
8.000 5.000 7.000
5.000 3.000 7.000
8.000 7.000 5.000
5.000 7.000 7.000
9.000 7.000 4.000
7.000 8.000 3.000
7.000 5.000 5.000
7.000 4.000 9.000
13.000 6.000 8.000
10.000 13.000 7.000
15.000 13.000 8.000
18.000 15.000 14.000
18.000 18.000 9.000
21.000 24.000 32.000
16.000 30.000 27.000
30.000 48.000 34.000
35.000 48.000 37.000
