89.000 57.000 47.000
12.000 23.000 19.000
21.000 22.000 14.000
9.000 19.000 13.000
17.000 14.000 18.000
11.000 9.000 14.000
14.000 13.000 14.000
8.000 10.000 11.000
4.000 6.000 13.000
13.000 11.000 9.000
5.000 9.000 4.000
6.000 5.000 9.000
7.000 10.000 8.000
11.000 7.000 12.000
8.000 5.000 5.000
4.000 10.000 5.000
10.000 11.000 5.000
3.000 8.000 3.000
10.000 12.000 7.000
9.000 8.000 5.000
8.000 9.000 6.000
5.000 7.000 3.000
8.000 7.000 5.000
15.000 6.000 4.000
13.000 7.000 2.000
7.000 3.000 3.000
14.000 9.000 2.000
14.000 7.000 8.000
9.000 9.000 7.000
5.000 8.000 6.000
12.000 7.000 13.000
6.000 4.000 6.000
7.000 3.000 6.000
12.000 2.000 8.000
9.000 3.000 2.000
17.000 4.000 13.000
8.000 3.000 5.000
16.000 0.000 7.000
18.000 3.000 6.000
12.000 3.000 9.000
7.000 4.000 9.000
14.000 3.000 8.000
13.000 4.000 8.000
16.000 5.000 10.000
15.000 4.000 10.000
15.000 8.000 3.000
15.000 5.000 5.000
26.000 7.000 7.000
26.000 10.000 5.000
18.000 14.000 9.000
22.000 8.000 6.000
17.000 20.000 7.000
30.000 21.000 10.000
25.000 31.000 29.000
29.000 41.000 29.000
23.000 50.000 31.000
20.000 50.000 44.000
23.000 58.000 44.000
