245.000 206.000 243.000
33.000 97.000 75.000
58.000 73.000 21.000
20.000 39.000 58.000
36.000 21.000 29.000
29.000 21.000 17.000
18.000 12.000 18.000
16.000 12.000 11.000
10.000 9.000 11.000
15.000 12.000 12.000
8.000 7.000 9.000
5.000 14.000 6.000
9.000 5.000 5.000
8.000 9.000 9.000
11.000 17.000 11.000
10.000 8.000 4.000
7.000 6.000 9.000
4.000 4.000 7.000
10.000 4.000 5.000
3.000 2.000 3.000
6.000 7.000 6.000
9.000 4.000 3.000
7.000 5.000 7.000
9.000 4.000 4.000
10.000 8.000 11.000
11.000 6.000 7.000
6.000 8.000 9.000
7.000 6.000 5.000
6.000 12.000 10.000
13.000 6.000 9.000
6.000 3.000 7.000
3.000 4.000 3.000
6.000 4.000 7.000
3.000 1.000 7.000
2.000 2.000 5.000
3.000 1.000 3.000
3.000 2.000 4.000
3.000 3.000 1.000
3.000 2.000 2.000
4.000 1.000 4.000
2.000 6.000 5.000
3.000 0.000 1.000
6.000 2.000 2.000
5.000 3.000 2.000
3.000 3.000 3.000
4.000 1.000 1.000
3.000 1.000 2.000
7.000 4.000 0.000
5.000 3.000 3.000
2.000 2.000 1.000
6.000 6.000 3.000
3.000 5.000 3.000
5.000 7.000 10.000
13.000 14.000 13.000
18.000 11.000 22.000
21.000 17.000 13.000
16.000 37.000 18.000
22.000 29.000 32.000
