82.000 64.000 71.000
2.000 28.000 19.000
19.000 26.000 18.000
12.000 11.000 14.000
18.000 23.000 23.000
15.000 27.000 18.000
13.000 15.000 18.000
21.000 16.000 11.000
6.000 11.000 5.000
13.000 11.000 13.000
12.000 5.000 10.000
10.000 10.000 13.000
14.000 8.000 9.000
10.000 6.000 11.000
9.000 13.000 10.000
4.000 10.000 10.000
15.000 9.000 2.000
5.000 9.000 11.000
8.000 4.000 4.000
12.000 4.000 4.000
4.000 6.000 1.000
5.000 5.000 3.000
4.000 4.000 5.000
8.000 7.000 6.000
7.000 8.000 7.000
9.000 8.000 5.000
4.000 10.000 11.000
7.000 12.000 6.000
8.000 4.000 9.000
10.000 4.000 14.000
9.000 10.000 6.000
8.000 5.000 12.000
6.000 2.000 5.000
5.000 5.000 16.000
7.000 4.000 16.000
9.000 3.000 13.000
7.000 2.000 9.000
10.000 3.000 10.000
7.000 3.000 6.000
15.000 9.000 7.000
7.000 7.000 8.000
7.000 3.000 6.000
4.000 4.000 7.000
11.000 7.000 2.000
9.000 3.000 4.000
9.000 5.000 4.000
13.000 11.000 7.000
11.000 11.000 7.000
20.000 13.000 7.000
12.000 4.000 10.000
10.000 16.000 6.000
17.000 9.000 10.000
22.000 18.000 14.000
24.000 23.000 26.000
35.000 30.000 25.000
32.000 38.000 34.000
37.000 51.000 42.000
44.000 61.000 39.000
