87.000 63.000 72.000
9.000 24.000 23.000
9.000 32.000 15.000
12.000 19.000 13.000
13.000 23.000 17.000
15.000 10.000 10.000
10.000 7.000 20.000
13.000 11.000 24.000
8.000 12.000 9.000
12.000 8.000 8.000
6.000 12.000 12.000
11.000 9.000 19.000
8.000 7.000 11.000
8.000 10.000 6.000
11.000 13.000 3.000
16.000 14.000 4.000
4.000 9.000 4.000
6.000 6.000 5.000
13.000 5.000 5.000
9.000 9.000 3.000
3.000 4.000 4.000
15.000 2.000 5.000
5.000 8.000 7.000
10.000 3.000 5.000
10.000 4.000 6.000
11.000 5.000 5.000
10.000 5.000 4.000
1.000 6.000 10.000
4.000 5.000 5.000
11.000 7.000 6.000
11.000 7.000 8.000
10.000 6.000 9.000
6.000 3.000 9.000
8.000 6.000 9.000
11.000 2.000 11.000
9.000 1.000 8.000
15.000 2.000 8.000
7.000 2.000 7.000
9.000 6.000 9.000
8.000 2.000 3.000
8.000 6.000 12.000
9.000 4.000 3.000
11.000 7.000 6.000
17.000 7.000 3.000
19.000 5.000 2.000
7.000 10.000 7.000
11.000 5.000 4.000
20.000 6.000 7.000
14.000 7.000 6.000
17.000 2.000 9.000
19.000 9.000 14.000
24.000 15.000 16.000
19.000 24.000 19.000
23.000 29.000 25.000
20.000 25.000 21.000
41.000 32.000 33.000
28.000 54.000 41.000
23.000 65.000 48.000
