95.000 55.000 70.000
13.000 32.000 20.000
25.000 20.000 23.000
13.000 28.000 20.000
17.000 23.000 22.000
19.000 22.000 20.000
11.000 32.000 20.000
18.000 23.000 18.000
13.000 13.000 17.000
20.000 17.000 15.000
8.000 12.000 17.000
8.000 20.000 14.000
9.000 13.000 8.000
8.000 6.000 12.000
10.000 17.000 9.000
8.000 15.000 13.000
9.000 9.000 3.000
13.000 10.000 13.000
5.000 7.000 6.000
12.000 10.000 6.000
10.000 5.000 9.000
12.000 9.000 6.000
12.000 6.000 7.000
10.000 8.000 4.000
6.000 4.000 3.000
9.000 9.000 9.000
9.000 8.000 5.000
9.000 8.000 8.000
6.000 6.000 8.000
11.000 4.000 14.000
9.000 4.000 8.000
6.000 3.000 14.000
10.000 2.000 7.000
8.000 3.000 6.000
12.000 4.000 8.000
8.000 3.000 12.000
6.000 5.000 5.000
3.000 5.000 4.000
12.000 4.000 8.000
9.000 6.000 8.000
5.000 8.000 10.000
8.000 7.000 6.000
6.000 6.000 7.000
5.000 4.000 3.000
12.000 6.000 3.000
11.000 5.000 4.000
9.000 4.000 3.000
8.000 2.000 2.000
15.000 7.000 9.000
12.000 6.000 16.000
13.000 7.000 5.000
17.000 14.000 16.000
18.000 13.000 13.000
20.000 23.000 15.000
23.000 31.000 24.000
35.000 35.000 36.000
22.000 45.000 31.000
28.000 58.000 42.000
