137.000 67.000 75.000
17.000 30.000 17.000
20.000 27.000 16.000
9.000 24.000 23.000
11.000 31.000 25.000
18.000 18.000 14.000
14.000 18.000 19.000
11.000 13.000 21.000
11.000 13.000 14.000
14.000 14.000 6.000
13.000 11.000 15.000
13.000 11.000 13.000
13.000 12.000 10.000
11.000 10.000 8.000
8.000 15.000 9.000
11.000 9.000 10.000
9.000 8.000 11.000
9.000 8.000 9.000
8.000 3.000 8.000
9.000 11.000 7.000
5.000 5.000 6.000
5.000 6.000 3.000
12.000 3.000 6.000
9.000 6.000 7.000
8.000 6.000 14.000
8.000 6.000 5.000
3.000 9.000 11.000
9.000 11.000 8.000
11.000 5.000 7.000
10.000 7.000 11.000
14.000 8.000 7.000
7.000 9.000 8.000
8.000 4.000 12.000
7.000 4.000 12.000
13.000 11.000 6.000
11.000 2.000 9.000
8.000 10.000 9.000
8.000 5.000 8.000
9.000 1.000 4.000
9.000 5.000 8.000
13.000 9.000 10.000
9.000 4.000 9.000
12.000 4.000 11.000
9.000 9.000 6.000
14.000 5.000 7.000
10.000 9.000 8.000
13.000 4.000 7.000
18.000 10.000 6.000
15.000 5.000 5.000
17.000 15.000 11.000
11.000 13.000 16.000
11.000 22.000 13.000
22.000 10.000 19.000
17.000 19.000 16.000
32.000 35.000 25.000
23.000 37.000 27.000
19.000 28.000 35.000
23.000 33.000 36.000
