80.000 57.000 59.000
5.000 23.000 19.000
17.000 26.000 10.000
16.000 27.000 18.000
9.000 16.000 21.000
23.000 14.000 11.000
11.000 23.000 28.000
13.000 19.000 20.000
19.000 11.000 14.000
19.000 18.000 12.000
12.000 11.000 9.000
15.000 13.000 13.000
10.000 12.000 12.000
9.000 16.000 11.000
13.000 12.000 8.000
5.000 16.000 7.000
13.000 14.000 14.000
9.000 13.000 14.000
14.000 9.000 7.000
10.000 13.000 9.000
10.000 6.000 6.000
10.000 13.000 9.000
7.000 10.000 6.000
9.000 8.000 6.000
7.000 7.000 8.000
7.000 5.000 14.000
7.000 5.000 8.000
8.000 5.000 8.000
6.000 5.000 3.000
6.000 1.000 10.000
6.000 11.000 3.000
11.000 7.000 11.000
12.000 6.000 11.000
6.000 6.000 7.000
2.000 3.000 7.000
9.000 1.000 6.000
9.000 1.000 8.000
7.000 3.000 10.000
12.000 3.000 14.000
10.000 1.000 5.000
9.000 1.000 12.000
13.000 2.000 7.000
11.000 12.000 6.000
11.000 7.000 10.000
14.000 10.000 8.000
14.000 8.000 9.000
11.000 8.000 9.000
11.000 8.000 4.000
16.000 13.000 7.000
21.000 9.000 4.000
14.000 13.000 14.000
14.000 13.000 9.000
17.000 17.000 16.000
27.000 20.000 22.000
32.000 31.000 22.000
21.000 33.000 34.000
32.000 58.000 29.000
28.000 44.000 34.000
