82.000 72.000 84.000
11.000 30.000 27.000
27.000 27.000 13.000
21.000 28.000 21.000
21.000 22.000 22.000
20.000 18.000 19.000
17.000 20.000 11.000
8.000 10.000 14.000
13.000 11.000 12.000
15.000 9.000 12.000
7.000 11.000 10.000
13.000 7.000 14.000
14.000 12.000 11.000
3.000 11.000 10.000
13.000 9.000 11.000
7.000 11.000 19.000
10.000 13.000 4.000
17.000 7.000 6.000
7.000 6.000 3.000
8.000 4.000 3.000
6.000 10.000 4.000
7.000 7.000 4.000
4.000 2.000 10.000
11.000 9.000 2.000
8.000 8.000 12.000
9.000 8.000 7.000
5.000 13.000 10.000
11.000 9.000 8.000
11.000 6.000 11.000
6.000 6.000 12.000
8.000 5.000 14.000
6.000 6.000 6.000
8.000 13.000 5.000
5.000 7.000 8.000
6.000 3.000 9.000
8.000 4.000 5.000
7.000 2.000 13.000
11.000 3.000 7.000
8.000 2.000 3.000
6.000 6.000 8.000
7.000 4.000 8.000
8.000 5.000 9.000
13.000 4.000 6.000
9.000 2.000 5.000
10.000 8.000 7.000
14.000 3.000 1.000
6.000 4.000 5.000
9.000 6.000 3.000
11.000 10.000 2.000
10.000 7.000 7.000
10.000 8.000 7.000
12.000 11.000 19.000
20.000 22.000 15.000
32.000 18.000 15.000
28.000 24.000 26.000
24.000 33.000 30.000
25.000 54.000 42.000
35.000 54.000 45.000
