85.000 82.000 62.000
12.000 30.000 30.000
27.000 34.000 18.000
9.000 16.000 30.000
28.000 24.000 21.000
21.000 22.000 22.000
18.000 17.000 22.000
15.000 16.000 20.000
13.000 12.000 15.000
15.000 17.000 10.000
12.000 10.000 16.000
17.000 13.000 13.000
16.000 15.000 12.000
11.000 11.000 18.000
16.000 14.000 10.000
16.000 18.000 18.000
7.000 7.000 12.000
10.000 11.000 12.000
13.000 9.000 6.000
9.000 14.000 5.000
5.000 6.000 7.000
9.000 6.000 7.000
11.000 6.000 6.000
11.000 14.000 6.000
6.000 5.000 6.000
15.000 12.000 10.000
10.000 14.000 6.000
5.000 11.000 11.000
14.000 10.000 9.000
7.000 8.000 9.000
4.000 7.000 11.000
9.000 4.000 7.000
9.000 5.000 10.000
10.000 4.000 10.000
5.000 3.000 12.000
8.000 2.000 8.000
2.000 4.000 11.000
6.000 1.000 6.000
4.000 3.000 3.000
2.000 0.000 9.000
5.000 5.000 6.000
4.000 2.000 2.000
7.000 5.000 4.000
4.000 5.000 7.000
5.000 7.000 1.000
3.000 8.000 8.000
8.000 7.000 4.000
5.000 7.000 1.000
10.000 2.000 4.000
10.000 3.000 7.000
17.000 5.000 5.000
10.000 5.000 8.000
10.000 8.000 11.000
18.000 14.000 18.000
20.000 12.000 18.000
24.000 42.000 24.000
34.000 56.000 44.000
31.000 56.000 45.000
