99.000 99.000 99.000
41.000 41.000 41.000
28.000 28.000 28.000
21.000 21.000 21.000
22.000 22.000 22.000
31.000 31.000 31.000
22.000 22.000 22.000
19.000 19.000 19.000
11.000 11.000 11.000
12.000 12.000 12.000
13.000 13.000 13.000
12.000 12.000 12.000
11.000 11.000 11.000
13.000 13.000 13.000
13.000 13.000 13.000
25.000 25.000 25.000
11.000 11.000 11.000
7.000 7.000 7.000
7.000 7.000 7.000
1.000 1.000 1.000
3.000 3.000 3.000
1.000 1.000 1.000
0.000 0.000 0.000
2.000 2.000 2.000
9.000 9.000 9.000
7.000 7.000 7.000
8.000 8.000 8.000
9.000 9.000 9.000
8.000 8.000 8.000
4.000 4.000 4.000
4.000 4.000 4.000
1.000 1.000 1.000
1.000 1.000 1.000
0.000 0.000 0.000
0.000 0.000 0.000
0.000 0.000 0.000
0.000 0.000 0.000
0.000 0.000 0.000
0.000 0.000 0.000
0.000 0.000 0.000
0.000 0.000 0.000
0.000 0.000 0.000
0.000 0.000 0.000
0.000 0.000 0.000
0.000 0.000 0.000
0.000 0.000 0.000
0.000 0.000 0.000
0.000 0.000 0.000
0.000 0.000 0.000
0.000 0.000 0.000
0.000 0.000 0.000
0.000 0.000 0.000
0.000 0.000 0.000
8.000 8.000 8.000
11.000 11.000 11.000
31.000 31.000 31.000
56.000 56.000 56.000
70.000 70.000 70.000
