52.000 45.000 61.000
6.000 17.000 19.000
13.000 11.000 8.000
9.000 19.000 8.000
10.000 19.000 10.000
18.000 12.000 9.000
11.000 14.000 8.000
6.000 8.000 5.000
2.000 6.000 11.000
8.000 4.000 5.000
4.000 8.000 6.000
7.000 4.000 5.000
6.000 5.000 5.000
4.000 2.000 3.000
6.000 4.000 6.000
6.000 6.000 0.000
10.000 5.000 3.000
6.000 2.000 2.000
3.000 3.000 3.000
4.000 3.000 2.000
5.000 5.000 0.000
1.000 6.000 2.000
6.000 6.000 6.000
5.000 6.000 4.000
10.000 4.000 10.000
6.000 5.000 5.000
2.000 8.000 7.000
4.000 6.000 6.000
12.000 7.000 5.000
7.000 1.000 7.000
6.000 1.000 7.000
5.000 5.000 5.000
6.000 6.000 13.000
7.000 0.000 9.000
10.000 1.000 9.000
9.000 4.000 6.000
12.000 4.000 3.000
6.000 2.000 8.000
8.000 1.000 8.000
5.000 3.000 9.000
9.000 2.000 8.000
12.000 1.000 4.000
5.000 4.000 5.000
11.000 5.000 5.000
10.000 13.000 5.000
12.000 7.000 11.000
11.000 9.000 7.000
17.000 11.000 4.000
12.000 8.000 2.000
18.000 8.000 7.000
15.000 9.000 11.000
21.000 13.000 13.000
20.000 19.000 15.000
26.000 23.000 29.000
37.000 35.000 24.000
45.000 46.000 39.000
40.000 51.000 53.000
48.000 90.000 58.000
