110.000 56.000 72.000
6.000 24.000 10.000
12.000 26.000 14.000
7.000 25.000 17.000
15.000 16.000 16.000
14.000 19.000 15.000
14.000 16.000 22.000
8.000 14.000 11.000
7.000 10.000 16.000
6.000 14.000 8.000
10.000 9.000 10.000
14.000 7.000 5.000
10.000 6.000 10.000
4.000 13.000 5.000
6.000 6.000 6.000
13.000 6.000 7.000
7.000 4.000 5.000
7.000 6.000 7.000
5.000 6.000 4.000
8.000 6.000 7.000
5.000 7.000 3.000
5.000 5.000 2.000
7.000 4.000 5.000
6.000 9.000 3.000
10.000 10.000 5.000
9.000 6.000 3.000
5.000 7.000 8.000
12.000 7.000 7.000
6.000 11.000 8.000
2.000 9.000 9.000
11.000 5.000 11.000
8.000 6.000 10.000
10.000 7.000 5.000
7.000 2.000 7.000
10.000 2.000 9.000
12.000 4.000 19.000
16.000 4.000 8.000
11.000 3.000 7.000
11.000 4.000 10.000
9.000 5.000 9.000
9.000 3.000 8.000
13.000 6.000 7.000
10.000 3.000 3.000
19.000 3.000 7.000
14.000 7.000 5.000
16.000 8.000 6.000
19.000 5.000 2.000
17.000 3.000 11.000
12.000 12.000 11.000
18.000 15.000 9.000
23.000 14.000 14.000
23.000 19.000 12.000
19.000 22.000 10.000
24.000 36.000 22.000
35.000 26.000 29.000
22.000 39.000 31.000
30.000 57.000 36.000
22.000 55.000 47.000
