89.000 98.000 147.000
7.000 36.000 28.000
20.000 30.000 16.000
14.000 26.000 20.000
23.000 34.000 22.000
19.000 25.000 10.000
11.000 21.000 13.000
22.000 19.000 16.000
13.000 23.000 11.000
15.000 14.000 16.000
11.000 11.000 23.000
23.000 14.000 7.000
20.000 12.000 11.000
14.000 8.000 6.000
16.000 22.000 12.000
13.000 14.000 9.000
10.000 4.000 3.000
14.000 10.000 7.000
16.000 7.000 10.000
7.000 6.000 8.000
3.000 4.000 5.000
3.000 3.000 3.000
7.000 5.000 4.000
12.000 6.000 7.000
9.000 7.000 12.000
12.000 8.000 9.000
15.000 5.000 7.000
10.000 11.000 11.000
14.000 7.000 8.000
7.000 3.000 5.000
8.000 2.000 18.000
16.000 4.000 15.000
9.000 3.000 13.000
3.000 4.000 8.000
2.000 5.000 8.000
11.000 1.000 11.000
6.000 9.000 8.000
5.000 5.000 9.000
8.000 7.000 11.000
8.000 7.000 12.000
7.000 7.000 8.000
5.000 4.000 1.000
9.000 10.000 6.000
12.000 6.000 5.000
6.000 4.000 6.000
4.000 6.000 3.000
6.000 11.000 4.000
12.000 6.000 9.000
7.000 4.000 6.000
7.000 3.000 6.000
16.000 12.000 12.000
11.000 7.000 9.000
15.000 13.000 11.000
18.000 14.000 17.000
24.000 31.000 18.000
23.000 26.000 23.000
20.000 36.000 25.000
29.000 46.000 35.000
