113.000 86.000 70.000
8.000 36.000 22.000
19.000 23.000 19.000
14.000 31.000 28.000
16.000 19.000 20.000
27.000 20.000 16.000
13.000 10.000 18.000
13.000 20.000 31.000
16.000 9.000 10.000
12.000 12.000 10.000
14.000 11.000 10.000
9.000 12.000 15.000
5.000 8.000 10.000
10.000 14.000 12.000
10.000 11.000 14.000
6.000 12.000 12.000
5.000 10.000 7.000
12.000 10.000 8.000
11.000 6.000 12.000
8.000 5.000 2.000
10.000 6.000 7.000
7.000 9.000 0.000
11.000 15.000 7.000
9.000 1.000 4.000
4.000 10.000 3.000
10.000 4.000 7.000
9.000 13.000 9.000
12.000 8.000 8.000
10.000 14.000 9.000
9.000 8.000 12.000
10.000 5.000 9.000
8.000 6.000 9.000
6.000 5.000 15.000
12.000 5.000 8.000
7.000 4.000 5.000
9.000 2.000 9.000
7.000 4.000 5.000
10.000 4.000 9.000
11.000 5.000 10.000
7.000 4.000 5.000
7.000 4.000 3.000
6.000 4.000 9.000
6.000 4.000 3.000
11.000 2.000 5.000
8.000 3.000 8.000
7.000 6.000 6.000
10.000 4.000 7.000
13.000 7.000 6.000
15.000 11.000 4.000
12.000 6.000 3.000
13.000 8.000 6.000
11.000 11.000 10.000
17.000 15.000 24.000
17.000 18.000 11.000
20.000 31.000 29.000
26.000 30.000 30.000
28.000 52.000 37.000
19.000 43.000 46.000
