109.000 94.000 94.000
14.000 30.000 30.000
19.000 33.000 12.000
14.000 34.000 24.000
25.000 12.000 23.000
17.000 26.000 15.000
17.000 19.000 23.000
17.000 21.000 21.000
18.000 14.000 10.000
10.000 10.000 20.000
11.000 16.000 7.000
13.000 13.000 17.000
13.000 13.000 13.000
11.000 9.000 10.000
10.000 7.000 6.000
12.000 7.000 7.000
5.000 7.000 6.000
8.000 9.000 4.000
6.000 9.000 7.000
9.000 7.000 4.000
9.000 8.000 4.000
8.000 14.000 12.000
6.000 10.000 6.000
8.000 7.000 9.000
8.000 6.000 10.000
8.000 7.000 4.000
8.000 13.000 11.000
7.000 8.000 12.000
11.000 5.000 5.000
9.000 9.000 15.000
12.000 8.000 12.000
9.000 6.000 15.000
7.000 4.000 11.000
7.000 6.000 10.000
8.000 3.000 13.000
9.000 2.000 9.000
9.000 4.000 7.000
9.000 4.000 10.000
10.000 4.000 9.000
9.000 7.000 10.000
9.000 10.000 10.000
5.000 6.000 7.000
9.000 6.000 4.000
5.000 2.000 5.000
7.000 10.000 6.000
15.000 7.000 11.000
9.000 3.000 7.000
11.000 8.000 5.000
11.000 7.000 0.000
8.000 9.000 5.000
14.000 9.000 6.000
19.000 10.000 14.000
18.000 14.000 18.000
22.000 19.000 15.000
19.000 23.000 17.000
22.000 36.000 23.000
19.000 50.000 36.000
31.000 43.000 32.000
