77.000 59.000 85.000
19.000 29.000 23.000
26.000 37.000 15.000
14.000 26.000 29.000
15.000 20.000 16.000
25.000 22.000 20.000
27.000 31.000 20.000
23.000 12.000 14.000
12.000 15.000 18.000
12.000 12.000 10.000
14.000 7.000 13.000
7.000 7.000 10.000
13.000 8.000 10.000
8.000 12.000 9.000
11.000 10.000 8.000
8.000 12.000 9.000
5.000 7.000 10.000
7.000 14.000 9.000
6.000 5.000 4.000
8.000 3.000 0.000
6.000 4.000 3.000
4.000 8.000 7.000
12.000 6.000 1.000
2.000 4.000 6.000
8.000 5.000 2.000
7.000 5.000 4.000
4.000 7.000 10.000
5.000 8.000 3.000
5.000 6.000 3.000
4.000 7.000 5.000
4.000 2.000 8.000
6.000 6.000 7.000
6.000 1.000 4.000
5.000 2.000 10.000
2.000 2.000 9.000
7.000 4.000 9.000
5.000 2.000 8.000
5.000 4.000 11.000
5.000 4.000 4.000
6.000 1.000 4.000
5.000 6.000 2.000
3.000 3.000 8.000
4.000 3.000 5.000
12.000 4.000 8.000
4.000 6.000 3.000
5.000 4.000 4.000
5.000 5.000 4.000
6.000 3.000 2.000
3.000 2.000 1.000
7.000 4.000 2.000
8.000 6.000 11.000
12.000 10.000 12.000
10.000 8.000 13.000
21.000 16.000 13.000
21.000 32.000 25.000
36.000 39.000 39.000
41.000 56.000 38.000
36.000 59.000 50.000
