115.000 80.000 103.000
12.000 19.000 14.000
20.000 26.000 12.000
12.000 20.000 26.000
13.000 15.000 21.000
16.000 29.000 8.000
14.000 24.000 13.000
12.000 23.000 17.000
12.000 14.000 11.000
19.000 12.000 14.000
22.000 17.000 12.000
11.000 11.000 14.000
11.000 17.000 13.000
15.000 18.000 10.000
9.000 14.000 12.000
9.000 21.000 13.000
17.000 20.000 10.000
12.000 11.000 10.000
5.000 4.000 8.000
7.000 10.000 4.000
9.000 12.000 7.000
10.000 6.000 9.000
14.000 10.000 6.000
11.000 10.000 5.000
9.000 7.000 10.000
7.000 6.000 9.000
10.000 10.000 1.000
10.000 5.000 19.000
14.000 16.000 14.000
10.000 7.000 14.000
15.000 6.000 19.000
13.000 5.000 11.000
8.000 3.000 16.000
14.000 2.000 17.000
17.000 7.000 21.000
8.000 9.000 8.000
10.000 9.000 9.000
8.000 5.000 8.000
14.000 6.000 10.000
12.000 2.000 14.000
9.000 9.000 12.000
11.000 10.000 10.000
6.000 16.000 6.000
6.000 11.000 13.000
9.000 5.000 5.000
8.000 12.000 10.000
8.000 10.000 8.000
11.000 8.000 11.000
18.000 12.000 4.000
11.000 9.000 10.000
17.000 7.000 11.000
12.000 7.000 12.000
15.000 14.000 12.000
22.000 21.000 18.000
19.000 10.000 24.000
12.000 28.000 20.000
16.000 32.000 37.000
19.000 41.000 30.000
