92.000 62.000 82.000
11.000 13.000 22.000
13.000 28.000 7.000
9.000 22.000 16.000
16.000 24.000 19.000
8.000 23.000 15.000
14.000 10.000 16.000
9.000 17.000 9.000
8.000 14.000 10.000
12.000 7.000 5.000
14.000 13.000 21.000
9.000 7.000 10.000
11.000 6.000 10.000
9.000 7.000 3.000
5.000 12.000 10.000
13.000 9.000 10.000
11.000 8.000 6.000
9.000 9.000 5.000
7.000 8.000 2.000
7.000 10.000 4.000
10.000 4.000 6.000
10.000 3.000 2.000
10.000 8.000 2.000
14.000 7.000 6.000
7.000 14.000 12.000
12.000 6.000 6.000
10.000 8.000 12.000
9.000 6.000 8.000
12.000 10.000 14.000
7.000 6.000 10.000
9.000 6.000 9.000
8.000 1.000 13.000
16.000 3.000 4.000
9.000 1.000 10.000
11.000 2.000 10.000
11.000 5.000 7.000
15.000 4.000 10.000
5.000 1.000 8.000
4.000 6.000 6.000
9.000 3.000 12.000
9.000 5.000 5.000
11.000 7.000 1.000
10.000 3.000 6.000
9.000 7.000 7.000
15.000 12.000 5.000
10.000 13.000 8.000
18.000 5.000 8.000
11.000 8.000 11.000
15.000 9.000 8.000
14.000 11.000 7.000
11.000 13.000 14.000
17.000 10.000 11.000
20.000 11.000 19.000
23.000 27.000 24.000
30.000 37.000 36.000
16.000 33.000 43.000
33.000 52.000 35.000
21.000 65.000 36.000
