109.000 75.000 79.000
8.000 28.000 15.000
23.000 20.000 8.000
9.000 19.000 20.000
14.000 20.000 19.000
7.000 25.000 13.000
15.000 18.000 13.000
11.000 14.000 13.000
9.000 16.000 9.000
17.000 15.000 11.000
14.000 20.000 19.000
8.000 15.000 7.000
8.000 11.000 7.000
10.000 14.000 7.000
11.000 8.000 12.000
9.000 10.000 9.000
15.000 17.000 2.000
7.000 10.000 7.000
17.000 11.000 4.000
15.000 7.000 6.000
8.000 10.000 3.000
10.000 8.000 5.000
10.000 9.000 3.000
12.000 4.000 4.000
9.000 7.000 7.000
9.000 6.000 8.000
2.000 9.000 8.000
18.000 6.000 6.000
6.000 4.000 8.000
15.000 8.000 13.000
10.000 4.000 10.000
5.000 5.000 6.000
10.000 1.000 8.000
11.000 1.000 12.000
12.000 1.000 13.000
14.000 2.000 8.000
12.000 6.000 9.000
10.000 5.000 11.000
9.000 7.000 14.000
7.000 9.000 4.000
10.000 4.000 11.000
10.000 5.000 12.000
12.000 8.000 8.000
8.000 7.000 12.000
13.000 10.000 12.000
9.000 10.000 7.000
13.000 11.000 9.000
9.000 12.000 4.000
18.000 16.000 8.000
11.000 11.000 9.000
19.000 18.000 13.000
10.000 10.000 11.000
16.000 33.000 19.000
17.000 24.000 15.000
16.000 26.000 18.000
14.000 34.000 23.000
22.000 39.000 33.000
21.000 38.000 37.000
