76.000 76.000 76.000
38.000 38.000 38.000
28.000 28.000 28.000
22.000 22.000 22.000
26.000 26.000 26.000
26.000 26.000 26.000
18.000 18.000 18.000
21.000 21.000 21.000
22.000 22.000 22.000
8.000 8.000 8.000
11.000 11.000 11.000
8.000 8.000 8.000
15.000 15.000 15.000
25.000 25.000 25.000
26.000 26.000 26.000
21.000 21.000 21.000
10.000 10.000 10.000
17.000 17.000 17.000
3.000 3.000 3.000
2.000 2.000 2.000
1.000 1.000 1.000
2.000 2.000 2.000
3.000 3.000 3.000
4.000 4.000 4.000
5.000 5.000 5.000
5.000 5.000 5.000
6.000 6.000 6.000
8.000 8.000 8.000
7.000 7.000 7.000
2.000 2.000 2.000
1.000 1.000 1.000
1.000 1.000 1.000
3.000 3.000 3.000
0.000 0.000 0.000
0.000 0.000 0.000
0.000 0.000 0.000
0.000 0.000 0.000
0.000 0.000 0.000
0.000 0.000 0.000
0.000 0.000 0.000
0.000 0.000 0.000
0.000 0.000 0.000
0.000 0.000 0.000
0.000 0.000 0.000
0.000 0.000 0.000
0.000 0.000 0.000
0.000 0.000 0.000
0.000 0.000 0.000
0.000 0.000 0.000
0.000 0.000 0.000
0.000 0.000 0.000
1.000 1.000 1.000
1.000 1.000 1.000
6.000 6.000 6.000
11.000 11.000 11.000
34.000 34.000 34.000
40.000 40.000 40.000
79.000 79.000 79.000
