80.000 73.000 81.000
10.000 21.000 19.000
19.000 26.000 12.000
7.000 22.000 30.000
21.000 17.000 17.000
19.000 16.000 12.000
14.000 15.000 18.000
18.000 19.000 17.000
16.000 10.000 19.000
15.000 14.000 20.000
11.000 25.000 11.000
10.000 9.000 13.000
19.000 19.000 9.000
10.000 14.000 12.000
20.000 13.000 11.000
14.000 11.000 20.000
9.000 14.000 13.000
16.000 9.000 6.000
6.000 10.000 12.000
12.000 13.000 5.000
8.000 8.000 7.000
5.000 4.000 3.000
12.000 4.000 5.000
14.000 5.000 9.000
14.000 11.000 6.000
10.000 7.000 9.000
5.000 7.000 9.000
8.000 11.000 8.000
7.000 14.000 7.000
10.000 5.000 9.000
6.000 10.000 13.000
6.000 3.000 8.000
5.000 3.000 9.000
8.000 7.000 4.000
9.000 7.000 13.000
9.000 3.000 8.000
3.000 1.000 6.000
8.000 3.000 8.000
10.000 3.000 13.000
2.000 4.000 8.000
8.000 4.000 6.000
5.000 7.000 7.000
5.000 7.000 5.000
6.000 4.000 7.000
1.000 6.000 6.000
5.000 7.000 6.000
8.000 5.000 2.000
7.000 9.000 8.000
12.000 11.000 6.000
12.000 1.000 5.000
11.000 13.000 14.000
19.000 11.000 17.000
20.000 14.000 19.000
16.000 12.000 29.000
26.000 18.000 16.000
31.000 22.000 34.000
22.000 39.000 28.000
32.000 60.000 39.000
