71.000 68.000 76.000
10.000 18.000 14.000
9.000 24.000 7.000
11.000 26.000 12.000
11.000 15.000 21.000
10.000 22.000 16.000
14.000 16.000 13.000
18.000 18.000 15.000
10.000 13.000 12.000
15.000 17.000 12.000
7.000 22.000 17.000
14.000 19.000 12.000
12.000 13.000 14.000
18.000 13.000 19.000
7.000 18.000 15.000
15.000 17.000 10.000
7.000 16.000 10.000
15.000 16.000 7.000
10.000 8.000 14.000
14.000 10.000 6.000
11.000 11.000 11.000
14.000 14.000 8.000
19.000 11.000 14.000
22.000 8.000 7.000
13.000 14.000 6.000
11.000 14.000 17.000
14.000 9.000 11.000
16.000 10.000 11.000
19.000 10.000 14.000
19.000 11.000 15.000
9.000 12.000 18.000
11.000 7.000 10.000
18.000 6.000 16.000
11.000 3.000 16.000
18.000 2.000 13.000
11.000 2.000 14.000
9.000 3.000 22.000
8.000 8.000 12.000
15.000 6.000 12.000
7.000 11.000 9.000
16.000 15.000 9.000
9.000 8.000 15.000
9.000 12.000 13.000
7.000 13.000 11.000
14.000 7.000 7.000
11.000 7.000 7.000
9.000 18.000 9.000
12.000 14.000 6.000
12.000 5.000 9.000
14.000 12.000 9.000
12.000 15.000 18.000
14.000 15.000 12.000
17.000 17.000 19.000
15.000 32.000 8.000
9.000 26.000 16.000
13.000 29.000 14.000
18.000 25.000 16.000
18.000 31.000 23.000
