121.000 44.000 59.000
9.000 29.000 23.000
9.000 17.000 15.000
5.000 24.000 26.000
13.000 16.000 14.000
13.000 20.000 10.000
4.000 13.000 15.000
14.000 12.000 10.000
8.000 12.000 6.000
5.000 12.000 6.000
11.000 12.000 8.000
9.000 5.000 7.000
7.000 4.000 7.000
7.000 2.000 6.000
13.000 4.000 2.000
10.000 6.000 5.000
5.000 8.000 3.000
6.000 6.000 4.000
8.000 1.000 3.000
4.000 8.000 4.000
8.000 7.000 4.000
7.000 5.000 3.000
9.000 6.000 4.000
14.000 7.000 4.000
14.000 12.000 6.000
8.000 6.000 5.000
11.000 7.000 9.000
9.000 4.000 7.000
18.000 8.000 9.000
8.000 4.000 10.000
7.000 6.000 9.000
12.000 2.000 9.000
9.000 2.000 7.000
19.000 4.000 11.000
14.000 1.000 7.000
14.000 4.000 7.000
13.000 1.000 8.000
12.000 5.000 5.000
8.000 3.000 12.000
19.000 5.000 6.000
11.000 6.000 12.000
15.000 4.000 7.000
13.000 6.000 4.000
18.000 5.000 1.000
12.000 4.000 9.000
23.000 9.000 3.000
19.000 6.000 7.000
16.000 8.000 10.000
15.000 8.000 14.000
21.000 10.000 9.000
17.000 18.000 15.000
20.000 23.000 18.000
15.000 18.000 30.000
21.000 28.000 24.000
15.000 50.000 25.000
13.000 39.000 39.000
24.000 56.000 44.000
17.000 59.000 36.000
