73.000 59.000 52.000
4.000 14.000 27.000
10.000 22.000 9.000
3.000 14.000 19.000
5.000 15.000 16.000
5.000 11.000 14.000
4.000 15.000 21.000
12.000 12.000 12.000
13.000 20.000 18.000
6.000 11.000 7.000
8.000 5.000 10.000
11.000 9.000 9.000
9.000 16.000 0.000
6.000 11.000 12.000
15.000 7.000 4.000
4.000 10.000 6.000
14.000 5.000 1.000
12.000 10.000 10.000
8.000 8.000 3.000
8.000 12.000 4.000
12.000 5.000 5.000
4.000 4.000 7.000
9.000 6.000 10.000
5.000 10.000 9.000
7.000 8.000 4.000
6.000 8.000 5.000
5.000 10.000 13.000
14.000 6.000 7.000
10.000 5.000 10.000
4.000 5.000 10.000
10.000 5.000 10.000
6.000 3.000 8.000
9.000 4.000 9.000
9.000 3.000 15.000
19.000 2.000 6.000
19.000 1.000 5.000
11.000 0.000 8.000
12.000 6.000 11.000
10.000 3.000 8.000
12.000 1.000 11.000
6.000 6.000 4.000
11.000 8.000 8.000
14.000 4.000 3.000
10.000 8.000 6.000
16.000 6.000 6.000
9.000 4.000 13.000
6.000 15.000 7.000
20.000 6.000 16.000
24.000 16.000 11.000
18.000 5.000 5.000
14.000 12.000 10.000
22.000 21.000 10.000
22.000 20.000 18.000
30.000 27.000 20.000
22.000 28.000 27.000
24.000 42.000 22.000
29.000 61.000 35.000
32.000 52.000 42.000
