72.000 73.000 61.000
4.000 24.000 20.000
16.000 17.000 8.000
11.000 21.000 14.000
17.000 17.000 14.000
15.000 23.000 9.000
12.000 12.000 12.000
14.000 13.000 11.000
18.000 10.000 16.000
9.000 9.000 7.000
15.000 13.000 9.000
9.000 11.000 16.000
15.000 10.000 9.000
11.000 15.000 11.000
12.000 9.000 8.000
12.000 11.000 12.000
15.000 21.000 9.000
8.000 15.000 8.000
11.000 3.000 9.000
10.000 6.000 5.000
8.000 12.000 3.000
12.000 11.000 7.000
9.000 11.000 10.000
7.000 7.000 11.000
6.000 6.000 7.000
6.000 15.000 10.000
18.000 7.000 8.000
9.000 15.000 11.000
12.000 7.000 10.000
10.000 8.000 16.000
10.000 8.000 15.000
15.000 7.000 10.000
6.000 6.000 7.000
8.000 4.000 7.000
11.000 2.000 12.000
10.000 4.000 11.000
4.000 1.000 14.000
11.000 3.000 18.000
12.000 7.000 13.000
9.000 3.000 9.000
9.000 4.000 7.000
8.000 8.000 11.000
6.000 9.000 7.000
9.000 8.000 5.000
12.000 9.000 10.000
9.000 10.000 2.000
17.000 6.000 7.000
13.000 10.000 4.000
18.000 5.000 13.000
12.000 9.000 8.000
13.000 14.000 13.000
23.000 22.000 6.000
11.000 18.000 17.000
16.000 20.000 20.000
26.000 28.000 18.000
21.000 33.000 28.000
21.000 50.000 31.000
21.000 58.000 30.000
