162.000 90.000 104.000
14.000 37.000 30.000
21.000 32.000 23.000
22.000 34.000 44.000
23.000 36.000 36.000
24.000 41.000 39.000
17.000 21.000 25.000
17.000 34.000 32.000
12.000 31.000 26.000
21.000 18.000 16.000
17.000 16.000 12.000
15.000 12.000 9.000
16.000 12.000 12.000
7.000 17.000 16.000
12.000 12.000 12.000
12.000 13.000 13.000
12.000 8.000 9.000
16.000 8.000 5.000
13.000 5.000 3.000
10.000 3.000 5.000
8.000 7.000 4.000
8.000 4.000 3.000
8.000 5.000 2.000
10.000 3.000 6.000
8.000 6.000 5.000
4.000 10.000 7.000
5.000 6.000 7.000
8.000 5.000 8.000
10.000 3.000 9.000
6.000 8.000 6.000
5.000 4.000 2.000
9.000 1.000 8.000
8.000 2.000 7.000
7.000 4.000 3.000
4.000 1.000 9.000
6.000 1.000 4.000
13.000 2.000 0.000
4.000 3.000 3.000
3.000 5.000 5.000
10.000 5.000 3.000
8.000 3.000 6.000
6.000 4.000 6.000
13.000 2.000 2.000
10.000 4.000 4.000
8.000 5.000 5.000
6.000 4.000 5.000
13.000 3.000 3.000
13.000 4.000 3.000
14.000 7.000 3.000
10.000 4.000 6.000
12.000 3.000 8.000
8.000 15.000 16.000
14.000 16.000 15.000
16.000 24.000 27.000
24.000 25.000 25.000
13.000 25.000 33.000
18.000 35.000 22.000
24.000 48.000 33.000
