85.000 78.000 72.000
9.000 25.000 15.000
13.000 26.000 6.000
7.000 23.000 20.000
14.000 20.000 10.000
16.000 9.000 15.000
16.000 22.000 15.000
21.000 15.000 26.000
6.000 17.000 9.000
26.000 9.000 20.000
11.000 10.000 14.000
21.000 21.000 11.000
10.000 16.000 10.000
17.000 14.000 18.000
11.000 14.000 10.000
10.000 9.000 12.000
17.000 19.000 7.000
15.000 10.000 10.000
13.000 13.000 5.000
19.000 9.000 5.000
12.000 9.000 4.000
11.000 5.000 3.000
17.000 7.000 9.000
7.000 18.000 8.000
8.000 8.000 9.000
12.000 9.000 8.000
13.000 11.000 6.000
12.000 12.000 14.000
13.000 6.000 8.000
9.000 6.000 9.000
9.000 4.000 13.000
9.000 1.000 16.000
8.000 4.000 4.000
8.000 7.000 10.000
4.000 3.000 9.000
8.000 3.000 14.000
10.000 2.000 11.000
6.000 2.000 15.000
10.000 1.000 9.000
6.000 5.000 5.000
7.000 9.000 13.000
6.000 2.000 9.000
10.000 7.000 11.000
5.000 7.000 11.000
12.000 11.000 7.000
11.000 8.000 2.000
13.000 9.000 3.000
14.000 11.000 6.000
10.000 10.000 6.000
9.000 11.000 4.000
8.000 13.000 11.000
8.000 11.000 10.000
19.000 14.000 12.000
18.000 17.000 22.000
18.000 30.000 24.000
24.000 29.000 18.000
18.000 39.000 29.000
23.000 47.000 52.000
