109.000 129.000 73.000
17.000 40.000 32.000
30.000 35.000 19.000
17.000 23.000 20.000
28.000 23.000 31.000
29.000 13.000 21.000
12.000 25.000 25.000
10.000 18.000 30.000
16.000 5.000 19.000
19.000 19.000 16.000
13.000 16.000 18.000
19.000 11.000 20.000
15.000 14.000 21.000
13.000 19.000 14.000
13.000 18.000 15.000
12.000 15.000 14.000
13.000 8.000 10.000
15.000 8.000 6.000
11.000 6.000 3.000
8.000 7.000 5.000
12.000 7.000 3.000
5.000 9.000 8.000
9.000 4.000 8.000
7.000 3.000 6.000
9.000 7.000 7.000
6.000 7.000 1.000
10.000 10.000 7.000
5.000 9.000 6.000
2.000 9.000 8.000
8.000 5.000 4.000
11.000 5.000 9.000
10.000 6.000 9.000
7.000 4.000 16.000
7.000 1.000 10.000
13.000 1.000 13.000
5.000 2.000 6.000
5.000 1.000 4.000
4.000 5.000 6.000
6.000 2.000 5.000
5.000 5.000 6.000
7.000 1.000 7.000
9.000 2.000 2.000
4.000 4.000 2.000
6.000 4.000 3.000
5.000 2.000 4.000
4.000 1.000 2.000
12.000 8.000 1.000
7.000 6.000 2.000
13.000 4.000 2.000
14.000 5.000 3.000
12.000 5.000 8.000
13.000 11.000 8.000
15.000 18.000 7.000
19.000 16.000 14.000
8.000 24.000 25.000
21.000 33.000 27.000
23.000 40.000 34.000
23.000 54.000 45.000
