118.000 105.000 80.000
14.000 22.000 24.000
24.000 34.000 14.000
16.000 26.000 24.000
28.000 28.000 29.000
17.000 23.000 21.000
14.000 18.000 21.000
25.000 14.000 20.000
12.000 9.000 16.000
9.000 20.000 16.000
10.000 14.000 16.000
7.000 13.000 16.000
9.000 10.000 9.000
15.000 15.000 16.000
11.000 16.000 18.000
10.000 12.000 8.000
14.000 14.000 7.000
10.000 12.000 6.000
8.000 10.000 6.000
13.000 3.000 6.000
6.000 2.000 5.000
6.000 5.000 2.000
9.000 5.000 6.000
12.000 4.000 3.000
11.000 7.000 9.000
5.000 5.000 8.000
9.000 10.000 10.000
8.000 6.000 7.000
4.000 9.000 10.000
13.000 7.000 10.000
8.000 3.000 10.000
8.000 7.000 13.000
5.000 4.000 6.000
6.000 1.000 12.000
11.000 3.000 4.000
11.000 2.000 13.000
6.000 2.000 3.000
13.000 2.000 8.000
9.000 3.000 8.000
5.000 5.000 7.000
5.000 5.000 4.000
6.000 7.000 2.000
7.000 3.000 5.000
9.000 9.000 6.000
6.000 10.000 5.000
12.000 5.000 4.000
15.000 6.000 6.000
8.000 2.000 3.000
11.000 4.000 2.000
10.000 7.000 4.000
10.000 3.000 10.000
10.000 6.000 8.000
21.000 13.000 10.000
24.000 17.000 18.000
31.000 23.000 20.000
21.000 35.000 36.000
20.000 37.000 33.000
30.000 49.000 40.000
