95.000 53.000 95.000
14.000 16.000 12.000
14.000 23.000 18.000
13.000 26.000 14.000
21.000 17.000 20.000
15.000 22.000 8.000
6.000 13.000 11.000
10.000 22.000 19.000
14.000 14.000 23.000
10.000 13.000 8.000
12.000 19.000 12.000
10.000 15.000 15.000
6.000 11.000 11.000
12.000 7.000 11.000
8.000 9.000 9.000
12.000 18.000 7.000
18.000 13.000 7.000
11.000 13.000 5.000
11.000 7.000 11.000
13.000 10.000 9.000
9.000 11.000 4.000
10.000 10.000 5.000
11.000 7.000 10.000
9.000 7.000 6.000
11.000 8.000 5.000
10.000 9.000 10.000
11.000 10.000 12.000
7.000 5.000 12.000
13.000 6.000 15.000
6.000 10.000 12.000
6.000 9.000 16.000
5.000 7.000 14.000
14.000 8.000 14.000
15.000 4.000 8.000
9.000 5.000 17.000
11.000 8.000 11.000
9.000 2.000 13.000
14.000 10.000 9.000
17.000 1.000 11.000
14.000 7.000 9.000
15.000 6.000 10.000
13.000 8.000 14.000
12.000 8.000 7.000
16.000 10.000 6.000
15.000 7.000 6.000
10.000 19.000 11.000
15.000 9.000 8.000
11.000 12.000 8.000
15.000 9.000 10.000
18.000 17.000 7.000
22.000 10.000 13.000
18.000 12.000 21.000
21.000 21.000 17.000
28.000 25.000 22.000
15.000 28.000 31.000
25.000 28.000 19.000
17.000 34.000 23.000
20.000 38.000 29.000
