87.000 68.000 63.000
7.000 22.000 20.000
23.000 15.000 8.000
6.000 20.000 21.000
17.000 14.000 16.000
20.000 19.000 10.000
8.000 14.000 25.000
12.000 12.000 10.000
11.000 15.000 12.000
13.000 13.000 14.000
12.000 4.000 14.000
11.000 18.000 8.000
11.000 12.000 17.000
14.000 7.000 9.000
12.000 14.000 11.000
14.000 15.000 12.000
8.000 18.000 13.000
7.000 18.000 13.000
5.000 16.000 11.000
5.000 8.000 5.000
10.000 6.000 4.000
9.000 7.000 7.000
10.000 7.000 8.000
6.000 6.000 8.000
11.000 8.000 5.000
8.000 7.000 9.000
11.000 10.000 12.000
13.000 11.000 8.000
8.000 11.000 8.000
9.000 11.000 9.000
11.000 5.000 12.000
9.000 4.000 14.000
12.000 4.000 6.000
5.000 5.000 15.000
5.000 5.000 9.000
13.000 2.000 10.000
5.000 4.000 10.000
10.000 6.000 12.000
7.000 3.000 10.000
6.000 6.000 7.000
6.000 4.000 6.000
7.000 7.000 9.000
9.000 11.000 4.000
14.000 6.000 8.000
10.000 7.000 7.000
7.000 10.000 5.000
8.000 7.000 7.000
19.000 11.000 6.000
12.000 6.000 1.000
13.000 7.000 7.000
14.000 11.000 8.000
24.000 7.000 9.000
26.000 16.000 12.000
30.000 23.000 15.000
26.000 30.000 26.000
29.000 32.000 40.000
27.000 50.000 31.000
22.000 43.000 36.000
