103.000 65.000 74.000
16.000 30.000 21.000
13.000 22.000 11.000
12.000 17.000 21.000
10.000 19.000 20.000
9.000 19.000 15.000
14.000 23.000 10.000
18.000 20.000 19.000
8.000 14.000 13.000
7.000 16.000 16.000
13.000 16.000 5.000
17.000 11.000 15.000
14.000 20.000 20.000
12.000 23.000 17.000
10.000 13.000 11.000
12.000 9.000 14.000
11.000 15.000 10.000
10.000 13.000 11.000
11.000 8.000 12.000
11.000 4.000 7.000
11.000 7.000 9.000
14.000 4.000 7.000
9.000 6.000 4.000
11.000 4.000 6.000
8.000 8.000 4.000
8.000 5.000 6.000
7.000 4.000 9.000
6.000 7.000 5.000
5.000 5.000 10.000
6.000 5.000 6.000
8.000 4.000 4.000
9.000 3.000 5.000
4.000 3.000 6.000
6.000 0.000 3.000
7.000 2.000 8.000
8.000 2.000 6.000
2.000 1.000 13.000
4.000 3.000 5.000
4.000 3.000 8.000
3.000 7.000 7.000
2.000 5.000 2.000
7.000 1.000 3.000
4.000 6.000 3.000
6.000 5.000 4.000
5.000 3.000 3.000
4.000 3.000 1.000
5.000 3.000 1.000
5.000 2.000 2.000
9.000 5.000 3.000
5.000 6.000 6.000
9.000 1.000 6.000
18.000 10.000 4.000
31.000 9.000 9.000
25.000 18.000 15.000
26.000 25.000 29.000
41.000 38.000 33.000
44.000 47.000 37.000
45.000 60.000 57.000
