89.000 62.000 53.000
8.000 30.000 22.000
5.000 19.000 10.000
7.000 19.000 17.000
16.000 9.000 16.000
13.000 18.000 11.000
7.000 10.000 16.000
16.000 9.000 14.000
8.000 13.000 12.000
11.000 6.000 9.000
6.000 9.000 5.000
9.000 21.000 10.000
17.000 14.000 9.000
14.000 14.000 7.000
8.000 19.000 11.000
10.000 12.000 13.000
12.000 14.000 12.000
11.000 9.000 9.000
12.000 13.000 6.000
11.000 9.000 4.000
11.000 10.000 2.000
14.000 7.000 5.000
16.000 7.000 5.000
14.000 8.000 8.000
9.000 8.000 5.000
9.000 12.000 6.000
7.000 12.000 4.000
8.000 14.000 14.000
13.000 5.000 12.000
13.000 6.000 10.000
6.000 7.000 7.000
13.000 5.000 15.000
10.000 5.000 8.000
11.000 8.000 10.000
15.000 2.000 9.000
19.000 3.000 21.000
19.000 2.000 9.000
7.000 0.000 5.000
14.000 3.000 12.000
9.000 6.000 10.000
11.000 3.000 8.000
17.000 6.000 10.000
10.000 7.000 8.000
16.000 7.000 3.000
9.000 8.000 8.000
17.000 10.000 9.000
17.000 6.000 13.000
18.000 11.000 9.000
20.000 14.000 8.000
13.000 13.000 6.000
21.000 13.000 11.000
26.000 18.000 11.000
17.000 21.000 7.000
17.000 33.000 15.000
23.000 45.000 21.000
17.000 37.000 23.000
11.000 43.000 30.000
14.000 50.000 35.000
