101.000 91.000 72.000
12.000 25.000 19.000
23.000 25.000 15.000
17.000 12.000 18.000
9.000 24.000 24.000
23.000 17.000 12.000
8.000 19.000 19.000
8.000 10.000 18.000
12.000 15.000 12.000
15.000 8.000 13.000
11.000 11.000 7.000
11.000 13.000 11.000
17.000 12.000 15.000
9.000 9.000 15.000
15.000 16.000 9.000
11.000 13.000 11.000
7.000 17.000 14.000
12.000 13.000 10.000
9.000 7.000 13.000
11.000 10.000 8.000
15.000 10.000 4.000
12.000 5.000 6.000
10.000 4.000 8.000
14.000 8.000 11.000
10.000 5.000 5.000
11.000 6.000 6.000
10.000 8.000 7.000
14.000 7.000 11.000
10.000 7.000 15.000
14.000 8.000 9.000
15.000 6.000 17.000
10.000 9.000 11.000
15.000 3.000 10.000
14.000 7.000 7.000
13.000 2.000 10.000
8.000 9.000 8.000
9.000 9.000 7.000
10.000 1.000 11.000
16.000 5.000 14.000
12.000 8.000 9.000
14.000 3.000 9.000
15.000 7.000 11.000
12.000 4.000 9.000
11.000 10.000 6.000
11.000 4.000 5.000
11.000 8.000 9.000
7.000 9.000 8.000
17.000 7.000 7.000
12.000 10.000 4.000
13.000 8.000 9.000
20.000 15.000 5.000
14.000 12.000 16.000
13.000 18.000 17.000
19.000 19.000 21.000
18.000 26.000 17.000
15.000 30.000 28.000
19.000 47.000 21.000
24.000 48.000 39.000
