116.000 89.000 109.000
27.000 52.000 48.000
37.000 39.000 31.000
25.000 21.000 21.000
26.000 26.000 23.000
23.000 29.000 26.000
24.000 16.000 14.000
11.000 18.000 15.000
12.000 17.000 12.000
17.000 6.000 14.000
11.000 7.000 11.000
7.000 12.000 10.000
13.000 9.000 8.000
9.000 8.000 10.000
8.000 15.000 12.000
7.000 13.000 14.000
9.000 8.000 10.000
6.000 5.000 5.000
2.000 6.000 3.000
7.000 5.000 2.000
1.000 1.000 1.000
0.000 6.000 1.000
7.000 3.000 4.000
6.000 5.000 6.000
7.000 3.000 7.000
8.000 7.000 7.000
8.000 5.000 4.000
8.000 10.000 12.000
8.000 14.000 12.000
4.000 5.000 4.000
7.000 2.000 5.000
2.000 3.000 3.000
3.000 1.000 4.000
3.000 5.000 3.000
0.000 0.000 2.000
3.000 0.000 1.000
1.000 0.000 0.000
2.000 2.000 2.000
2.000 1.000 0.000
0.000 0.000 1.000
0.000 2.000 0.000
1.000 2.000 3.000
0.000 1.000 1.000
1.000 0.000 1.000
0.000 2.000 0.000
3.000 0.000 1.000
0.000 2.000 1.000
3.000 0.000 2.000
3.000 0.000 0.000
3.000 1.000 2.000
4.000 2.000 3.000
7.000 5.000 6.000
14.000 4.000 3.000
13.000 6.000 13.000
19.000 26.000 14.000
40.000 30.000 37.000
61.000 55.000 48.000
55.000 67.000 64.000
