102.000 70.000 60.000
13.000 30.000 30.000
23.000 32.000 16.000
10.000 16.000 29.000
22.000 18.000 28.000
19.000 21.000 11.000
14.000 19.000 25.000
15.000 14.000 17.000
9.000 14.000 10.000
14.000 9.000 2.000
10.000 15.000 14.000
13.000 5.000 8.000
7.000 11.000 16.000
10.000 5.000 9.000
11.000 9.000 3.000
7.000 7.000 9.000
6.000 14.000 4.000
7.000 11.000 5.000
1.000 10.000 2.000
10.000 7.000 6.000
7.000 6.000 3.000
15.000 4.000 2.000
4.000 7.000 4.000
10.000 11.000 2.000
9.000 6.000 7.000
6.000 10.000 12.000
10.000 9.000 8.000
12.000 7.000 9.000
8.000 3.000 11.000
10.000 7.000 8.000
7.000 8.000 5.000
10.000 1.000 3.000
9.000 4.000 7.000
11.000 4.000 6.000
12.000 1.000 4.000
7.000 7.000 2.000
7.000 0.000 11.000
12.000 1.000 9.000
8.000 3.000 8.000
14.000 7.000 12.000
17.000 2.000 6.000
12.000 3.000 6.000
6.000 5.000 7.000
9.000 5.000 7.000
17.000 5.000 7.000
3.000 7.000 3.000
12.000 7.000 7.000
8.000 5.000 8.000
8.000 8.000 8.000
9.000 10.000 11.000
14.000 10.000 7.000
15.000 12.000 4.000
19.000 17.000 14.000
20.000 24.000 17.000
21.000 29.000 30.000
35.000 39.000 28.000
20.000 39.000 30.000
33.000 57.000 53.000
