92.000 105.000 68.000
10.000 23.000 26.000
27.000 20.000 15.000
11.000 23.000 18.000
16.000 19.000 27.000
20.000 18.000 18.000
10.000 20.000 24.000
17.000 14.000 17.000
9.000 15.000 18.000
21.000 10.000 8.000
13.000 15.000 19.000
14.000 10.000 11.000
11.000 11.000 10.000
12.000 9.000 12.000
8.000 14.000 13.000
12.000 11.000 12.000
10.000 8.000 11.000
10.000 8.000 8.000
9.000 9.000 7.000
10.000 6.000 7.000
9.000 9.000 6.000
8.000 10.000 4.000
10.000 8.000 5.000
13.000 4.000 4.000
6.000 6.000 7.000
11.000 6.000 12.000
7.000 12.000 11.000
15.000 10.000 10.000
8.000 13.000 11.000
10.000 17.000 8.000
8.000 10.000 5.000
12.000 4.000 14.000
8.000 6.000 15.000
3.000 4.000 16.000
12.000 4.000 12.000
9.000 8.000 8.000
8.000 6.000 6.000
10.000 6.000 14.000
8.000 9.000 10.000
7.000 2.000 11.000
17.000 2.000 8.000
13.000 9.000 13.000
5.000 10.000 6.000
9.000 8.000 7.000
13.000 9.000 16.000
13.000 14.000 9.000
11.000 11.000 5.000
17.000 4.000 2.000
7.000 12.000 6.000
12.000 10.000 5.000
12.000 9.000 9.000
11.000 16.000 12.000
12.000 16.000 14.000
24.000 19.000 19.000
20.000 24.000 22.000
35.000 20.000 26.000
16.000 32.000 29.000
23.000 49.000 35.000
