93.000 62.000 58.000
10.000 23.000 18.000
18.000 16.000 11.000
7.000 13.000 23.000
18.000 17.000 13.000
10.000 7.000 12.000
11.000 16.000 15.000
11.000 13.000 12.000
11.000 6.000 9.000
7.000 12.000 12.000
7.000 15.000 10.000
15.000 16.000 15.000
12.000 7.000 13.000
10.000 9.000 9.000
7.000 11.000 7.000
14.000 12.000 5.000
9.000 8.000 4.000
7.000 14.000 2.000
7.000 12.000 4.000
5.000 9.000 7.000
11.000 10.000 3.000
16.000 5.000 5.000
11.000 13.000 7.000
19.000 8.000 7.000
13.000 10.000 5.000
11.000 7.000 10.000
10.000 6.000 10.000
6.000 9.000 13.000
11.000 9.000 15.000
4.000 9.000 19.000
21.000 6.000 19.000
13.000 5.000 8.000
14.000 7.000 13.000
8.000 5.000 13.000
18.000 6.000 13.000
13.000 4.000 14.000
13.000 4.000 17.000
16.000 7.000 12.000
11.000 7.000 9.000
18.000 8.000 7.000
15.000 4.000 5.000
12.000 7.000 9.000
17.000 12.000 11.000
20.000 7.000 9.000
11.000 6.000 9.000
18.000 11.000 11.000
14.000 17.000 3.000
16.000 11.000 12.000
14.000 11.000 8.000
14.000 16.000 12.000
24.000 18.000 10.000
19.000 12.000 21.000
22.000 15.000 17.000
16.000 20.000 22.000
22.000 24.000 19.000
18.000 35.000 19.000
16.000 50.000 19.000
22.000 49.000 24.000
