77.000 56.000 51.000
9.000 17.000 9.000
21.000 19.000 8.000
12.000 14.000 12.000
15.000 14.000 17.000
12.000 14.000 8.000
6.000 13.000 10.000
14.000 13.000 16.000
10.000 11.000 13.000
9.000 17.000 7.000
14.000 14.000 7.000
6.000 8.000 15.000
15.000 9.000 9.000
10.000 6.000 3.000
9.000 9.000 8.000
9.000 15.000 6.000
7.000 10.000 7.000
6.000 8.000 10.000
7.000 11.000 2.000
11.000 9.000 4.000
12.000 7.000 4.000
11.000 9.000 4.000
9.000 9.000 4.000
7.000 7.000 9.000
9.000 6.000 8.000
6.000 4.000 8.000
7.000 9.000 13.000
6.000 11.000 7.000
7.000 9.000 11.000
11.000 8.000 11.000
13.000 6.000 15.000
7.000 6.000 8.000
16.000 8.000 8.000
10.000 3.000 12.000
9.000 6.000 8.000
13.000 11.000 11.000
10.000 6.000 11.000
12.000 0.000 12.000
9.000 4.000 12.000
16.000 3.000 13.000
17.000 1.000 13.000
15.000 11.000 8.000
16.000 3.000 8.000
12.000 5.000 10.000
16.000 7.000 14.000
18.000 7.000 20.000
12.000 14.000 8.000
16.000 10.000 15.000
21.000 18.000 7.000
25.000 19.000 6.000
21.000 18.000 23.000
12.000 17.000 16.000
21.000 26.000 16.000
19.000 27.000 24.000
28.000 41.000 25.000
21.000 37.000 24.000
28.000 44.000 32.000
27.000 40.000 27.000
