76.000 51.000 49.000
3.000 16.000 12.000
4.000 14.000 7.000
3.000 14.000 19.000
10.000 18.000 11.000
10.000 12.000 12.000
7.000 10.000 14.000
7.000 7.000 16.000
6.000 14.000 12.000
10.000 14.000 8.000
6.000 11.000 13.000
4.000 10.000 14.000
12.000 22.000 9.000
12.000 11.000 18.000
6.000 13.000 8.000
9.000 7.000 8.000
8.000 10.000 3.000
17.000 12.000 5.000
10.000 15.000 6.000
12.000 14.000 7.000
17.000 15.000 0.000
16.000 9.000 3.000
12.000 9.000 5.000
16.000 13.000 9.000
14.000 10.000 7.000
20.000 6.000 4.000
12.000 4.000 8.000
9.000 6.000 8.000
18.000 12.000 18.000
11.000 5.000 13.000
8.000 9.000 11.000
11.000 5.000 18.000
14.000 5.000 14.000
10.000 2.000 9.000
14.000 2.000 15.000
14.000 4.000 11.000
12.000 3.000 15.000
17.000 3.000 18.000
10.000 2.000 17.000
12.000 2.000 11.000
20.000 9.000 10.000
15.000 2.000 12.000
15.000 11.000 9.000
13.000 13.000 11.000
13.000 9.000 5.000
18.000 11.000 12.000
14.000 20.000 6.000
23.000 11.000 6.000
12.000 24.000 7.000
17.000 14.000 9.000
14.000 22.000 15.000
16.000 19.000 20.000
17.000 15.000 19.000
20.000 34.000 18.000
21.000 33.000 25.000
23.000 30.000 27.000
16.000 46.000 28.000
17.000 34.000 25.000
