75.000 85.000 77.000
10.000 31.000 33.000
22.000 24.000 22.000
18.000 20.000 14.000
18.000 24.000 17.000
22.000 26.000 27.000
14.000 15.000 19.000
22.000 10.000 24.000
16.000 16.000 18.000
15.000 11.000 12.000
20.000 13.000 11.000
12.000 12.000 12.000
16.000 12.000 8.000
18.000 15.000 12.000
14.000 18.000 15.000
14.000 12.000 10.000
6.000 11.000 6.000
9.000 8.000 5.000
9.000 7.000 8.000
13.000 7.000 13.000
4.000 9.000 8.000
10.000 3.000 7.000
9.000 4.000 7.000
12.000 9.000 2.000
6.000 10.000 10.000
5.000 6.000 7.000
9.000 5.000 6.000
4.000 6.000 7.000
3.000 11.000 11.000
8.000 10.000 10.000
5.000 10.000 8.000
9.000 6.000 5.000
7.000 9.000 4.000
9.000 3.000 5.000
9.000 4.000 13.000
10.000 2.000 10.000
6.000 4.000 10.000
3.000 4.000 5.000
5.000 3.000 6.000
3.000 1.000 13.000
3.000 4.000 3.000
3.000 4.000 4.000
8.000 2.000 5.000
9.000 7.000 5.000
4.000 6.000 2.000
5.000 6.000 4.000
12.000 9.000 6.000
13.000 9.000 6.000
15.000 5.000 6.000
11.000 5.000 7.000
15.000 1.000 10.000
5.000 5.000 13.000
10.000 9.000 10.000
27.000 20.000 25.000
22.000 23.000 24.000
26.000 44.000 29.000
35.000 34.000 36.000
27.000 55.000 50.000
