67.000 66.000 69.000
7.000 18.000 20.000
16.000 23.000 11.000
5.000 20.000 17.000
22.000 7.000 15.000
14.000 15.000 9.000
11.000 9.000 14.000
16.000 13.000 11.000
6.000 6.000 9.000
14.000 8.000 9.000
17.000 17.000 7.000
8.000 10.000 6.000
17.000 13.000 12.000
7.000 15.000 9.000
10.000 12.000 14.000
12.000 8.000 3.000
11.000 9.000 7.000
13.000 14.000 4.000
12.000 12.000 10.000
16.000 12.000 9.000
9.000 9.000 8.000
13.000 13.000 11.000
14.000 13.000 5.000
12.000 7.000 2.000
9.000 11.000 6.000
4.000 7.000 10.000
8.000 10.000 11.000
8.000 12.000 14.000
9.000 16.000 11.000
15.000 7.000 11.000
8.000 16.000 17.000
10.000 7.000 12.000
8.000 8.000 10.000
8.000 4.000 9.000
10.000 5.000 6.000
10.000 5.000 12.000
9.000 4.000 11.000
8.000 6.000 11.000
7.000 2.000 16.000
11.000 5.000 11.000
9.000 5.000 14.000
7.000 9.000 12.000
17.000 6.000 12.000
12.000 10.000 5.000
14.000 8.000 9.000
16.000 6.000 12.000
10.000 7.000 9.000
16.000 7.000 9.000
19.000 7.000 6.000
17.000 9.000 7.000
10.000 15.000 17.000
20.000 12.000 11.000
14.000 15.000 6.000
17.000 32.000 13.000
30.000 37.000 27.000
21.000 25.000 30.000
24.000 47.000 29.000
22.000 50.000 33.000
