81.000 83.000 91.000
8.000 24.000 35.000
23.000 35.000 16.000
16.000 24.000 18.000
25.000 19.000 21.000
23.000 22.000 21.000
13.000 22.000 17.000
19.000 18.000 24.000
18.000 20.000 14.000
12.000 8.000 11.000
15.000 10.000 13.000
18.000 13.000 13.000
13.000 8.000 12.000
12.000 10.000 7.000
9.000 16.000 10.000
4.000 15.000 9.000
9.000 12.000 12.000
7.000 4.000 11.000
8.000 9.000 5.000
9.000 5.000 6.000
10.000 6.000 7.000
9.000 6.000 4.000
9.000 9.000 5.000
10.000 8.000 7.000
10.000 6.000 3.000
7.000 7.000 5.000
7.000 8.000 3.000
9.000 6.000 10.000
3.000 2.000 12.000
6.000 11.000 8.000
4.000 5.000 7.000
8.000 5.000 5.000
9.000 3.000 5.000
4.000 9.000 10.000
6.000 4.000 6.000
8.000 2.000 7.000
9.000 4.000 7.000
4.000 1.000 4.000
3.000 4.000 8.000
7.000 2.000 3.000
7.000 1.000 2.000
6.000 1.000 3.000
7.000 4.000 5.000
15.000 3.000 3.000
6.000 4.000 1.000
11.000 3.000 2.000
10.000 2.000 0.000
14.000 6.000 2.000
13.000 4.000 2.000
12.000 3.000 8.000
17.000 6.000 7.000
11.000 12.000 10.000
25.000 11.000 13.000
14.000 28.000 18.000
27.000 23.000 23.000
36.000 36.000 31.000
26.000 47.000 38.000
29.000 59.000 54.000
