81.000 68.000 95.000
6.000 18.000 19.000
14.000 25.000 11.000
5.000 16.000 24.000
12.000 19.000 18.000
19.000 20.000 12.000
11.000 19.000 12.000
14.000 14.000 19.000
12.000 12.000 8.000
12.000 17.000 12.000
6.000 18.000 16.000
15.000 7.000 11.000
9.000 15.000 16.000
6.000 12.000 12.000
19.000 17.000 12.000
11.000 18.000 15.000
13.000 13.000 5.000
7.000 20.000 4.000
13.000 15.000 12.000
10.000 6.000 11.000
14.000 7.000 12.000
10.000 12.000 6.000
5.000 11.000 10.000
17.000 8.000 11.000
10.000 10.000 6.000
7.000 8.000 10.000
13.000 7.000 12.000
9.000 9.000 14.000
14.000 9.000 13.000
6.000 8.000 11.000
14.000 5.000 17.000
14.000 4.000 10.000
11.000 4.000 9.000
12.000 4.000 14.000
13.000 6.000 12.000
13.000 5.000 18.000
6.000 6.000 20.000
13.000 6.000 10.000
14.000 5.000 8.000
11.000 4.000 12.000
8.000 10.000 15.000
15.000 12.000 6.000
10.000 11.000 8.000
10.000 9.000 9.000
11.000 9.000 11.000
18.000 8.000 9.000
14.000 14.000 6.000
15.000 12.000 8.000
17.000 16.000 6.000
13.000 17.000 14.000
14.000 15.000 8.000
20.000 9.000 12.000
15.000 19.000 9.000
16.000 21.000 15.000
13.000 19.000 17.000
22.000 28.000 20.000
16.000 36.000 28.000
21.000 42.000 18.000
