82.000 69.000 94.000
13.000 21.000 25.000
23.000 28.000 19.000
11.000 25.000 14.000
18.000 30.000 28.000
20.000 24.000 15.000
7.000 24.000 19.000
18.000 19.000 18.000
15.000 19.000 8.000
16.000 25.000 18.000
12.000 17.000 15.000
13.000 11.000 14.000
15.000 9.000 8.000
10.000 9.000 10.000
9.000 7.000 8.000
10.000 7.000 12.000
11.000 10.000 9.000
2.000 12.000 2.000
13.000 8.000 16.000
10.000 14.000 4.000
6.000 7.000 5.000
11.000 8.000 6.000
11.000 8.000 6.000
13.000 6.000 5.000
13.000 6.000 4.000
13.000 5.000 5.000
9.000 9.000 8.000
14.000 12.000 12.000
13.000 12.000 8.000
4.000 5.000 12.000
6.000 6.000 16.000
13.000 3.000 7.000
9.000 6.000 6.000
8.000 1.000 20.000
13.000 5.000 15.000
12.000 4.000 13.000
8.000 3.000 9.000
17.000 6.000 9.000
9.000 3.000 2.000
16.000 6.000 6.000
8.000 9.000 6.000
12.000 5.000 5.000
6.000 8.000 8.000
16.000 8.000 4.000
9.000 2.000 2.000
13.000 6.000 8.000
12.000 11.000 6.000
6.000 8.000 9.000
14.000 7.000 6.000
13.000 9.000 4.000
12.000 5.000 9.000
16.000 10.000 10.000
16.000 13.000 16.000
15.000 26.000 25.000
24.000 31.000 17.000
23.000 36.000 32.000
22.000 44.000 37.000
17.000 39.000 26.000
