49.000 88.000 95.000
26.000 70.000 59.000
58.000 34.000 31.000
14.000 20.000 20.000
33.000 20.000 17.000
27.000 15.000 10.000
10.000 13.000 20.000
15.000 15.000 12.000
10.000 8.000 10.000
18.000 8.000 7.000
9.000 3.000 6.000
7.000 7.000 6.000
12.000 5.000 6.000
6.000 6.000 9.000
5.000 10.000 6.000
14.000 8.000 10.000
4.000 5.000 7.000
11.000 8.000 6.000
6.000 1.000 5.000
7.000 2.000 1.000
3.000 2.000 2.000
1.000 3.000 3.000
5.000 4.000 3.000
3.000 3.000 2.000
3.000 5.000 6.000
4.000 5.000 4.000
6.000 7.000 7.000
7.000 7.000 5.000
5.000 4.000 9.000
4.000 5.000 6.000
2.000 8.000 5.000
4.000 3.000 2.000
4.000 1.000 3.000
5.000 2.000 1.000
3.000 0.000 0.000
3.000 1.000 5.000
4.000 1.000 2.000
1.000 1.000 1.000
3.000 0.000 1.000
3.000 0.000 0.000
0.000 2.000 1.000
0.000 0.000 0.000
1.000 0.000 0.000
1.000 0.000 2.000
0.000 3.000 0.000
0.000 4.000 3.000
2.000 0.000 2.000
5.000 0.000 2.000
4.000 3.000 1.000
1.000 0.000 3.000
5.000 4.000 1.000
5.000 1.000 1.000
10.000 4.000 6.000
13.000 4.000 9.000
14.000 8.000 8.000
20.000 20.000 13.000
27.000 26.000 33.000
23.000 48.000 37.000
