73.000 49.000 50.000
7.000 14.000 14.000
12.000 17.000 6.000
9.000 22.000 17.000
13.000 21.000 22.000
12.000 11.000 10.000
15.000 16.000 10.000
9.000 7.000 14.000
9.000 12.000 16.000
9.000 6.000 8.000
6.000 7.000 9.000
9.000 10.000 11.000
9.000 10.000 3.000
11.000 9.000 9.000
14.000 9.000 3.000
8.000 12.000 5.000
6.000 10.000 7.000
9.000 8.000 10.000
6.000 9.000 2.000
3.000 6.000 7.000
6.000 5.000 2.000
9.000 6.000 5.000
11.000 8.000 4.000
9.000 8.000 2.000
18.000 10.000 6.000
9.000 7.000 6.000
7.000 7.000 7.000
9.000 13.000 11.000
14.000 9.000 8.000
8.000 12.000 11.000
13.000 8.000 12.000
11.000 4.000 9.000
17.000 3.000 14.000
19.000 7.000 7.000
13.000 6.000 11.000
18.000 6.000 8.000
15.000 1.000 12.000
16.000 6.000 10.000
15.000 5.000 13.000
13.000 2.000 12.000
18.000 7.000 11.000
11.000 6.000 5.000
18.000 2.000 10.000
23.000 8.000 7.000
17.000 3.000 10.000
18.000 7.000 8.000
19.000 9.000 6.000
17.000 12.000 8.000
15.000 15.000 16.000
14.000 15.000 13.000
26.000 8.000 18.000
11.000 19.000 12.000
14.000 31.000 16.000
24.000 40.000 21.000
25.000 30.000 26.000
17.000 37.000 32.000
18.000 44.000 27.000
10.000 56.000 26.000
