69.000 52.000 71.000
11.000 21.000 21.000
16.000 21.000 12.000
9.000 13.000 17.000
8.000 20.000 17.000
14.000 14.000 11.000
7.000 15.000 7.000
11.000 9.000 13.000
10.000 17.000 10.000
11.000 5.000 9.000
8.000 13.000 15.000
11.000 14.000 6.000
9.000 10.000 3.000
8.000 6.000 9.000
10.000 10.000 9.000
10.000 13.000 8.000
13.000 11.000 5.000
10.000 16.000 12.000
14.000 18.000 14.000
15.000 8.000 12.000
11.000 9.000 10.000
6.000 12.000 11.000
8.000 9.000 6.000
7.000 8.000 5.000
10.000 14.000 12.000
13.000 6.000 6.000
14.000 10.000 17.000
8.000 7.000 10.000
17.000 11.000 11.000
11.000 6.000 4.000
16.000 11.000 17.000
16.000 7.000 12.000
9.000 5.000 12.000
18.000 9.000 17.000
8.000 8.000 11.000
15.000 8.000 14.000
14.000 5.000 15.000
21.000 3.000 14.000
11.000 11.000 12.000
9.000 6.000 18.000
16.000 7.000 9.000
15.000 6.000 8.000
22.000 12.000 8.000
16.000 9.000 10.000
13.000 6.000 11.000
29.000 19.000 9.000
12.000 9.000 5.000
15.000 12.000 8.000
11.000 11.000 10.000
17.000 17.000 9.000
24.000 20.000 11.000
23.000 12.000 9.000
12.000 20.000 13.000
23.000 22.000 21.000
17.000 36.000 21.000
20.000 36.000 28.000
21.000 45.000 37.000
15.000 49.000 28.000
