89.000 53.000 52.000
5.000 17.000 15.000
15.000 14.000 16.000
10.000 15.000 17.000
14.000 18.000 12.000
12.000 12.000 10.000
9.000 14.000 14.000
14.000 12.000 15.000
14.000 15.000 7.000
16.000 17.000 6.000
5.000 12.000 8.000
10.000 7.000 8.000
8.000 10.000 4.000
11.000 13.000 8.000
16.000 13.000 11.000
12.000 11.000 11.000
7.000 13.000 6.000
10.000 11.000 11.000
6.000 9.000 4.000
12.000 6.000 7.000
7.000 10.000 5.000
8.000 10.000 6.000
11.000 11.000 8.000
16.000 13.000 9.000
12.000 10.000 8.000
13.000 15.000 5.000
8.000 13.000 5.000
15.000 8.000 6.000
12.000 2.000 8.000
9.000 9.000 9.000
9.000 3.000 15.000
11.000 7.000 9.000
9.000 1.000 10.000
11.000 4.000 5.000
9.000 6.000 5.000
11.000 4.000 12.000
8.000 1.000 8.000
12.000 5.000 10.000
11.000 3.000 16.000
10.000 2.000 14.000
11.000 1.000 9.000
9.000 6.000 8.000
7.000 5.000 9.000
15.000 7.000 5.000
11.000 4.000 13.000
23.000 6.000 11.000
16.000 11.000 5.000
9.000 10.000 5.000
20.000 9.000 5.000
17.000 16.000 13.000
24.000 22.000 12.000
15.000 15.000 16.000
19.000 22.000 13.000
21.000 19.000 21.000
19.000 24.000 28.000
24.000 26.000 40.000
29.000 54.000 36.000
27.000 53.000 33.000
