88.000 83.000 100.000
15.000 41.000 30.000
25.000 28.000 18.000
12.000 31.000 30.000
21.000 24.000 23.000
23.000 23.000 21.000
11.000 22.000 22.000
21.000 20.000 31.000
13.000 20.000 15.000
21.000 17.000 18.000
17.000 11.000 16.000
20.000 13.000 8.000
15.000 12.000 12.000
10.000 14.000 7.000
8.000 12.000 12.000
4.000 14.000 14.000
19.000 14.000 9.000
14.000 12.000 8.000
14.000 4.000 12.000
10.000 13.000 6.000
14.000 6.000 8.000
13.000 3.000 8.000
5.000 10.000 2.000
9.000 11.000 5.000
11.000 9.000 9.000
7.000 7.000 5.000
7.000 12.000 15.000
8.000 8.000 15.000
7.000 16.000 11.000
19.000 8.000 10.000
7.000 4.000 8.000
8.000 3.000 10.000
12.000 6.000 13.000
8.000 3.000 7.000
8.000 3.000 3.000
5.000 0.000 3.000
4.000 1.000 3.000
4.000 4.000 5.000
9.000 4.000 4.000
7.000 5.000 5.000
5.000 2.000 5.000
7.000 4.000 5.000
12.000 0.000 9.000
10.000 3.000 1.000
5.000 9.000 2.000
5.000 4.000 5.000
10.000 6.000 0.000
5.000 5.000 5.000
4.000 5.000 3.000
14.000 1.000 2.000
8.000 4.000 11.000
4.000 10.000 6.000
15.000 10.000 12.000
13.000 17.000 18.000
10.000 25.000 23.000
17.000 28.000 17.000
20.000 45.000 39.000
19.000 44.000 47.000
