92.000 78.000 96.000
17.000 44.000 38.000
27.000 39.000 25.000
14.000 27.000 24.000
33.000 22.000 25.000
23.000 23.000 17.000
16.000 21.000 22.000
26.000 14.000 19.000
23.000 19.000 18.000
15.000 7.000 11.000
15.000 11.000 12.000
16.000 14.000 19.000
14.000 14.000 17.000
11.000 16.000 12.000
17.000 18.000 17.000
11.000 17.000 13.000
11.000 23.000 14.000
11.000 10.000 6.000
6.000 6.000 10.000
7.000 3.000 8.000
12.000 6.000 8.000
10.000 10.000 10.000
10.000 9.000 3.000
6.000 6.000 8.000
10.000 6.000 7.000
7.000 7.000 3.000
9.000 10.000 7.000
4.000 2.000 9.000
9.000 9.000 6.000
7.000 13.000 8.000
8.000 8.000 11.000
7.000 8.000 5.000
6.000 3.000 5.000
6.000 1.000 6.000
8.000 1.000 5.000
4.000 0.000 1.000
1.000 2.000 7.000
3.000 0.000 6.000
8.000 1.000 4.000
7.000 4.000 7.000
2.000 3.000 3.000
4.000 3.000 4.000
6.000 6.000 4.000
12.000 5.000 7.000
6.000 3.000 2.000
8.000 5.000 1.000
4.000 2.000 1.000
7.000 5.000 1.000
7.000 8.000 3.000
2.000 2.000 4.000
11.000 3.000 12.000
15.000 7.000 12.000
12.000 6.000 13.000
16.000 7.000 19.000
27.000 19.000 22.000
24.000 33.000 21.000
32.000 43.000 45.000
28.000 61.000 43.000
