84.000 68.000 73.000
7.000 34.000 34.000
21.000 26.000 22.000
22.000 15.000 16.000
20.000 24.000 22.000
19.000 22.000 22.000
12.000 16.000 23.000
17.000 12.000 13.000
15.000 16.000 7.000
11.000 8.000 12.000
14.000 17.000 12.000
19.000 11.000 9.000
8.000 9.000 12.000
19.000 23.000 15.000
13.000 18.000 21.000
13.000 16.000 13.000
5.000 11.000 17.000
8.000 9.000 11.000
5.000 5.000 6.000
9.000 5.000 4.000
7.000 3.000 2.000
11.000 6.000 4.000
7.000 3.000 6.000
7.000 3.000 3.000
2.000 5.000 7.000
4.000 7.000 4.000
9.000 3.000 7.000
5.000 11.000 7.000
7.000 4.000 9.000
4.000 8.000 6.000
7.000 5.000 2.000
8.000 4.000 8.000
3.000 1.000 2.000
5.000 2.000 2.000
4.000 1.000 3.000
3.000 1.000 3.000
2.000 0.000 1.000
5.000 1.000 5.000
4.000 1.000 1.000
3.000 1.000 4.000
6.000 6.000 2.000
8.000 3.000 5.000
1.000 3.000 3.000
4.000 4.000 3.000
4.000 2.000 3.000
4.000 2.000 4.000
7.000 3.000 1.000
8.000 4.000 2.000
11.000 3.000 1.000
6.000 3.000 3.000
12.000 7.000 7.000
17.000 5.000 8.000
18.000 8.000 10.000
19.000 15.000 15.000
28.000 31.000 23.000
28.000 37.000 33.000
35.000 81.000 73.000
35.000 63.000 80.000
