98.000 79.000 112.000
11.000 36.000 42.000
34.000 29.000 17.000
19.000 29.000 28.000
24.000 33.000 23.000
28.000 20.000 16.000
30.000 29.000 21.000
31.000 30.000 29.000
23.000 24.000 22.000
23.000 24.000 18.000
17.000 24.000 19.000
18.000 14.000 12.000
14.000 15.000 22.000
9.000 17.000 20.000
16.000 27.000 19.000
13.000 16.000 10.000
15.000 11.000 12.000
12.000 10.000 9.000
14.000 8.000 7.000
11.000 10.000 11.000
8.000 8.000 5.000
5.000 4.000 6.000
6.000 7.000 7.000
8.000 4.000 11.000
12.000 5.000 8.000
7.000 8.000 7.000
8.000 2.000 5.000
2.000 3.000 8.000
13.000 6.000 7.000
11.000 15.000 5.000
3.000 3.000 4.000
6.000 4.000 17.000
12.000 2.000 2.000
8.000 3.000 7.000
7.000 2.000 12.000
8.000 2.000 4.000
3.000 3.000 3.000
6.000 3.000 9.000
7.000 3.000 6.000
8.000 5.000 7.000
7.000 4.000 3.000
4.000 5.000 5.000
13.000 2.000 4.000
10.000 6.000 5.000
8.000 9.000 6.000
10.000 3.000 6.000
13.000 5.000 6.000
4.000 10.000 5.000
11.000 8.000 6.000
8.000 9.000 5.000
5.000 7.000 10.000
22.000 8.000 11.000
13.000 16.000 9.000
19.000 11.000 20.000
18.000 13.000 24.000
13.000 19.000 27.000
25.000 41.000 27.000
24.000 39.000 32.000
