67.000 52.000 83.000
8.000 19.000 14.000
16.000 19.000 12.000
5.000 17.000 16.000
8.000 15.000 18.000
14.000 18.000 10.000
5.000 17.000 11.000
12.000 15.000 18.000
12.000 19.000 21.000
9.000 13.000 12.000
11.000 13.000 7.000
12.000 19.000 6.000
16.000 15.000 9.000
16.000 14.000 9.000
11.000 10.000 6.000
12.000 13.000 8.000
14.000 13.000 9.000
13.000 8.000 9.000
11.000 10.000 13.000
8.000 15.000 7.000
10.000 10.000 7.000
6.000 15.000 15.000
14.000 14.000 11.000
17.000 11.000 10.000
9.000 10.000 5.000
9.000 12.000 12.000
14.000 10.000 10.000
11.000 12.000 22.000
8.000 16.000 14.000
10.000 8.000 16.000
9.000 5.000 13.000
19.000 7.000 19.000
16.000 9.000 18.000
13.000 9.000 21.000
12.000 8.000 17.000
14.000 4.000 17.000
18.000 10.000 24.000
10.000 4.000 23.000
11.000 12.000 23.000
18.000 9.000 13.000
20.000 16.000 20.000
12.000 17.000 9.000
9.000 8.000 14.000
17.000 13.000 13.000
16.000 13.000 6.000
19.000 23.000 11.000
15.000 17.000 12.000
17.000 13.000 4.000
15.000 20.000 14.000
22.000 19.000 14.000
14.000 13.000 16.000
22.000 11.000 12.000
9.000 21.000 19.000
13.000 16.000 6.000
20.000 15.000 14.000
14.000 30.000 22.000
16.000 27.000 11.000
18.000 27.000 28.000
