72.000 78.000 73.000
8.000 18.000 18.000
15.000 16.000 17.000
10.000 30.000 21.000
24.000 19.000 25.000
21.000 19.000 15.000
9.000 25.000 14.000
18.000 13.000 16.000
12.000 8.000 10.000
16.000 14.000 9.000
8.000 8.000 17.000
8.000 13.000 8.000
10.000 11.000 11.000
13.000 15.000 6.000
15.000 12.000 5.000
13.000 8.000 6.000
7.000 7.000 5.000
11.000 11.000 2.000
10.000 8.000 6.000
12.000 11.000 4.000
7.000 15.000 9.000
5.000 12.000 6.000
9.000 14.000 8.000
5.000 7.000 3.000
13.000 6.000 3.000
12.000 10.000 10.000
16.000 4.000 5.000
9.000 8.000 7.000
10.000 10.000 8.000
8.000 6.000 12.000
18.000 6.000 17.000
9.000 11.000 11.000
9.000 7.000 14.000
10.000 9.000 15.000
10.000 10.000 16.000
12.000 6.000 16.000
7.000 12.000 19.000
10.000 5.000 14.000
17.000 6.000 11.000
10.000 8.000 14.000
6.000 3.000 15.000
15.000 3.000 14.000
16.000 8.000 12.000
14.000 5.000 6.000
8.000 14.000 9.000
14.000 12.000 9.000
16.000 16.000 8.000
15.000 10.000 7.000
17.000 16.000 9.000
12.000 15.000 8.000
16.000 12.000 13.000
10.000 15.000 9.000
19.000 20.000 20.000
20.000 24.000 16.000
21.000 28.000 22.000
11.000 26.000 16.000
22.000 26.000 22.000
22.000 40.000 20.000
