82.000 87.000 73.000
13.000 28.000 31.000
19.000 31.000 17.000
17.000 27.000 26.000
28.000 20.000 23.000
21.000 13.000 20.000
9.000 17.000 21.000
15.000 14.000 17.000
11.000 17.000 16.000
16.000 4.000 11.000
9.000 5.000 7.000
3.000 6.000 7.000
8.000 7.000 10.000
7.000 7.000 7.000
5.000 12.000 7.000
11.000 4.000 7.000
10.000 14.000 3.000
7.000 8.000 5.000
6.000 2.000 11.000
8.000 4.000 2.000
6.000 4.000 3.000
4.000 6.000 1.000
6.000 5.000 5.000
8.000 5.000 7.000
10.000 8.000 3.000
11.000 12.000 3.000
5.000 8.000 5.000
9.000 9.000 10.000
6.000 10.000 13.000
2.000 4.000 8.000
9.000 2.000 11.000
11.000 4.000 5.000
6.000 5.000 14.000
3.000 5.000 10.000
6.000 3.000 7.000
9.000 4.000 8.000
7.000 3.000 7.000
4.000 4.000 5.000
13.000 1.000 1.000
3.000 3.000 7.000
3.000 5.000 5.000
4.000 3.000 3.000
7.000 5.000 5.000
12.000 5.000 5.000
5.000 8.000 6.000
10.000 6.000 1.000
8.000 6.000 7.000
12.000 5.000 5.000
7.000 5.000 4.000
18.000 6.000 8.000
12.000 2.000 7.000
25.000 14.000 14.000
26.000 13.000 19.000
25.000 14.000 17.000
25.000 26.000 23.000
35.000 44.000 30.000
38.000 55.000 27.000
31.000 58.000 51.000
