97.000 71.000 110.000
6.000 25.000 24.000
16.000 25.000 21.000
4.000 19.000 25.000
20.000 25.000 19.000
20.000 21.000 8.000
12.000 25.000 17.000
20.000 16.000 15.000
16.000 19.000 12.000
12.000 15.000 8.000
11.000 11.000 16.000
12.000 14.000 7.000
17.000 9.000 8.000
9.000 12.000 3.000
11.000 8.000 8.000
12.000 13.000 5.000
10.000 10.000 6.000
9.000 11.000 7.000
8.000 9.000 7.000
11.000 6.000 5.000
11.000 10.000 6.000
11.000 7.000 8.000
7.000 8.000 9.000
10.000 3.000 6.000
7.000 8.000 9.000
6.000 7.000 10.000
13.000 4.000 9.000
5.000 9.000 8.000
9.000 13.000 11.000
8.000 6.000 9.000
12.000 5.000 11.000
6.000 1.000 8.000
11.000 2.000 17.000
5.000 2.000 12.000
6.000 5.000 14.000
11.000 4.000 9.000
10.000 3.000 12.000
10.000 4.000 10.000
11.000 3.000 6.000
9.000 10.000 7.000
14.000 13.000 9.000
5.000 4.000 14.000
11.000 8.000 7.000
12.000 16.000 8.000
8.000 6.000 6.000
11.000 13.000 5.000
14.000 6.000 4.000
9.000 12.000 6.000
15.000 11.000 8.000
14.000 10.000 7.000
12.000 11.000 14.000
23.000 7.000 15.000
19.000 18.000 8.000
17.000 20.000 18.000
35.000 21.000 25.000
17.000 32.000 28.000
30.000 32.000 31.000
29.000 55.000 33.000
