90.000 85.000 117.000
10.000 26.000 29.000
29.000 20.000 18.000
13.000 29.000 14.000
22.000 29.000 23.000
21.000 22.000 19.000
21.000 20.000 14.000
9.000 18.000 10.000
11.000 11.000 21.000
14.000 13.000 16.000
15.000 9.000 10.000
8.000 13.000 8.000
9.000 7.000 6.000
7.000 18.000 6.000
8.000 7.000 9.000
10.000 6.000 8.000
3.000 10.000 7.000
9.000 6.000 7.000
13.000 6.000 7.000
9.000 7.000 3.000
11.000 8.000 7.000
6.000 4.000 3.000
5.000 5.000 8.000
10.000 5.000 7.000
8.000 10.000 7.000
9.000 4.000 12.000
10.000 10.000 12.000
5.000 10.000 8.000
6.000 11.000 14.000
8.000 8.000 8.000
15.000 9.000 16.000
8.000 1.000 12.000
9.000 5.000 9.000
11.000 3.000 5.000
7.000 3.000 7.000
8.000 4.000 14.000
2.000 5.000 5.000
5.000 8.000 9.000
8.000 6.000 8.000
9.000 9.000 10.000
7.000 3.000 9.000
11.000 3.000 7.000
5.000 7.000 2.000
7.000 7.000 5.000
8.000 6.000 4.000
8.000 10.000 8.000
9.000 7.000 5.000
8.000 9.000 7.000
16.000 7.000 5.000
15.000 7.000 6.000
17.000 14.000 5.000
14.000 9.000 11.000
26.000 18.000 19.000
24.000 21.000 12.000
32.000 25.000 18.000
22.000 31.000 33.000
31.000 44.000 30.000
20.000 40.000 34.000
