90.000 72.000 77.000
10.000 26.000 17.000
17.000 22.000 13.000
18.000 16.000 22.000
15.000 20.000 10.000
16.000 15.000 12.000
10.000 20.000 20.000
17.000 13.000 15.000
12.000 17.000 7.000
12.000 16.000 16.000
18.000 19.000 10.000
22.000 12.000 14.000
15.000 15.000 10.000
11.000 20.000 13.000
10.000 16.000 8.000
8.000 14.000 8.000
10.000 11.000 9.000
11.000 15.000 5.000
8.000 10.000 14.000
9.000 7.000 5.000
8.000 7.000 6.000
13.000 9.000 6.000
9.000 7.000 9.000
7.000 4.000 9.000
15.000 10.000 3.000
14.000 8.000 10.000
9.000 4.000 15.000
13.000 9.000 3.000
15.000 10.000 12.000
5.000 5.000 6.000
9.000 5.000 11.000
8.000 7.000 9.000
8.000 5.000 13.000
6.000 1.000 15.000
16.000 4.000 15.000
11.000 4.000 8.000
10.000 6.000 19.000
6.000 2.000 12.000
8.000 4.000 7.000
10.000 4.000 9.000
8.000 10.000 9.000
7.000 5.000 12.000
5.000 7.000 9.000
9.000 11.000 7.000
9.000 9.000 6.000
12.000 13.000 14.000
7.000 10.000 6.000
17.000 8.000 4.000
15.000 12.000 8.000
17.000 11.000 8.000
21.000 9.000 13.000
19.000 16.000 13.000
18.000 17.000 15.000
21.000 17.000 20.000
15.000 20.000 23.000
25.000 34.000 26.000
27.000 33.000 28.000
16.000 40.000 22.000
