85.000 85.000 85.000
25.000 25.000 25.000
23.000 23.000 23.000
18.000 18.000 18.000
15.000 15.000 15.000
15.000 15.000 15.000
20.000 20.000 20.000
16.000 16.000 16.000
21.000 21.000 21.000
13.000 13.000 13.000
9.000 9.000 9.000
6.000 6.000 6.000
17.000 17.000 17.000
21.000 21.000 21.000
31.000 31.000 31.000
26.000 26.000 26.000
16.000 16.000 16.000
10.000 10.000 10.000
10.000 10.000 10.000
4.000 4.000 4.000
2.000 2.000 2.000
1.000 1.000 1.000
2.000 2.000 2.000
6.000 6.000 6.000
6.000 6.000 6.000
4.000 4.000 4.000
9.000 9.000 9.000
6.000 6.000 6.000
4.000 4.000 4.000
8.000 8.000 8.000
8.000 8.000 8.000
2.000 2.000 2.000
1.000 1.000 1.000
0.000 0.000 0.000
0.000 0.000 0.000
0.000 0.000 0.000
0.000 0.000 0.000
0.000 0.000 0.000
0.000 0.000 0.000
0.000 0.000 0.000
0.000 0.000 0.000
0.000 0.000 0.000
0.000 0.000 0.000
0.000 0.000 0.000
0.000 0.000 0.000
0.000 0.000 0.000
0.000 0.000 0.000
0.000 0.000 0.000
0.000 0.000 0.000
0.000 0.000 0.000
0.000 0.000 0.000
0.000 0.000 0.000
1.000 1.000 1.000
3.000 3.000 3.000
13.000 13.000 13.000
35.000 35.000 35.000
53.000 53.000 53.000
100.000 100.000 100.000
