108.000 136.000 124.000
20.000 61.000 39.000
31.000 42.000 33.000
16.000 32.000 35.000
27.000 28.000 34.000
29.000 15.000 28.000
23.000 26.000 30.000
19.000 17.000 22.000
19.000 20.000 17.000
24.000 10.000 18.000
12.000 13.000 12.000
23.000 16.000 16.000
13.000 18.000 10.000
13.000 14.000 24.000
18.000 16.000 17.000
14.000 13.000 18.000
13.000 23.000 19.000
9.000 15.000 8.000
15.000 6.000 9.000
19.000 10.000 10.000
5.000 4.000 3.000
14.000 6.000 4.000
10.000 5.000 6.000
12.000 5.000 6.000
12.000 4.000 4.000
13.000 8.000 6.000
9.000 10.000 7.000
13.000 4.000 14.000
4.000 9.000 8.000
12.000 10.000 11.000
8.000 5.000 7.000
5.000 4.000 4.000
10.000 6.000 3.000
4.000 3.000 5.000
5.000 2.000 4.000
4.000 3.000 4.000
7.000 5.000 2.000
8.000 2.000 5.000
4.000 1.000 3.000
6.000 2.000 4.000
3.000 2.000 5.000
1.000 2.000 1.000
6.000 1.000 5.000
10.000 5.000 0.000
7.000 0.000 1.000
7.000 1.000 2.000
9.000 3.000 1.000
9.000 2.000 3.000
7.000 6.000 2.000
7.000 0.000 7.000
12.000 4.000 7.000
14.000 11.000 11.000
16.000 14.000 18.000
20.000 19.000 15.000
22.000 24.000 17.000
14.000 25.000 18.000
19.000 39.000 33.000
12.000 44.000 35.000
