92.000 83.000 51.000
9.000 19.000 25.000
20.000 24.000 18.000
11.000 27.000 18.000
17.000 19.000 25.000
10.000 22.000 13.000
13.000 17.000 21.000
11.000 15.000 19.000
10.000 15.000 21.000
12.000 11.000 15.000
13.000 15.000 13.000
14.000 15.000 16.000
8.000 16.000 7.000
11.000 7.000 14.000
18.000 14.000 16.000
10.000 11.000 10.000
11.000 10.000 11.000
13.000 8.000 10.000
15.000 8.000 10.000
13.000 8.000 7.000
14.000 12.000 6.000
7.000 11.000 4.000
8.000 6.000 10.000
7.000 4.000 3.000
9.000 4.000 6.000
8.000 9.000 5.000
11.000 10.000 5.000
14.000 10.000 11.000
8.000 7.000 10.000
6.000 12.000 10.000
7.000 12.000 13.000
5.000 7.000 17.000
10.000 2.000 13.000
14.000 4.000 5.000
9.000 8.000 14.000
8.000 4.000 6.000
9.000 0.000 11.000
7.000 10.000 5.000
10.000 2.000 7.000
11.000 6.000 7.000
11.000 4.000 10.000
13.000 4.000 5.000
16.000 3.000 3.000
11.000 6.000 8.000
12.000 6.000 6.000
12.000 4.000 3.000
13.000 5.000 1.000
21.000 9.000 4.000
14.000 5.000 9.000
15.000 8.000 4.000
4.000 8.000 10.000
12.000 18.000 11.000
20.000 17.000 17.000
18.000 22.000 18.000
19.000 32.000 30.000
25.000 35.000 30.000
19.000 38.000 42.000
14.000 54.000 35.000
