89.000 75.000 108.000
6.000 18.000 19.000
8.000 16.000 10.000
10.000 23.000 20.000
8.000 15.000 12.000
18.000 18.000 17.000
10.000 19.000 13.000
17.000 22.000 19.000
10.000 21.000 17.000
20.000 17.000 21.000
13.000 18.000 12.000
14.000 21.000 6.000
8.000 14.000 13.000
11.000 16.000 10.000
13.000 13.000 11.000
9.000 15.000 11.000
10.000 15.000 12.000
12.000 9.000 8.000
15.000 18.000 8.000
12.000 9.000 8.000
20.000 6.000 12.000
23.000 15.000 6.000
18.000 12.000 10.000
10.000 5.000 8.000
18.000 6.000 18.000
15.000 12.000 12.000
9.000 14.000 14.000
20.000 12.000 23.000
12.000 7.000 20.000
13.000 7.000 26.000
16.000 3.000 25.000
11.000 10.000 17.000
16.000 8.000 12.000
17.000 7.000 18.000
12.000 6.000 16.000
8.000 16.000 11.000
8.000 6.000 6.000
11.000 4.000 18.000
8.000 8.000 16.000
10.000 6.000 10.000
16.000 17.000 12.000
18.000 12.000 11.000
8.000 14.000 10.000
12.000 13.000 12.000
12.000 13.000 10.000
9.000 18.000 12.000
16.000 14.000 7.000
14.000 12.000 11.000
17.000 12.000 12.000
12.000 7.000 19.000
13.000 12.000 16.000
5.000 16.000 15.000
5.000 14.000 9.000
17.000 15.000 25.000
13.000 12.000 12.000
11.000 21.000 9.000
12.000 15.000 19.000
19.000 25.000 9.000
