117.000 94.000 91.000
20.000 39.000 31.000
32.000 25.000 21.000
14.000 37.000 29.000
30.000 26.000 30.000
25.000 17.000 17.000
15.000 17.000 18.000
17.000 17.000 17.000
19.000 14.000 18.000
11.000 13.000 9.000
9.000 8.000 6.000
5.000 9.000 9.000
7.000 4.000 11.000
6.000 12.000 15.000
17.000 16.000 8.000
10.000 11.000 9.000
11.000 10.000 10.000
5.000 10.000 4.000
4.000 9.000 4.000
11.000 7.000 4.000
4.000 7.000 7.000
6.000 5.000 5.000
1.000 5.000 4.000
8.000 4.000 4.000
7.000 10.000 3.000
9.000 4.000 8.000
11.000 12.000 7.000
10.000 14.000 10.000
11.000 7.000 12.000
6.000 10.000 11.000
6.000 3.000 9.000
5.000 7.000 6.000
7.000 2.000 3.000
6.000 1.000 9.000
7.000 3.000 10.000
4.000 3.000 12.000
5.000 1.000 14.000
4.000 1.000 9.000
6.000 0.000 10.000
6.000 3.000 5.000
6.000 4.000 8.000
6.000 4.000 5.000
7.000 4.000 1.000
3.000 8.000 4.000
3.000 4.000 4.000
12.000 6.000 4.000
5.000 6.000 8.000
9.000 9.000 3.000
9.000 2.000 4.000
5.000 2.000 7.000
3.000 6.000 5.000
6.000 9.000 11.000
10.000 10.000 15.000
16.000 14.000 18.000
24.000 22.000 21.000
31.000 35.000 30.000
36.000 52.000 38.000
45.000 50.000 43.000
