86.000 66.000 89.000
12.000 25.000 21.000
33.000 18.000 17.000
18.000 25.000 15.000
29.000 22.000 19.000
15.000 26.000 18.000
24.000 19.000 16.000
20.000 13.000 19.000
9.000 24.000 13.000
12.000 9.000 13.000
9.000 18.000 12.000
6.000 10.000 12.000
9.000 13.000 14.000
10.000 18.000 4.000
15.000 9.000 13.000
9.000 15.000 8.000
17.000 9.000 8.000
11.000 9.000 9.000
6.000 7.000 10.000
8.000 6.000 6.000
5.000 7.000 7.000
8.000 8.000 3.000
8.000 2.000 4.000
10.000 6.000 5.000
10.000 9.000 7.000
6.000 8.000 6.000
8.000 5.000 7.000
7.000 13.000 14.000
8.000 6.000 10.000
7.000 10.000 12.000
7.000 7.000 7.000
6.000 4.000 11.000
8.000 4.000 13.000
8.000 2.000 7.000
3.000 1.000 10.000
6.000 0.000 9.000
9.000 2.000 10.000
5.000 7.000 8.000
8.000 4.000 4.000
4.000 8.000 10.000
7.000 7.000 4.000
9.000 9.000 4.000
9.000 5.000 6.000
5.000 6.000 6.000
7.000 8.000 2.000
6.000 5.000 8.000
7.000 8.000 4.000
8.000 7.000 8.000
5.000 7.000 6.000
4.000 0.000 7.000
11.000 7.000 4.000
14.000 7.000 6.000
12.000 12.000 14.000
20.000 7.000 10.000
24.000 17.000 20.000
26.000 28.000 35.000
41.000 39.000 29.000
57.000 60.000 67.000
