67.000 68.000 80.000
16.000 16.000 11.000
12.000 17.000 13.000
11.000 24.000 15.000
11.000 23.000 22.000
18.000 22.000 21.000
6.000 21.000 22.000
17.000 21.000 17.000
12.000 16.000 13.000
19.000 16.000 16.000
18.000 18.000 10.000
14.000 11.000 14.000
7.000 23.000 10.000
13.000 14.000 10.000
15.000 16.000 11.000
13.000 20.000 9.000
17.000 7.000 7.000
12.000 16.000 8.000
12.000 17.000 10.000
12.000 15.000 19.000
7.000 13.000 9.000
13.000 9.000 6.000
14.000 11.000 9.000
12.000 12.000 4.000
12.000 6.000 12.000
16.000 6.000 7.000
10.000 3.000 10.000
17.000 8.000 11.000
6.000 4.000 12.000
10.000 4.000 17.000
14.000 4.000 6.000
12.000 8.000 14.000
10.000 5.000 20.000
13.000 6.000 20.000
8.000 6.000 14.000
19.000 5.000 21.000
15.000 4.000 11.000
16.000 6.000 12.000
15.000 7.000 14.000
13.000 9.000 15.000
17.000 5.000 14.000
12.000 10.000 11.000
11.000 9.000 14.000
8.000 19.000 8.000
14.000 16.000 4.000
14.000 15.000 11.000
12.000 10.000 13.000
11.000 13.000 4.000
20.000 19.000 9.000
9.000 13.000 10.000
14.000 11.000 12.000
14.000 15.000 11.000
14.000 13.000 20.000
18.000 18.000 18.000
20.000 32.000 16.000
12.000 28.000 17.000
14.000 27.000 17.000
4.000 26.000 15.000
