73.000 58.000 89.000
11.000 31.000 20.000
27.000 22.000 15.000
14.000 23.000 18.000
16.000 16.000 12.000
18.000 25.000 13.000
10.000 8.000 21.000
19.000 15.000 15.000
20.000 15.000 21.000
20.000 17.000 15.000
15.000 7.000 16.000
12.000 11.000 10.000
14.000 14.000 12.000
16.000 12.000 13.000
10.000 22.000 16.000
9.000 20.000 15.000
12.000 10.000 12.000
19.000 16.000 12.000
7.000 9.000 11.000
13.000 12.000 8.000
8.000 8.000 6.000
5.000 10.000 2.000
9.000 5.000 4.000
5.000 11.000 5.000
7.000 4.000 5.000
7.000 6.000 4.000
6.000 6.000 3.000
8.000 8.000 7.000
6.000 3.000 6.000
6.000 5.000 12.000
7.000 5.000 5.000
6.000 5.000 13.000
5.000 7.000 7.000
10.000 1.000 12.000
5.000 3.000 10.000
4.000 2.000 7.000
8.000 2.000 4.000
9.000 5.000 6.000
9.000 3.000 9.000
3.000 7.000 5.000
6.000 5.000 3.000
5.000 3.000 5.000
8.000 6.000 8.000
9.000 4.000 2.000
4.000 5.000 4.000
5.000 6.000 3.000
13.000 5.000 3.000
5.000 9.000 2.000
10.000 6.000 3.000
11.000 7.000 8.000
14.000 3.000 8.000
15.000 16.000 13.000
31.000 10.000 25.000
22.000 20.000 23.000
24.000 28.000 29.000
29.000 22.000 35.000
22.000 50.000 33.000
30.000 67.000 49.000
