69.000 75.000 61.000
11.000 22.000 15.000
24.000 25.000 10.000
8.000 14.000 17.000
19.000 12.000 17.000
14.000 15.000 11.000
12.000 13.000 9.000
15.000 16.000 20.000
7.000 13.000 19.000
10.000 11.000 10.000
3.000 19.000 18.000
10.000 5.000 11.000
13.000 14.000 11.000
13.000 10.000 4.000
8.000 11.000 11.000
7.000 10.000 11.000
15.000 8.000 7.000
6.000 10.000 5.000
7.000 7.000 12.000
11.000 11.000 6.000
9.000 15.000 7.000
13.000 7.000 5.000
10.000 13.000 12.000
7.000 18.000 4.000
5.000 7.000 5.000
8.000 11.000 8.000
7.000 9.000 5.000
15.000 13.000 9.000
14.000 18.000 11.000
12.000 11.000 15.000
15.000 6.000 19.000
8.000 7.000 12.000
7.000 9.000 11.000
10.000 3.000 18.000
16.000 3.000 11.000
16.000 3.000 16.000
17.000 7.000 20.000
16.000 7.000 15.000
11.000 7.000 14.000
11.000 7.000 12.000
16.000 9.000 10.000
16.000 9.000 12.000
7.000 9.000 16.000
15.000 13.000 11.000
12.000 8.000 9.000
16.000 11.000 13.000
6.000 14.000 13.000
11.000 12.000 7.000
9.000 16.000 13.000
9.000 9.000 10.000
19.000 17.000 8.000
13.000 11.000 12.000
22.000 13.000 17.000
17.000 21.000 10.000
26.000 16.000 17.000
20.000 30.000 19.000
17.000 41.000 28.000
24.000 41.000 34.000
