46.000 21.000 75.000
3.000 19.000 3.000
9.000 7.000 2.000
10.000 13.000 3.000
10.000 12.000 5.000
8.000 8.000 10.000
5.000 7.000 8.000
15.000 6.000 3.000
4.000 12.000 9.000
7.000 8.000 3.000
7.000 8.000 4.000
7.000 8.000 6.000
7.000 9.000 7.000
12.000 7.000 4.000
7.000 6.000 6.000
8.000 8.000 8.000
8.000 7.000 13.000
6.000 5.000 8.000
3.000 8.000 13.000
9.000 5.000 7.000
9.000 7.000 7.000
3.000 8.000 10.000
6.000 9.000 7.000
8.000 5.000 15.000
6.000 5.000 6.000
16.000 9.000 8.000
7.000 7.000 7.000
10.000 6.000 14.000
11.000 9.000 14.000
14.000 3.000 13.000
4.000 5.000 15.000
16.000 4.000 8.000
17.000 3.000 18.000
11.000 4.000 5.000
10.000 2.000 13.000
10.000 6.000 18.000
14.000 8.000 17.000
15.000 6.000 25.000
17.000 4.000 11.000
16.000 2.000 17.000
21.000 8.000 19.000
16.000 5.000 6.000
17.000 8.000 8.000
19.000 8.000 11.000
25.000 16.000 14.000
17.000 11.000 11.000
15.000 11.000 21.000
17.000 27.000 17.000
25.000 21.000 15.000
19.000 14.000 9.000
20.000 23.000 16.000
25.000 25.000 21.000
17.000 23.000 19.000
26.000 37.000 25.000
30.000 30.000 21.000
25.000 49.000 24.000
34.000 47.000 19.000
22.000 40.000 32.000
