67.000 50.000 69.000
13.000 22.000 20.000
14.000 25.000 11.000
14.000 13.000 12.000
17.000 14.000 15.000
14.000 20.000 10.000
16.000 11.000 12.000
12.000 12.000 15.000
14.000 15.000 11.000
16.000 9.000 9.000
11.000 15.000 16.000
18.000 16.000 16.000
15.000 12.000 14.000
16.000 15.000 7.000
9.000 20.000 14.000
10.000 18.000 17.000
6.000 11.000 14.000
14.000 18.000 12.000
6.000 12.000 6.000
9.000 11.000 9.000
10.000 6.000 12.000
8.000 8.000 4.000
7.000 2.000 6.000
12.000 3.000 10.000
6.000 6.000 15.000
11.000 12.000 9.000
11.000 9.000 8.000
9.000 8.000 10.000
4.000 6.000 13.000
7.000 6.000 9.000
7.000 7.000 5.000
12.000 6.000 9.000
10.000 8.000 9.000
11.000 4.000 10.000
7.000 2.000 12.000
5.000 4.000 19.000
10.000 4.000 8.000
5.000 4.000 8.000
7.000 3.000 12.000
6.000 5.000 9.000
11.000 3.000 4.000
6.000 11.000 14.000
5.000 11.000 9.000
10.000 7.000 8.000
9.000 9.000 3.000
14.000 12.000 9.000
13.000 8.000 5.000
13.000 11.000 5.000
12.000 12.000 8.000
11.000 12.000 9.000
12.000 13.000 16.000
21.000 12.000 14.000
17.000 14.000 13.000
23.000 17.000 23.000
21.000 26.000 25.000
20.000 32.000 26.000
44.000 52.000 29.000
22.000 38.000 41.000
