107.000 59.000 87.000
8.000 25.000 17.000
14.000 13.000 9.000
24.000 28.000 17.000
12.000 23.000 12.000
10.000 20.000 12.000
16.000 13.000 10.000
10.000 13.000 22.000
9.000 9.000 18.000
6.000 10.000 8.000
7.000 9.000 13.000
12.000 7.000 15.000
9.000 19.000 9.000
5.000 12.000 4.000
11.000 14.000 3.000
7.000 12.000 6.000
6.000 11.000 6.000
15.000 7.000 11.000
13.000 6.000 8.000
7.000 10.000 7.000
8.000 12.000 5.000
7.000 7.000 13.000
14.000 3.000 3.000
8.000 9.000 9.000
10.000 9.000 8.000
10.000 7.000 11.000
10.000 8.000 7.000
11.000 12.000 11.000
11.000 8.000 10.000
16.000 11.000 16.000
13.000 8.000 17.000
9.000 6.000 12.000
16.000 8.000 15.000
12.000 7.000 15.000
11.000 3.000 16.000
15.000 2.000 14.000
3.000 6.000 15.000
9.000 3.000 11.000
10.000 3.000 14.000
11.000 8.000 6.000
15.000 11.000 15.000
14.000 12.000 11.000
16.000 10.000 8.000
12.000 11.000 10.000
14.000 16.000 6.000
13.000 10.000 8.000
16.000 11.000 9.000
16.000 14.000 9.000
14.000 10.000 7.000
17.000 13.000 13.000
6.000 15.000 16.000
21.000 20.000 11.000
22.000 20.000 20.000
14.000 25.000 24.000
16.000 24.000 21.000
17.000 38.000 22.000
18.000 29.000 31.000
22.000 34.000 23.000
