102.000 111.000 73.000
19.000 45.000 44.000
39.000 31.000 29.000
26.000 25.000 35.000
23.000 20.000 35.000
24.000 14.000 22.000
17.000 28.000 24.000
13.000 20.000 19.000
15.000 8.000 18.000
14.000 15.000 13.000
9.000 11.000 12.000
16.000 4.000 6.000
14.000 9.000 11.000
9.000 12.000 7.000
7.000 12.000 9.000
6.000 8.000 8.000
7.000 10.000 5.000
7.000 11.000 10.000
7.000 5.000 5.000
10.000 4.000 8.000
4.000 4.000 7.000
7.000 5.000 4.000
9.000 2.000 2.000
6.000 3.000 6.000
10.000 7.000 5.000
4.000 9.000 4.000
8.000 11.000 10.000
3.000 6.000 8.000
7.000 6.000 3.000
8.000 11.000 6.000
6.000 5.000 11.000
4.000 7.000 11.000
7.000 5.000 8.000
6.000 3.000 6.000
4.000 4.000 6.000
6.000 3.000 3.000
4.000 1.000 2.000
3.000 2.000 5.000
3.000 1.000 3.000
4.000 2.000 7.000
5.000 1.000 4.000
2.000 3.000 2.000
4.000 1.000 7.000
3.000 2.000 3.000
2.000 4.000 1.000
6.000 4.000 3.000
6.000 3.000 2.000
6.000 2.000 1.000
6.000 6.000 2.000
5.000 5.000 8.000
12.000 5.000 7.000
13.000 7.000 5.000
13.000 13.000 8.000
17.000 17.000 13.000
36.000 20.000 25.000
21.000 34.000 26.000
30.000 48.000 49.000
41.000 46.000 62.000
