132.000 90.000 113.000
13.000 27.000 27.000
17.000 38.000 15.000
13.000 29.000 21.000
15.000 28.000 20.000
21.000 27.000 20.000
19.000 20.000 23.000
28.000 19.000 23.000
12.000 22.000 20.000
18.000 9.000 11.000
10.000 10.000 10.000
14.000 8.000 14.000
12.000 14.000 3.000
5.000 8.000 7.000
6.000 5.000 7.000
12.000 9.000 8.000
10.000 5.000 9.000
8.000 8.000 4.000
14.000 5.000 10.000
8.000 5.000 8.000
4.000 3.000 8.000
1.000 10.000 6.000
4.000 5.000 6.000
6.000 7.000 7.000
8.000 6.000 3.000
9.000 3.000 7.000
8.000 10.000 14.000
6.000 13.000 5.000
10.000 10.000 12.000
7.000 2.000 16.000
4.000 7.000 9.000
9.000 7.000 11.000
9.000 5.000 6.000
7.000 2.000 10.000
5.000 0.000 9.000
3.000 4.000 8.000
9.000 2.000 5.000
4.000 2.000 10.000
3.000 3.000 7.000
6.000 5.000 4.000
5.000 4.000 8.000
4.000 5.000 4.000
7.000 4.000 5.000
5.000 11.000 4.000
7.000 7.000 1.000
12.000 9.000 7.000
15.000 9.000 4.000
11.000 7.000 3.000
11.000 4.000 8.000
7.000 6.000 6.000
11.000 12.000 7.000
15.000 8.000 13.000
13.000 9.000 16.000
11.000 18.000 15.000
17.000 20.000 12.000
38.000 32.000 30.000
29.000 47.000 33.000
25.000 49.000 43.000
