98.000 104.000 106.000
10.000 46.000 40.000
29.000 33.000 41.000
23.000 28.000 31.000
35.000 36.000 23.000
26.000 26.000 22.000
22.000 25.000 27.000
16.000 22.000 15.000
19.000 17.000 28.000
16.000 13.000 15.000
12.000 13.000 7.000
17.000 5.000 17.000
16.000 15.000 16.000
8.000 7.000 7.000
15.000 8.000 10.000
14.000 15.000 13.000
9.000 12.000 8.000
8.000 4.000 8.000
12.000 10.000 4.000
4.000 6.000 4.000
11.000 7.000 5.000
7.000 5.000 5.000
7.000 3.000 3.000
4.000 4.000 4.000
11.000 9.000 5.000
9.000 6.000 8.000
8.000 7.000 14.000
9.000 9.000 6.000
10.000 9.000 6.000
11.000 13.000 5.000
9.000 6.000 10.000
6.000 4.000 11.000
7.000 5.000 5.000
2.000 4.000 5.000
4.000 2.000 10.000
7.000 1.000 5.000
4.000 4.000 7.000
6.000 0.000 1.000
3.000 5.000 4.000
5.000 3.000 4.000
3.000 2.000 4.000
9.000 2.000 2.000
3.000 5.000 4.000
6.000 3.000 1.000
4.000 4.000 1.000
7.000 2.000 1.000
4.000 2.000 1.000
6.000 3.000 3.000
7.000 5.000 4.000
7.000 6.000 4.000
6.000 5.000 9.000
9.000 2.000 3.000
6.000 2.000 8.000
19.000 15.000 15.000
27.000 14.000 14.000
24.000 33.000 27.000
38.000 41.000 32.000
25.000 66.000 56.000
