108.000 105.000 82.000
18.000 38.000 27.000
22.000 18.000 14.000
13.000 28.000 25.000
27.000 29.000 32.000
15.000 24.000 21.000
15.000 24.000 15.000
13.000 22.000 17.000
16.000 7.000 22.000
15.000 11.000 14.000
9.000 10.000 9.000
20.000 12.000 18.000
10.000 8.000 12.000
7.000 19.000 9.000
8.000 18.000 11.000
10.000 7.000 11.000
9.000 8.000 6.000
5.000 6.000 11.000
14.000 6.000 9.000
7.000 8.000 4.000
14.000 6.000 4.000
6.000 6.000 6.000
4.000 7.000 1.000
12.000 7.000 3.000
10.000 7.000 4.000
7.000 4.000 11.000
7.000 8.000 4.000
2.000 9.000 7.000
6.000 10.000 6.000
12.000 10.000 13.000
7.000 4.000 6.000
7.000 2.000 12.000
4.000 3.000 13.000
6.000 4.000 9.000
4.000 3.000 14.000
13.000 3.000 9.000
7.000 1.000 7.000
5.000 1.000 8.000
7.000 5.000 10.000
3.000 7.000 14.000
6.000 3.000 3.000
11.000 4.000 4.000
6.000 2.000 3.000
8.000 5.000 3.000
9.000 4.000 3.000
5.000 4.000 2.000
8.000 5.000 6.000
7.000 7.000 6.000
9.000 7.000 6.000
16.000 15.000 3.000
8.000 1.000 7.000
16.000 17.000 10.000
22.000 16.000 9.000
18.000 24.000 10.000
28.000 33.000 19.000
24.000 33.000 32.000
28.000 42.000 26.000
17.000 42.000 37.000
