96.000 52.000 83.000
11.000 26.000 20.000
20.000 30.000 18.000
20.000 25.000 23.000
21.000 33.000 25.000
31.000 29.000 26.000
10.000 20.000 17.000
19.000 21.000 21.000
13.000 10.000 17.000
16.000 18.000 10.000
14.000 20.000 18.000
18.000 11.000 14.000
17.000 13.000 10.000
13.000 12.000 15.000
8.000 14.000 5.000
9.000 8.000 15.000
17.000 24.000 10.000
11.000 9.000 10.000
12.000 6.000 7.000
9.000 11.000 9.000
13.000 6.000 8.000
13.000 10.000 6.000
7.000 6.000 5.000
6.000 8.000 8.000
6.000 8.000 1.000
2.000 5.000 7.000
9.000 11.000 7.000
2.000 12.000 9.000
10.000 6.000 11.000
7.000 4.000 7.000
5.000 9.000 12.000
8.000 6.000 6.000
3.000 2.000 9.000
7.000 2.000 11.000
4.000 2.000 5.000
4.000 1.000 12.000
3.000 1.000 5.000
4.000 2.000 11.000
5.000 7.000 5.000
7.000 4.000 9.000
8.000 4.000 6.000
6.000 3.000 6.000
7.000 4.000 3.000
8.000 2.000 5.000
6.000 6.000 7.000
9.000 2.000 5.000
11.000 4.000 2.000
6.000 11.000 2.000
10.000 7.000 6.000
9.000 2.000 7.000
17.000 7.000 12.000
13.000 11.000 12.000
17.000 11.000 18.000
21.000 19.000 19.000
24.000 16.000 22.000
24.000 20.000 24.000
31.000 35.000 24.000
30.000 73.000 38.000
