83.000 73.000 71.000
11.000 28.000 22.000
16.000 25.000 13.000
8.000 15.000 21.000
19.000 20.000 20.000
17.000 12.000 18.000
9.000 19.000 21.000
11.000 9.000 12.000
14.000 12.000 10.000
18.000 6.000 19.000
10.000 14.000 14.000
11.000 12.000 14.000
11.000 9.000 8.000
17.000 13.000 6.000
13.000 16.000 12.000
9.000 18.000 8.000
14.000 13.000 11.000
14.000 11.000 11.000
10.000 15.000 16.000
7.000 17.000 8.000
11.000 7.000 8.000
14.000 6.000 6.000
5.000 8.000 6.000
12.000 9.000 9.000
5.000 10.000 9.000
7.000 12.000 9.000
12.000 10.000 10.000
12.000 9.000 19.000
10.000 6.000 6.000
10.000 8.000 15.000
10.000 5.000 10.000
11.000 7.000 10.000
12.000 5.000 12.000
8.000 5.000 6.000
3.000 3.000 12.000
13.000 1.000 9.000
5.000 6.000 4.000
12.000 3.000 9.000
8.000 7.000 8.000
6.000 4.000 7.000
9.000 8.000 8.000
7.000 8.000 10.000
8.000 6.000 9.000
18.000 7.000 10.000
10.000 8.000 5.000
10.000 3.000 8.000
17.000 11.000 9.000
18.000 9.000 13.000
8.000 18.000 6.000
18.000 10.000 7.000
13.000 18.000 6.000
22.000 13.000 9.000
15.000 13.000 15.000
16.000 18.000 27.000
18.000 24.000 21.000
25.000 44.000 29.000
16.000 37.000 33.000
28.000 41.000 35.000
