75.000 63.000 84.000
7.000 16.000 20.000
18.000 16.000 14.000
12.000 24.000 14.000
15.000 24.000 16.000
12.000 16.000 10.000
12.000 20.000 10.000
14.000 19.000 13.000
11.000 16.000 12.000
5.000 14.000 13.000
8.000 13.000 14.000
9.000 11.000 9.000
11.000 14.000 9.000
8.000 14.000 11.000
8.000 6.000 11.000
16.000 15.000 9.000
17.000 13.000 11.000
7.000 12.000 7.000
6.000 7.000 8.000
8.000 8.000 9.000
8.000 9.000 11.000
12.000 5.000 4.000
4.000 8.000 5.000
6.000 8.000 4.000
16.000 9.000 7.000
8.000 8.000 3.000
15.000 7.000 6.000
6.000 5.000 7.000
8.000 8.000 11.000
16.000 4.000 17.000
8.000 5.000 11.000
6.000 6.000 11.000
9.000 3.000 12.000
11.000 2.000 11.000
6.000 4.000 13.000
15.000 1.000 12.000
12.000 5.000 12.000
10.000 3.000 9.000
9.000 2.000 8.000
8.000 6.000 19.000
14.000 5.000 7.000
12.000 9.000 4.000
10.000 12.000 12.000
12.000 11.000 7.000
10.000 7.000 7.000
12.000 10.000 10.000
16.000 7.000 10.000
11.000 23.000 6.000
19.000 7.000 12.000
12.000 13.000 11.000
10.000 10.000 13.000
16.000 10.000 18.000
26.000 20.000 16.000
19.000 29.000 17.000
25.000 21.000 30.000
22.000 23.000 33.000
23.000 30.000 37.000
20.000 49.000 22.000
