87.000 87.000 75.000
9.000 30.000 20.000
19.000 18.000 15.000
22.000 21.000 22.000
22.000 19.000 19.000
21.000 19.000 14.000
7.000 14.000 14.000
13.000 17.000 24.000
17.000 11.000 6.000
10.000 16.000 14.000
10.000 10.000 13.000
12.000 6.000 9.000
13.000 12.000 7.000
9.000 6.000 12.000
4.000 9.000 6.000
8.000 6.000 10.000
13.000 5.000 5.000
6.000 12.000 4.000
7.000 3.000 12.000
6.000 3.000 0.000
5.000 9.000 4.000
1.000 7.000 2.000
9.000 7.000 5.000
12.000 6.000 8.000
8.000 12.000 5.000
5.000 7.000 6.000
7.000 9.000 8.000
9.000 8.000 13.000
5.000 9.000 10.000
9.000 13.000 5.000
9.000 4.000 7.000
13.000 10.000 8.000
10.000 5.000 16.000
4.000 3.000 6.000
4.000 2.000 10.000
10.000 3.000 6.000
13.000 4.000 12.000
7.000 7.000 9.000
11.000 2.000 12.000
13.000 3.000 7.000
12.000 6.000 10.000
5.000 5.000 6.000
5.000 2.000 3.000
13.000 4.000 5.000
8.000 5.000 4.000
5.000 7.000 4.000
15.000 5.000 3.000
10.000 6.000 7.000
10.000 6.000 7.000
16.000 12.000 9.000
8.000 6.000 11.000
17.000 13.000 14.000
24.000 19.000 14.000
24.000 15.000 18.000
20.000 34.000 27.000
23.000 45.000 23.000
24.000 43.000 35.000
29.000 66.000 33.000
