78.000 55.000 82.000
10.000 33.000 21.000
14.000 22.000 16.000
9.000 24.000 22.000
13.000 19.000 23.000
8.000 23.000 19.000
17.000 19.000 19.000
20.000 13.000 17.000
16.000 11.000 18.000
10.000 7.000 5.000
11.000 7.000 10.000
17.000 12.000 7.000
10.000 13.000 12.000
10.000 11.000 8.000
6.000 9.000 7.000
4.000 4.000 10.000
7.000 15.000 10.000
11.000 9.000 7.000
7.000 14.000 2.000
6.000 7.000 6.000
12.000 7.000 4.000
7.000 10.000 7.000
6.000 7.000 3.000
8.000 9.000 5.000
10.000 4.000 6.000
14.000 9.000 8.000
4.000 7.000 7.000
11.000 11.000 7.000
7.000 7.000 5.000
9.000 10.000 6.000
6.000 5.000 11.000
13.000 4.000 7.000
5.000 4.000 7.000
7.000 4.000 13.000
5.000 2.000 7.000
7.000 4.000 9.000
12.000 1.000 11.000
11.000 4.000 13.000
9.000 3.000 11.000
7.000 5.000 6.000
12.000 3.000 10.000
15.000 9.000 3.000
8.000 7.000 10.000
8.000 10.000 8.000
9.000 5.000 4.000
12.000 7.000 3.000
8.000 4.000 2.000
12.000 8.000 11.000
11.000 6.000 6.000
12.000 12.000 8.000
15.000 9.000 6.000
18.000 11.000 14.000
20.000 10.000 11.000
24.000 20.000 20.000
22.000 24.000 26.000
14.000 45.000 38.000
23.000 47.000 46.000
21.000 58.000 44.000
