99.000 78.000 106.000
10.000 26.000 15.000
17.000 16.000 21.000
13.000 30.000 24.000
20.000 21.000 15.000
24.000 25.000 15.000
10.000 27.000 26.000
12.000 21.000 16.000
20.000 11.000 8.000
16.000 16.000 17.000
17.000 9.000 24.000
9.000 12.000 15.000
17.000 10.000 5.000
6.000 11.000 9.000
13.000 11.000 13.000
6.000 8.000 3.000
13.000 11.000 8.000
6.000 13.000 9.000
13.000 14.000 7.000
7.000 9.000 4.000
4.000 8.000 8.000
8.000 6.000 6.000
12.000 9.000 8.000
6.000 6.000 8.000
12.000 8.000 5.000
9.000 7.000 5.000
7.000 6.000 14.000
17.000 8.000 15.000
5.000 8.000 16.000
5.000 6.000 15.000
8.000 5.000 15.000
5.000 5.000 16.000
10.000 3.000 9.000
7.000 6.000 10.000
9.000 3.000 9.000
14.000 4.000 11.000
12.000 8.000 13.000
11.000 7.000 9.000
11.000 6.000 6.000
7.000 4.000 10.000
11.000 8.000 17.000
11.000 9.000 10.000
15.000 10.000 2.000
12.000 6.000 7.000
12.000 10.000 13.000
10.000 12.000 5.000
13.000 8.000 9.000
14.000 13.000 6.000
21.000 18.000 6.000
17.000 8.000 12.000
10.000 17.000 7.000
10.000 9.000 12.000
18.000 24.000 8.000
12.000 15.000 23.000
21.000 22.000 17.000
13.000 18.000 29.000
19.000 40.000 24.000
20.000 33.000 28.000
