73.000 70.000 64.000
5.000 25.000 20.000
22.000 16.000 14.000
17.000 22.000 16.000
13.000 17.000 14.000
17.000 13.000 12.000
16.000 15.000 21.000
11.000 16.000 20.000
10.000 14.000 19.000
17.000 5.000 12.000
7.000 11.000 10.000
16.000 17.000 9.000
16.000 22.000 14.000
17.000 16.000 13.000
11.000 16.000 19.000
12.000 13.000 11.000
14.000 19.000 20.000
10.000 14.000 20.000
8.000 14.000 8.000
11.000 11.000 9.000
8.000 9.000 6.000
6.000 4.000 8.000
9.000 4.000 7.000
10.000 14.000 7.000
7.000 3.000 8.000
16.000 11.000 11.000
13.000 9.000 7.000
9.000 12.000 9.000
8.000 11.000 8.000
9.000 7.000 8.000
9.000 4.000 9.000
5.000 8.000 11.000
9.000 11.000 16.000
9.000 2.000 12.000
12.000 6.000 13.000
12.000 2.000 6.000
8.000 6.000 8.000
14.000 1.000 6.000
3.000 5.000 6.000
13.000 5.000 5.000
9.000 6.000 11.000
8.000 4.000 11.000
10.000 9.000 6.000
14.000 6.000 8.000
7.000 11.000 10.000
16.000 6.000 6.000
14.000 11.000 6.000
6.000 8.000 2.000
8.000 9.000 5.000
8.000 8.000 6.000
9.000 5.000 10.000
16.000 16.000 15.000
16.000 17.000 25.000
14.000 15.000 12.000
20.000 27.000 25.000
23.000 32.000 29.000
26.000 44.000 40.000
21.000 56.000 37.000
