76.000 72.000 64.000
10.000 15.000 19.000
12.000 21.000 15.000
7.000 18.000 21.000
7.000 22.000 18.000
14.000 26.000 13.000
13.000 20.000 19.000
20.000 16.000 18.000
10.000 14.000 15.000
12.000 10.000 11.000
14.000 5.000 7.000
8.000 10.000 15.000
8.000 12.000 9.000
9.000 15.000 15.000
8.000 16.000 12.000
13.000 11.000 8.000
7.000 14.000 4.000
5.000 11.000 10.000
8.000 4.000 5.000
9.000 7.000 12.000
14.000 15.000 7.000
14.000 9.000 7.000
5.000 2.000 3.000
10.000 12.000 4.000
7.000 8.000 9.000
6.000 10.000 12.000
12.000 7.000 6.000
13.000 5.000 9.000
14.000 8.000 10.000
8.000 8.000 15.000
12.000 12.000 9.000
15.000 7.000 16.000
14.000 8.000 10.000
12.000 5.000 18.000
17.000 6.000 13.000
9.000 2.000 13.000
11.000 5.000 15.000
6.000 3.000 9.000
10.000 7.000 9.000
12.000 8.000 4.000
6.000 5.000 12.000
11.000 5.000 7.000
11.000 8.000 8.000
16.000 7.000 2.000
13.000 7.000 12.000
10.000 9.000 5.000
14.000 13.000 9.000
12.000 11.000 11.000
13.000 18.000 7.000
10.000 12.000 5.000
19.000 14.000 11.000
22.000 14.000 8.000
15.000 19.000 8.000
19.000 30.000 26.000
28.000 26.000 23.000
17.000 31.000 25.000
16.000 44.000 36.000
20.000 35.000 41.000
