76.000 76.000 76.000
25.000 25.000 25.000
17.000 17.000 17.000
10.000 10.000 10.000
23.000 23.000 23.000
17.000 17.000 17.000
12.000 12.000 12.000
10.000 10.000 10.000
12.000 12.000 12.000
8.000 8.000 8.000
8.000 8.000 8.000
13.000 13.000 13.000
17.000 17.000 17.000
12.000 12.000 12.000
22.000 22.000 22.000
18.000 18.000 18.000
19.000 19.000 19.000
11.000 11.000 11.000
9.000 9.000 9.000
4.000 4.000 4.000
1.000 1.000 1.000
4.000 4.000 4.000
8.000 8.000 8.000
9.000 9.000 9.000
10.000 10.000 10.000
6.000 6.000 6.000
13.000 13.000 13.000
5.000 5.000 5.000
6.000 6.000 6.000
11.000 11.000 11.000
5.000 5.000 5.000
0.000 0.000 0.000
0.000 0.000 0.000
1.000 1.000 1.000
1.000 1.000 1.000
0.000 0.000 0.000
0.000 0.000 0.000
0.000 0.000 0.000
0.000 0.000 0.000
0.000 0.000 0.000
0.000 0.000 0.000
0.000 0.000 0.000
0.000 0.000 0.000
0.000 0.000 0.000
0.000 0.000 0.000
0.000 0.000 0.000
0.000 0.000 0.000
0.000 0.000 0.000
0.000 0.000 0.000
0.000 0.000 0.000
0.000 0.000 0.000
0.000 0.000 0.000
1.000 1.000 1.000
5.000 5.000 5.000
14.000 14.000 14.000
26.000 26.000 26.000
66.000 66.000 66.000
91.000 91.000 91.000
