103.000 54.000 81.000
7.000 23.000 19.000
20.000 23.000 9.000
11.000 12.000 16.000
9.000 21.000 13.000
14.000 26.000 10.000
12.000 18.000 8.000
13.000 14.000 20.000
17.000 8.000 14.000
17.000 16.000 13.000
8.000 9.000 18.000
17.000 19.000 9.000
7.000 17.000 9.000
13.000 9.000 5.000
13.000 16.000 13.000
14.000 22.000 6.000
9.000 11.000 7.000
12.000 9.000 5.000
9.000 11.000 5.000
14.000 10.000 9.000
11.000 9.000 8.000
13.000 11.000 5.000
11.000 9.000 10.000
6.000 12.000 9.000
13.000 12.000 8.000
15.000 15.000 9.000
4.000 12.000 14.000
7.000 13.000 19.000
10.000 9.000 16.000
6.000 10.000 15.000
7.000 7.000 11.000
16.000 7.000 12.000
10.000 2.000 12.000
11.000 7.000 16.000
8.000 6.000 16.000
6.000 6.000 16.000
12.000 10.000 21.000
12.000 8.000 10.000
18.000 11.000 16.000
14.000 8.000 12.000
19.000 12.000 9.000
20.000 7.000 12.000
14.000 14.000 13.000
16.000 8.000 18.000
15.000 14.000 17.000
10.000 15.000 10.000
17.000 15.000 17.000
15.000 8.000 8.000
21.000 16.000 5.000
16.000 18.000 11.000
17.000 19.000 8.000
24.000 24.000 16.000
6.000 25.000 21.000
22.000 20.000 10.000
15.000 22.000 17.000
17.000 25.000 18.000
14.000 24.000 19.000
19.000 28.000 18.000
