82.000 63.000 74.000
6.000 25.000 23.000
16.000 22.000 18.000
8.000 22.000 20.000
17.000 24.000 17.000
15.000 15.000 16.000
14.000 18.000 15.000
8.000 26.000 17.000
10.000 10.000 13.000
15.000 11.000 14.000
7.000 6.000 9.000
14.000 12.000 10.000
13.000 16.000 8.000
10.000 14.000 11.000
17.000 10.000 8.000
9.000 15.000 9.000
15.000 6.000 12.000
12.000 10.000 6.000
9.000 8.000 7.000
15.000 6.000 9.000
10.000 11.000 13.000
5.000 10.000 5.000
9.000 6.000 8.000
5.000 7.000 10.000
13.000 5.000 1.000
13.000 6.000 10.000
12.000 6.000 6.000
7.000 5.000 11.000
5.000 8.000 7.000
3.000 8.000 3.000
7.000 5.000 13.000
6.000 6.000 7.000
4.000 4.000 8.000
7.000 1.000 7.000
5.000 2.000 11.000
4.000 3.000 7.000
3.000 1.000 6.000
6.000 6.000 5.000
3.000 2.000 5.000
6.000 6.000 4.000
7.000 6.000 3.000
7.000 4.000 5.000
6.000 3.000 5.000
9.000 4.000 3.000
15.000 6.000 4.000
13.000 6.000 4.000
6.000 7.000 7.000
12.000 3.000 4.000
15.000 5.000 1.000
14.000 3.000 6.000
16.000 4.000 5.000
20.000 9.000 14.000
26.000 15.000 13.000
23.000 26.000 24.000
27.000 20.000 18.000
42.000 40.000 31.000
29.000 51.000 54.000
31.000 59.000 46.000
