93.000 88.000 92.000
8.000 35.000 24.000
21.000 25.000 17.000
15.000 21.000 18.000
16.000 20.000 23.000
15.000 26.000 16.000
16.000 23.000 11.000
14.000 12.000 20.000
11.000 6.000 17.000
10.000 18.000 20.000
17.000 9.000 21.000
8.000 16.000 10.000
10.000 9.000 5.000
16.000 12.000 9.000
11.000 17.000 6.000
7.000 12.000 8.000
16.000 11.000 5.000
9.000 8.000 8.000
13.000 8.000 3.000
12.000 6.000 4.000
5.000 10.000 6.000
13.000 13.000 7.000
6.000 6.000 8.000
13.000 12.000 4.000
4.000 10.000 8.000
9.000 10.000 9.000
7.000 11.000 7.000
10.000 3.000 8.000
9.000 9.000 5.000
5.000 8.000 8.000
9.000 5.000 8.000
9.000 2.000 20.000
10.000 5.000 5.000
12.000 2.000 13.000
7.000 2.000 15.000
14.000 2.000 12.000
12.000 10.000 13.000
9.000 5.000 9.000
15.000 9.000 12.000
10.000 8.000 12.000
14.000 9.000 7.000
6.000 10.000 8.000
12.000 5.000 7.000
11.000 3.000 6.000
11.000 3.000 8.000
10.000 12.000 6.000
4.000 7.000 13.000
3.000 17.000 6.000
17.000 6.000 5.000
11.000 13.000 9.000
20.000 12.000 7.000
15.000 14.000 11.000
18.000 22.000 12.000
22.000 20.000 15.000
24.000 24.000 18.000
27.000 33.000 25.000
22.000 34.000 34.000
24.000 38.000 32.000
