57.000 62.000 64.000
8.000 13.000 14.000
10.000 12.000 6.000
9.000 13.000 16.000
13.000 11.000 15.000
9.000 20.000 10.000
6.000 9.000 5.000
14.000 21.000 8.000
8.000 19.000 12.000
12.000 7.000 5.000
10.000 9.000 10.000
14.000 12.000 8.000
8.000 14.000 5.000
6.000 14.000 8.000
9.000 11.000 4.000
7.000 12.000 5.000
6.000 13.000 3.000
8.000 6.000 4.000
8.000 13.000 6.000
9.000 10.000 1.000
12.000 6.000 3.000
18.000 10.000 8.000
16.000 11.000 5.000
12.000 13.000 7.000
15.000 7.000 7.000
12.000 6.000 10.000
11.000 6.000 11.000
14.000 4.000 8.000
12.000 2.000 12.000
15.000 6.000 15.000
14.000 6.000 10.000
11.000 5.000 16.000
16.000 7.000 13.000
17.000 4.000 10.000
14.000 4.000 17.000
13.000 7.000 14.000
12.000 3.000 19.000
16.000 5.000 10.000
10.000 5.000 9.000
14.000 9.000 12.000
12.000 9.000 15.000
17.000 6.000 12.000
19.000 8.000 9.000
13.000 10.000 18.000
15.000 13.000 7.000
26.000 12.000 14.000
19.000 18.000 14.000
22.000 14.000 15.000
21.000 14.000 12.000
28.000 18.000 16.000
19.000 20.000 18.000
17.000 20.000 18.000
20.000 24.000 18.000
15.000 30.000 16.000
10.000 24.000 25.000
17.000 29.000 29.000
15.000 43.000 27.000
21.000 35.000 36.000
