86.000 67.000 53.000
14.000 21.000 20.000
16.000 25.000 12.000
8.000 23.000 21.000
11.000 12.000 18.000
6.000 15.000 9.000
17.000 20.000 18.000
9.000 15.000 16.000
14.000 14.000 17.000
16.000 11.000 15.000
9.000 16.000 19.000
13.000 13.000 10.000
22.000 7.000 10.000
10.000 11.000 9.000
15.000 10.000 14.000
7.000 11.000 12.000
7.000 15.000 9.000
18.000 14.000 6.000
13.000 11.000 8.000
8.000 7.000 5.000
12.000 8.000 4.000
8.000 9.000 7.000
9.000 6.000 5.000
11.000 4.000 3.000
9.000 9.000 5.000
4.000 8.000 5.000
12.000 12.000 7.000
8.000 8.000 7.000
11.000 8.000 7.000
12.000 3.000 13.000
7.000 3.000 8.000
6.000 3.000 9.000
9.000 4.000 7.000
10.000 0.000 8.000
7.000 0.000 10.000
10.000 0.000 7.000
6.000 1.000 11.000
6.000 3.000 12.000
12.000 5.000 11.000
16.000 6.000 12.000
13.000 7.000 10.000
15.000 3.000 2.000
10.000 6.000 11.000
10.000 5.000 5.000
16.000 3.000 6.000
16.000 10.000 3.000
13.000 5.000 1.000
24.000 9.000 7.000
14.000 11.000 6.000
17.000 14.000 9.000
14.000 9.000 6.000
16.000 5.000 7.000
19.000 23.000 8.000
22.000 23.000 20.000
36.000 41.000 34.000
25.000 32.000 31.000
20.000 34.000 32.000
25.000 52.000 37.000
