99.000 79.000 74.000
12.000 17.000 19.000
17.000 29.000 14.000
13.000 29.000 17.000
21.000 24.000 12.000
20.000 16.000 15.000
17.000 16.000 10.000
11.000 20.000 9.000
11.000 15.000 10.000
8.000 8.000 10.000
12.000 12.000 8.000
12.000 18.000 10.000
12.000 12.000 12.000
6.000 12.000 11.000
11.000 18.000 4.000
8.000 7.000 12.000
9.000 15.000 8.000
7.000 14.000 7.000
9.000 9.000 6.000
10.000 8.000 8.000
9.000 17.000 8.000
8.000 5.000 12.000
12.000 8.000 8.000
20.000 6.000 12.000
7.000 9.000 5.000
17.000 3.000 6.000
9.000 7.000 14.000
13.000 7.000 11.000
10.000 6.000 13.000
9.000 7.000 7.000
7.000 8.000 7.000
10.000 11.000 13.000
9.000 3.000 16.000
14.000 2.000 9.000
10.000 6.000 15.000
12.000 4.000 19.000
5.000 2.000 11.000
6.000 4.000 17.000
10.000 11.000 18.000
9.000 6.000 7.000
15.000 3.000 11.000
11.000 6.000 12.000
11.000 6.000 10.000
12.000 8.000 6.000
14.000 11.000 12.000
13.000 10.000 12.000
9.000 14.000 9.000
17.000 7.000 8.000
16.000 11.000 8.000
23.000 18.000 9.000
12.000 16.000 12.000
16.000 10.000 9.000
16.000 16.000 13.000
16.000 9.000 22.000
23.000 18.000 23.000
17.000 36.000 27.000
22.000 35.000 34.000
23.000 47.000 27.000
