107.000 81.000 119.000
24.000 55.000 34.000
47.000 41.000 26.000
26.000 26.000 24.000
30.000 23.000 18.000
15.000 19.000 19.000
16.000 23.000 19.000
13.000 22.000 16.000
16.000 9.000 10.000
10.000 9.000 16.000
12.000 11.000 17.000
15.000 13.000 15.000
11.000 10.000 12.000
9.000 16.000 13.000
10.000 13.000 12.000
15.000 14.000 7.000
14.000 12.000 9.000
4.000 7.000 6.000
4.000 5.000 5.000
9.000 5.000 5.000
8.000 4.000 7.000
7.000 5.000 7.000
4.000 6.000 4.000
4.000 8.000 3.000
13.000 9.000 7.000
7.000 5.000 9.000
6.000 7.000 8.000
6.000 9.000 11.000
10.000 9.000 10.000
5.000 13.000 10.000
8.000 8.000 10.000
8.000 8.000 9.000
9.000 6.000 7.000
8.000 2.000 11.000
4.000 1.000 7.000
2.000 1.000 6.000
8.000 2.000 11.000
7.000 2.000 5.000
7.000 5.000 3.000
4.000 5.000 7.000
5.000 6.000 5.000
3.000 5.000 6.000
9.000 8.000 6.000
5.000 4.000 6.000
6.000 4.000 5.000
2.000 6.000 4.000
7.000 6.000 2.000
6.000 11.000 4.000
6.000 3.000 5.000
2.000 8.000 7.000
6.000 5.000 7.000
6.000 4.000 12.000
12.000 5.000 8.000
22.000 14.000 21.000
24.000 15.000 28.000
21.000 16.000 36.000
31.000 38.000 36.000
48.000 52.000 40.000
