82.000 41.000 68.000
11.000 36.000 22.000
21.000 26.000 10.000
11.000 10.000 5.000
12.000 18.000 23.000
12.000 10.000 13.000
4.000 14.000 8.000
14.000 10.000 12.000
10.000 12.000 9.000
10.000 13.000 7.000
14.000 11.000 5.000
8.000 6.000 12.000
8.000 9.000 3.000
7.000 2.000 3.000
4.000 6.000 8.000
7.000 7.000 8.000
3.000 6.000 4.000
7.000 4.000 5.000
5.000 14.000 6.000
7.000 3.000 4.000
6.000 11.000 7.000
3.000 8.000 7.000
6.000 7.000 5.000
14.000 5.000 3.000
9.000 7.000 5.000
5.000 3.000 9.000
11.000 7.000 4.000
14.000 10.000 4.000
3.000 4.000 15.000
10.000 15.000 8.000
8.000 11.000 5.000
15.000 10.000 9.000
9.000 5.000 12.000
11.000 2.000 7.000
13.000 0.000 17.000
5.000 5.000 10.000
7.000 2.000 8.000
11.000 3.000 10.000
11.000 1.000 10.000
5.000 5.000 8.000
9.000 2.000 6.000
14.000 1.000 9.000
12.000 8.000 9.000
14.000 8.000 3.000
24.000 6.000 4.000
17.000 4.000 9.000
17.000 8.000 5.000
14.000 15.000 9.000
15.000 7.000 10.000
15.000 8.000 10.000
26.000 17.000 21.000
32.000 16.000 20.000
29.000 16.000 19.000
22.000 26.000 23.000
25.000 36.000 26.000
23.000 35.000 34.000
26.000 53.000 46.000
26.000 57.000 38.000
