100.000 75.000 62.000
14.000 24.000 26.000
26.000 27.000 15.000
12.000 25.000 26.000
32.000 35.000 33.000
29.000 21.000 21.000
20.000 27.000 29.000
21.000 24.000 22.000
10.000 25.000 14.000
15.000 16.000 17.000
20.000 11.000 13.000
6.000 9.000 10.000
7.000 7.000 12.000
6.000 13.000 8.000
1.000 9.000 9.000
6.000 5.000 10.000
10.000 6.000 9.000
7.000 6.000 6.000
8.000 7.000 6.000
14.000 7.000 3.000
10.000 10.000 4.000
5.000 8.000 1.000
6.000 7.000 4.000
7.000 7.000 5.000
8.000 5.000 6.000
11.000 6.000 5.000
4.000 8.000 8.000
9.000 5.000 9.000
5.000 10.000 7.000
5.000 6.000 4.000
9.000 4.000 9.000
3.000 7.000 5.000
5.000 6.000 8.000
9.000 6.000 12.000
4.000 2.000 14.000
11.000 2.000 12.000
7.000 1.000 9.000
8.000 2.000 8.000
7.000 1.000 12.000
9.000 5.000 3.000
9.000 4.000 10.000
11.000 4.000 3.000
5.000 4.000 5.000
10.000 5.000 5.000
12.000 6.000 3.000
8.000 6.000 2.000
12.000 6.000 2.000
11.000 4.000 6.000
19.000 9.000 4.000
9.000 6.000 7.000
7.000 7.000 6.000
17.000 9.000 11.000
19.000 15.000 15.000
23.000 17.000 16.000
16.000 30.000 35.000
30.000 36.000 30.000
19.000 58.000 35.000
26.000 50.000 38.000
