101.000 105.000 96.000
14.000 31.000 28.000
20.000 21.000 15.000
11.000 26.000 17.000
10.000 21.000 20.000
17.000 27.000 13.000
7.000 21.000 20.000
25.000 18.000 22.000
17.000 15.000 10.000
15.000 14.000 12.000
11.000 18.000 15.000
24.000 25.000 16.000
18.000 7.000 17.000
13.000 15.000 18.000
12.000 16.000 14.000
10.000 12.000 7.000
14.000 11.000 6.000
16.000 17.000 10.000
11.000 14.000 7.000
10.000 10.000 10.000
10.000 9.000 5.000
6.000 9.000 7.000
19.000 8.000 7.000
11.000 9.000 6.000
11.000 8.000 12.000
12.000 9.000 7.000
19.000 6.000 7.000
12.000 10.000 7.000
8.000 11.000 17.000
14.000 15.000 16.000
13.000 7.000 27.000
15.000 9.000 14.000
10.000 3.000 7.000
9.000 6.000 8.000
11.000 5.000 7.000
10.000 2.000 12.000
10.000 4.000 12.000
9.000 7.000 11.000
7.000 5.000 13.000
12.000 10.000 12.000
9.000 14.000 14.000
10.000 6.000 15.000
10.000 8.000 3.000
7.000 10.000 12.000
8.000 7.000 5.000
9.000 12.000 7.000
13.000 7.000 12.000
17.000 8.000 11.000
14.000 11.000 10.000
8.000 5.000 11.000
16.000 13.000 7.000
8.000 10.000 5.000
10.000 13.000 10.000
17.000 13.000 15.000
15.000 21.000 17.000
18.000 29.000 17.000
19.000 29.000 27.000
20.000 28.000 31.000
