104.000 101.000 98.000
24.000 41.000 45.000
47.000 31.000 22.000
21.000 36.000 36.000
32.000 33.000 27.000
22.000 23.000 23.000
30.000 20.000 27.000
20.000 24.000 18.000
18.000 18.000 17.000
12.000 7.000 17.000
16.000 17.000 17.000
10.000 9.000 12.000
11.000 13.000 17.000
17.000 17.000 15.000
8.000 15.000 16.000
14.000 10.000 11.000
3.000 16.000 11.000
8.000 10.000 5.000
8.000 5.000 7.000
10.000 8.000 8.000
10.000 6.000 1.000
7.000 5.000 4.000
6.000 6.000 5.000
4.000 6.000 6.000
11.000 7.000 3.000
1.000 2.000 5.000
4.000 5.000 5.000
10.000 6.000 6.000
6.000 4.000 5.000
6.000 5.000 8.000
5.000 5.000 10.000
2.000 4.000 2.000
4.000 2.000 3.000
5.000 1.000 4.000
2.000 2.000 2.000
2.000 1.000 3.000
3.000 0.000 1.000
2.000 4.000 6.000
2.000 3.000 5.000
2.000 1.000 0.000
0.000 1.000 3.000
1.000 1.000 1.000
3.000 1.000 3.000
4.000 2.000 5.000
5.000 2.000 3.000
3.000 3.000 2.000
4.000 1.000 2.000
3.000 1.000 0.000
4.000 3.000 0.000
3.000 4.000 3.000
0.000 4.000 6.000
8.000 4.000 5.000
9.000 5.000 12.000
17.000 16.000 21.000
10.000 19.000 17.000
30.000 33.000 31.000
45.000 47.000 28.000
40.000 52.000 49.000
