79.000 53.000 81.000
17.000 22.000 13.000
16.000 19.000 9.000
7.000 28.000 21.000
15.000 13.000 15.000
10.000 22.000 8.000
10.000 14.000 7.000
11.000 15.000 6.000
9.000 14.000 19.000
11.000 9.000 8.000
5.000 15.000 14.000
19.000 10.000 18.000
11.000 11.000 8.000
7.000 11.000 3.000
4.000 11.000 9.000
12.000 12.000 5.000
10.000 8.000 8.000
12.000 8.000 6.000
7.000 7.000 7.000
9.000 8.000 7.000
10.000 12.000 7.000
9.000 12.000 8.000
7.000 3.000 7.000
9.000 3.000 9.000
7.000 4.000 4.000
10.000 7.000 6.000
8.000 10.000 3.000
14.000 9.000 5.000
11.000 8.000 15.000
9.000 6.000 14.000
12.000 5.000 13.000
9.000 4.000 9.000
7.000 7.000 7.000
11.000 4.000 13.000
4.000 7.000 14.000
7.000 4.000 13.000
7.000 3.000 14.000
9.000 2.000 9.000
13.000 6.000 11.000
9.000 7.000 9.000
12.000 8.000 14.000
11.000 5.000 6.000
10.000 13.000 7.000
17.000 7.000 9.000
12.000 9.000 4.000
14.000 9.000 5.000
24.000 3.000 5.000
21.000 9.000 8.000
10.000 13.000 8.000
20.000 18.000 12.000
15.000 10.000 11.000
25.000 17.000 16.000
24.000 25.000 18.000
25.000 18.000 24.000
23.000 29.000 23.000
26.000 42.000 30.000
19.000 36.000 36.000
23.000 61.000 28.000
