75.000 61.000 88.000
11.000 18.000 16.000
18.000 19.000 11.000
4.000 19.000 12.000
14.000 10.000 19.000
13.000 26.000 8.000
16.000 10.000 10.000
8.000 13.000 17.000
11.000 11.000 14.000
11.000 12.000 6.000
14.000 12.000 9.000
14.000 14.000 10.000
8.000 15.000 11.000
10.000 10.000 12.000
13.000 13.000 6.000
8.000 16.000 7.000
9.000 11.000 7.000
9.000 13.000 12.000
10.000 13.000 9.000
8.000 10.000 5.000
13.000 5.000 8.000
9.000 6.000 8.000
12.000 9.000 7.000
9.000 13.000 9.000
7.000 9.000 7.000
13.000 4.000 10.000
11.000 9.000 9.000
12.000 11.000 9.000
6.000 9.000 14.000
8.000 11.000 10.000
10.000 8.000 12.000
15.000 4.000 15.000
9.000 5.000 14.000
7.000 2.000 17.000
11.000 3.000 8.000
8.000 4.000 13.000
9.000 1.000 10.000
12.000 4.000 13.000
16.000 3.000 6.000
10.000 4.000 14.000
12.000 7.000 8.000
12.000 10.000 7.000
12.000 10.000 14.000
13.000 13.000 9.000
13.000 10.000 8.000
12.000 13.000 4.000
16.000 4.000 5.000
18.000 11.000 0.000
15.000 13.000 10.000
13.000 19.000 5.000
22.000 12.000 15.000
19.000 15.000 11.000
12.000 20.000 16.000
36.000 25.000 22.000
24.000 25.000 25.000
21.000 37.000 25.000
22.000 42.000 23.000
19.000 42.000 30.000
