78.000 57.000 81.000
11.000 28.000 30.000
14.000 23.000 15.000
7.000 22.000 24.000
22.000 22.000 19.000
21.000 22.000 13.000
16.000 14.000 17.000
20.000 20.000 12.000
16.000 14.000 14.000
10.000 9.000 13.000
15.000 6.000 13.000
13.000 13.000 4.000
17.000 9.000 16.000
7.000 19.000 6.000
13.000 8.000 9.000
4.000 15.000 14.000
9.000 10.000 11.000
6.000 11.000 10.000
8.000 10.000 3.000
5.000 9.000 6.000
9.000 8.000 8.000
4.000 6.000 2.000
8.000 5.000 8.000
8.000 8.000 10.000
8.000 5.000 4.000
9.000 3.000 7.000
8.000 12.000 8.000
6.000 12.000 8.000
7.000 12.000 7.000
10.000 5.000 7.000
5.000 5.000 4.000
8.000 3.000 8.000
11.000 3.000 10.000
9.000 6.000 12.000
3.000 2.000 11.000
9.000 2.000 4.000
8.000 0.000 8.000
7.000 4.000 7.000
7.000 3.000 8.000
8.000 3.000 15.000
12.000 8.000 3.000
7.000 6.000 3.000
6.000 1.000 10.000
10.000 5.000 7.000
6.000 8.000 4.000
11.000 7.000 9.000
11.000 9.000 3.000
13.000 8.000 6.000
6.000 12.000 5.000
12.000 5.000 8.000
14.000 9.000 12.000
16.000 13.000 15.000
10.000 13.000 16.000
30.000 16.000 29.000
26.000 24.000 35.000
23.000 28.000 43.000
43.000 35.000 38.000
37.000 45.000 35.000
