82.000 71.000 90.000
12.000 22.000 27.000
14.000 31.000 17.000
17.000 27.000 28.000
19.000 22.000 21.000
22.000 17.000 13.000
15.000 18.000 20.000
20.000 18.000 18.000
17.000 23.000 13.000
9.000 20.000 19.000
17.000 10.000 12.000
16.000 14.000 9.000
15.000 17.000 14.000
14.000 9.000 14.000
14.000 7.000 17.000
14.000 13.000 13.000
9.000 15.000 12.000
13.000 7.000 7.000
11.000 11.000 8.000
10.000 16.000 6.000
8.000 7.000 4.000
10.000 14.000 6.000
11.000 7.000 6.000
7.000 10.000 11.000
15.000 15.000 12.000
12.000 5.000 15.000
13.000 5.000 12.000
8.000 18.000 11.000
10.000 9.000 8.000
9.000 12.000 10.000
14.000 5.000 10.000
10.000 5.000 12.000
13.000 5.000 19.000
8.000 2.000 12.000
9.000 6.000 16.000
14.000 3.000 12.000
10.000 8.000 10.000
3.000 6.000 9.000
11.000 4.000 11.000
10.000 2.000 5.000
10.000 4.000 10.000
10.000 9.000 14.000
15.000 9.000 8.000
15.000 9.000 9.000
10.000 17.000 6.000
15.000 8.000 6.000
10.000 14.000 9.000
6.000 13.000 6.000
12.000 10.000 7.000
15.000 9.000 10.000
17.000 9.000 9.000
12.000 15.000 9.000
15.000 11.000 19.000
12.000 19.000 18.000
22.000 32.000 23.000
24.000 28.000 26.000
21.000 30.000 27.000
20.000 30.000 15.000
