178.000 68.000 211.000
16.000 101.000 65.000
55.000 58.000 42.000
25.000 31.000 54.000
39.000 21.000 44.000
43.000 18.000 26.000
18.000 17.000 32.000
37.000 16.000 25.000
14.000 12.000 13.000
22.000 16.000 11.000
8.000 6.000 22.000
11.000 8.000 11.000
19.000 11.000 9.000
7.000 12.000 12.000
9.000 8.000 6.000
14.000 11.000 10.000
16.000 8.000 8.000
8.000 10.000 5.000
15.000 8.000 4.000
14.000 6.000 6.000
13.000 5.000 6.000
18.000 4.000 4.000
12.000 3.000 4.000
13.000 2.000 8.000
8.000 3.000 7.000
13.000 4.000 3.000
12.000 7.000 4.000
15.000 4.000 6.000
10.000 1.000 9.000
11.000 1.000 2.000
4.000 6.000 9.000
7.000 4.000 8.000
5.000 1.000 12.000
2.000 1.000 8.000
6.000 1.000 10.000
8.000 0.000 10.000
6.000 4.000 7.000
4.000 2.000 5.000
3.000 1.000 6.000
2.000 2.000 6.000
8.000 2.000 5.000
3.000 2.000 3.000
6.000 2.000 4.000
5.000 0.000 2.000
6.000 2.000 1.000
1.000 4.000 2.000
5.000 1.000 1.000
1.000 1.000 1.000
3.000 1.000 3.000
4.000 2.000 5.000
4.000 1.000 3.000
4.000 5.000 1.000
5.000 11.000 7.000
12.000 11.000 8.000
11.000 9.000 12.000
10.000 25.000 11.000
9.000 16.000 11.000
11.000 23.000 14.000
