233.000 198.000 197.000
29.000 75.000 46.000
42.000 49.000 28.000
21.000 33.000 28.000
41.000 29.000 38.000
30.000 21.000 11.000
15.000 12.000 24.000
18.000 16.000 19.000
15.000 12.000 15.000
18.000 14.000 11.000
11.000 18.000 12.000
14.000 12.000 13.000
11.000 8.000 3.000
11.000 16.000 12.000
11.000 14.000 10.000
7.000 7.000 9.000
3.000 12.000 7.000
6.000 7.000 6.000
5.000 8.000 8.000
9.000 5.000 7.000
9.000 3.000 8.000
5.000 3.000 4.000
6.000 6.000 3.000
6.000 3.000 12.000
4.000 7.000 7.000
13.000 5.000 10.000
7.000 6.000 10.000
5.000 2.000 11.000
4.000 4.000 9.000
6.000 6.000 8.000
5.000 2.000 8.000
4.000 5.000 9.000
5.000 0.000 11.000
2.000 5.000 11.000
5.000 2.000 6.000
1.000 1.000 4.000
7.000 4.000 9.000
2.000 1.000 8.000
6.000 1.000 5.000
4.000 5.000 4.000
6.000 3.000 3.000
4.000 6.000 8.000
4.000 6.000 4.000
6.000 9.000 3.000
6.000 8.000 5.000
4.000 9.000 0.000
2.000 2.000 0.000
5.000 5.000 1.000
5.000 3.000 2.000
5.000 5.000 2.000
8.000 5.000 7.000
6.000 2.000 4.000
13.000 4.000 6.000
17.000 13.000 10.000
19.000 13.000 20.000
16.000 23.000 18.000
32.000 29.000 16.000
24.000 38.000 25.000
