78.000 62.000 71.000
12.000 34.000 21.000
12.000 17.000 17.000
11.000 18.000 17.000
16.000 11.000 22.000
22.000 23.000 14.000
10.000 9.000 16.000
13.000 11.000 10.000
10.000 10.000 7.000
12.000 5.000 8.000
10.000 11.000 12.000
6.000 14.000 5.000
11.000 13.000 4.000
6.000 11.000 9.000
8.000 10.000 14.000
8.000 13.000 9.000
6.000 7.000 5.000
4.000 5.000 5.000
10.000 4.000 5.000
4.000 7.000 7.000
5.000 1.000 3.000
6.000 7.000 5.000
5.000 2.000 2.000
9.000 2.000 6.000
9.000 4.000 4.000
7.000 3.000 4.000
6.000 7.000 5.000
11.000 6.000 6.000
10.000 4.000 11.000
9.000 4.000 3.000
6.000 3.000 8.000
4.000 3.000 5.000
14.000 1.000 6.000
5.000 2.000 5.000
10.000 4.000 8.000
7.000 1.000 6.000
6.000 1.000 8.000
6.000 1.000 5.000
11.000 6.000 9.000
11.000 4.000 4.000
18.000 3.000 7.000
5.000 6.000 6.000
17.000 5.000 6.000
9.000 2.000 2.000
11.000 2.000 3.000
11.000 9.000 5.000
17.000 7.000 6.000
15.000 10.000 8.000
21.000 5.000 3.000
11.000 15.000 7.000
9.000 5.000 9.000
20.000 7.000 10.000
18.000 11.000 19.000
38.000 17.000 18.000
22.000 24.000 30.000
42.000 43.000 35.000
37.000 52.000 61.000
30.000 68.000 52.000
