99.000 90.000 76.000
11.000 25.000 22.000
17.000 22.000 8.000
9.000 12.000 26.000
22.000 24.000 23.000
18.000 29.000 15.000
13.000 18.000 22.000
21.000 9.000 13.000
12.000 14.000 16.000
8.000 4.000 14.000
11.000 9.000 7.000
10.000 10.000 6.000
10.000 10.000 9.000
7.000 6.000 4.000
4.000 9.000 6.000
5.000 5.000 10.000
4.000 8.000 12.000
7.000 7.000 9.000
5.000 11.000 2.000
5.000 4.000 4.000
3.000 7.000 6.000
12.000 3.000 3.000
10.000 5.000 6.000
10.000 10.000 7.000
8.000 7.000 4.000
5.000 6.000 7.000
10.000 14.000 8.000
11.000 10.000 4.000
7.000 11.000 14.000
7.000 3.000 8.000
9.000 5.000 11.000
9.000 7.000 5.000
5.000 6.000 10.000
3.000 4.000 4.000
11.000 1.000 10.000
6.000 3.000 8.000
5.000 6.000 7.000
8.000 5.000 4.000
10.000 3.000 5.000
9.000 4.000 8.000
5.000 5.000 12.000
9.000 7.000 10.000
6.000 5.000 5.000
10.000 5.000 6.000
8.000 7.000 9.000
14.000 5.000 7.000
12.000 6.000 4.000
15.000 10.000 5.000
18.000 8.000 7.000
22.000 6.000 5.000
21.000 7.000 7.000
13.000 17.000 13.000
10.000 13.000 15.000
25.000 29.000 17.000
28.000 23.000 26.000
33.000 41.000 36.000
25.000 52.000 39.000
22.000 58.000 39.000
