80.000 71.000 79.000
6.000 19.000 21.000
15.000 21.000 12.000
7.000 20.000 14.000
10.000 18.000 13.000
9.000 16.000 12.000
11.000 16.000 14.000
15.000 10.000 13.000
11.000 24.000 14.000
12.000 15.000 9.000
12.000 14.000 19.000
14.000 9.000 19.000
7.000 18.000 9.000
9.000 13.000 8.000
3.000 11.000 6.000
7.000 13.000 9.000
6.000 12.000 8.000
13.000 11.000 10.000
12.000 13.000 6.000
11.000 18.000 4.000
10.000 16.000 11.000
19.000 13.000 12.000
7.000 10.000 5.000
19.000 9.000 7.000
7.000 6.000 13.000
16.000 9.000 12.000
17.000 12.000 9.000
16.000 12.000 14.000
18.000 7.000 16.000
10.000 13.000 13.000
16.000 8.000 13.000
13.000 3.000 14.000
15.000 3.000 11.000
8.000 6.000 20.000
9.000 5.000 18.000
15.000 4.000 14.000
9.000 12.000 21.000
14.000 13.000 16.000
12.000 8.000 21.000
16.000 9.000 13.000
13.000 4.000 16.000
13.000 8.000 13.000
16.000 10.000 6.000
3.000 12.000 13.000
15.000 12.000 10.000
18.000 13.000 9.000
11.000 15.000 7.000
24.000 13.000 19.000
22.000 11.000 4.000
17.000 13.000 14.000
23.000 19.000 11.000
20.000 13.000 13.000
14.000 19.000 11.000
18.000 18.000 13.000
18.000 20.000 19.000
11.000 30.000 14.000
8.000 43.000 12.000
17.000 33.000 27.000
