93.000 55.000 41.000
9.000 23.000 19.000
11.000 21.000 13.000
10.000 13.000 24.000
20.000 24.000 18.000
15.000 24.000 26.000
8.000 20.000 25.000
11.000 12.000 20.000
15.000 13.000 19.000
14.000 10.000 24.000
10.000 13.000 20.000
14.000 18.000 25.000
13.000 25.000 25.000
12.000 19.000 18.000
8.000 22.000 22.000
10.000 35.000 32.000
6.000 36.000 32.000
9.000 17.000 14.000
13.000 28.000 18.000
15.000 19.000 16.000
23.000 18.000 11.000
11.000 17.000 8.000
14.000 13.000 11.000
18.000 8.000 9.000
13.000 9.000 6.000
8.000 18.000 6.000
19.000 4.000 10.000
13.000 10.000 7.000
18.000 6.000 11.000
15.000 10.000 9.000
12.000 4.000 6.000
16.000 4.000 7.000
12.000 3.000 7.000
14.000 2.000 6.000
10.000 3.000 10.000
7.000 4.000 13.000
16.000 5.000 8.000
10.000 3.000 9.000
12.000 4.000 8.000
14.000 3.000 7.000
11.000 1.000 3.000
12.000 8.000 7.000
10.000 4.000 5.000
9.000 7.000 9.000
13.000 3.000 2.000
12.000 6.000 3.000
10.000 10.000 4.000
13.000 5.000 0.000
12.000 10.000 8.000
9.000 8.000 7.000
9.000 9.000 6.000
7.000 8.000 17.000
9.000 8.000 10.000
22.000 20.000 24.000
13.000 27.000 23.000
19.000 28.000 17.000
15.000 26.000 27.000
19.000 37.000 30.000
