58.000 67.000 100.000
8.000 18.000 8.000
17.000 25.000 11.000
7.000 20.000 9.000
21.000 16.000 19.000
15.000 12.000 9.000
11.000 18.000 16.000
29.000 17.000 16.000
13.000 20.000 13.000
8.000 15.000 8.000
12.000 7.000 14.000
9.000 20.000 15.000
14.000 13.000 9.000
21.000 12.000 14.000
10.000 17.000 7.000
15.000 11.000 13.000
12.000 12.000 8.000
8.000 14.000 12.000
13.000 11.000 8.000
13.000 13.000 11.000
16.000 14.000 10.000
11.000 12.000 9.000
20.000 12.000 12.000
10.000 13.000 13.000
9.000 8.000 10.000
14.000 15.000 11.000
16.000 9.000 12.000
14.000 7.000 17.000
13.000 10.000 15.000
16.000 16.000 15.000
7.000 8.000 17.000
13.000 12.000 15.000
6.000 8.000 15.000
15.000 11.000 17.000
8.000 4.000 16.000
15.000 5.000 13.000
14.000 8.000 14.000
9.000 4.000 19.000
11.000 9.000 19.000
8.000 13.000 12.000
14.000 4.000 11.000
16.000 6.000 16.000
16.000 8.000 11.000
14.000 10.000 14.000
15.000 11.000 14.000
14.000 10.000 5.000
16.000 20.000 8.000
17.000 16.000 4.000
16.000 18.000 6.000
12.000 17.000 11.000
14.000 13.000 10.000
18.000 8.000 15.000
11.000 16.000 11.000
13.000 20.000 24.000
16.000 22.000 14.000
15.000 31.000 12.000
14.000 22.000 19.000
14.000 35.000 15.000
