81.000 58.000 57.000
10.000 23.000 18.000
12.000 23.000 18.000
12.000 17.000 25.000
21.000 22.000 20.000
12.000 16.000 19.000
8.000 15.000 20.000
12.000 9.000 12.000
14.000 11.000 11.000
9.000 16.000 11.000
4.000 6.000 8.000
9.000 9.000 14.000
11.000 5.000 6.000
7.000 8.000 4.000
6.000 5.000 4.000
7.000 5.000 6.000
2.000 6.000 7.000
5.000 11.000 6.000
4.000 5.000 4.000
5.000 7.000 7.000
8.000 4.000 1.000
11.000 2.000 1.000
6.000 6.000 4.000
7.000 1.000 0.000
4.000 6.000 7.000
11.000 9.000 4.000
7.000 8.000 7.000
6.000 5.000 7.000
6.000 8.000 6.000
2.000 9.000 5.000
4.000 3.000 4.000
7.000 6.000 6.000
6.000 2.000 5.000
6.000 0.000 5.000
4.000 1.000 5.000
5.000 3.000 10.000
5.000 3.000 3.000
2.000 1.000 3.000
0.000 2.000 1.000
5.000 1.000 8.000
4.000 5.000 9.000
9.000 7.000 2.000
7.000 0.000 4.000
9.000 2.000 3.000
8.000 7.000 3.000
4.000 4.000 0.000
5.000 1.000 1.000
12.000 3.000 8.000
14.000 4.000 2.000
18.000 1.000 8.000
16.000 6.000 1.000
18.000 8.000 11.000
19.000 9.000 10.000
24.000 19.000 26.000
38.000 23.000 43.000
41.000 50.000 47.000
43.000 60.000 62.000
41.000 61.000 69.000
