97.000 68.000 92.000
16.000 39.000 33.000
20.000 33.000 20.000
17.000 23.000 22.000
10.000 28.000 22.000
24.000 17.000 15.000
16.000 18.000 16.000
13.000 14.000 17.000
15.000 8.000 12.000
12.000 7.000 6.000
8.000 9.000 12.000
11.000 12.000 2.000
7.000 9.000 6.000
7.000 3.000 4.000
9.000 6.000 5.000
2.000 9.000 2.000
6.000 8.000 9.000
3.000 6.000 8.000
7.000 7.000 3.000
5.000 3.000 2.000
6.000 5.000 5.000
4.000 4.000 5.000
6.000 4.000 4.000
9.000 5.000 6.000
5.000 6.000 9.000
8.000 7.000 9.000
8.000 6.000 2.000
5.000 7.000 11.000
12.000 8.000 6.000
5.000 6.000 16.000
5.000 8.000 9.000
3.000 4.000 6.000
6.000 5.000 5.000
2.000 1.000 5.000
4.000 1.000 4.000
6.000 6.000 3.000
4.000 4.000 4.000
6.000 4.000 2.000
6.000 2.000 6.000
4.000 5.000 7.000
7.000 1.000 11.000
3.000 4.000 2.000
6.000 2.000 2.000
9.000 5.000 5.000
8.000 3.000 1.000
7.000 3.000 5.000
11.000 3.000 4.000
4.000 4.000 2.000
8.000 3.000 6.000
10.000 9.000 7.000
11.000 7.000 7.000
11.000 8.000 7.000
17.000 10.000 10.000
22.000 15.000 22.000
30.000 23.000 16.000
35.000 36.000 42.000
41.000 60.000 47.000
39.000 76.000 69.000
