85.000 87.000 71.000
10.000 28.000 25.000
22.000 25.000 18.000
9.000 25.000 30.000
20.000 19.000 21.000
18.000 19.000 24.000
10.000 21.000 18.000
15.000 11.000 20.000
5.000 14.000 8.000
12.000 11.000 8.000
9.000 4.000 8.000
12.000 4.000 10.000
10.000 4.000 6.000
5.000 7.000 4.000
7.000 7.000 7.000
7.000 6.000 2.000
4.000 2.000 2.000
4.000 3.000 5.000
9.000 4.000 2.000
3.000 4.000 3.000
5.000 12.000 3.000
4.000 6.000 4.000
8.000 7.000 1.000
3.000 2.000 5.000
9.000 4.000 6.000
7.000 5.000 6.000
9.000 7.000 3.000
11.000 9.000 8.000
7.000 1.000 6.000
7.000 6.000 8.000
7.000 8.000 7.000
7.000 3.000 8.000
5.000 6.000 7.000
5.000 1.000 14.000
11.000 1.000 9.000
8.000 1.000 3.000
10.000 3.000 6.000
8.000 3.000 4.000
5.000 3.000 5.000
8.000 4.000 4.000
10.000 3.000 4.000
12.000 4.000 3.000
7.000 3.000 2.000
12.000 2.000 5.000
10.000 4.000 3.000
9.000 1.000 7.000
13.000 4.000 3.000
12.000 6.000 3.000
18.000 6.000 3.000
13.000 6.000 5.000
17.000 5.000 9.000
18.000 10.000 11.000
24.000 10.000 15.000
26.000 23.000 33.000
26.000 31.000 20.000
27.000 45.000 31.000
24.000 61.000 52.000
20.000 73.000 62.000
