97.000 96.000 64.000
6.000 26.000 13.000
17.000 21.000 10.000
16.000 16.000 26.000
20.000 25.000 22.000
19.000 14.000 14.000
22.000 19.000 18.000
18.000 22.000 25.000
11.000 19.000 18.000
9.000 13.000 18.000
11.000 14.000 10.000
21.000 9.000 11.000
12.000 13.000 17.000
18.000 17.000 13.000
6.000 18.000 7.000
10.000 12.000 12.000
14.000 10.000 4.000
15.000 13.000 7.000
11.000 4.000 11.000
12.000 9.000 8.000
10.000 12.000 5.000
12.000 6.000 7.000
7.000 8.000 8.000
9.000 15.000 12.000
8.000 10.000 5.000
9.000 7.000 6.000
8.000 8.000 11.000
10.000 6.000 6.000
11.000 7.000 7.000
12.000 5.000 14.000
6.000 3.000 12.000
7.000 4.000 12.000
7.000 4.000 17.000
15.000 4.000 16.000
15.000 2.000 5.000
5.000 5.000 13.000
5.000 6.000 10.000
6.000 3.000 8.000
4.000 6.000 14.000
3.000 4.000 10.000
7.000 4.000 3.000
9.000 5.000 12.000
7.000 7.000 11.000
6.000 3.000 5.000
7.000 8.000 4.000
10.000 7.000 5.000
7.000 11.000 7.000
13.000 13.000 4.000
9.000 12.000 5.000
8.000 14.000 9.000
5.000 10.000 15.000
7.000 15.000 8.000
16.000 10.000 17.000
21.000 17.000 27.000
17.000 19.000 20.000
16.000 26.000 24.000
26.000 32.000 32.000
26.000 50.000 36.000
