78.000 73.000 84.000
9.000 29.000 17.000
14.000 25.000 12.000
13.000 17.000 22.000
21.000 18.000 17.000
24.000 11.000 13.000
9.000 23.000 15.000
13.000 16.000 13.000
7.000 9.000 9.000
10.000 9.000 6.000
8.000 7.000 12.000
9.000 3.000 9.000
10.000 7.000 6.000
7.000 9.000 4.000
7.000 9.000 3.000
6.000 10.000 7.000
8.000 3.000 4.000
2.000 2.000 3.000
9.000 6.000 5.000
8.000 8.000 3.000
3.000 5.000 5.000
4.000 6.000 2.000
7.000 6.000 7.000
6.000 5.000 9.000
7.000 6.000 0.000
6.000 6.000 4.000
5.000 2.000 7.000
6.000 4.000 4.000
4.000 11.000 8.000
3.000 6.000 7.000
5.000 7.000 10.000
3.000 4.000 11.000
7.000 3.000 6.000
10.000 5.000 6.000
8.000 3.000 15.000
10.000 7.000 9.000
4.000 3.000 12.000
6.000 4.000 10.000
8.000 2.000 4.000
7.000 4.000 5.000
12.000 5.000 4.000
8.000 5.000 9.000
12.000 8.000 5.000
7.000 1.000 13.000
10.000 7.000 3.000
12.000 7.000 2.000
13.000 9.000 4.000
12.000 7.000 10.000
14.000 10.000 9.000
10.000 7.000 14.000
15.000 10.000 9.000
17.000 16.000 13.000
23.000 21.000 22.000
32.000 20.000 16.000
18.000 37.000 31.000
30.000 47.000 33.000
37.000 56.000 36.000
28.000 59.000 35.000
