63.000 100.000 84.000
5.000 18.000 17.000
14.000 15.000 12.000
7.000 21.000 15.000
17.000 14.000 15.000
18.000 18.000 8.000
6.000 14.000 10.000
21.000 18.000 12.000
16.000 15.000 14.000
13.000 12.000 7.000
18.000 18.000 16.000
16.000 16.000 5.000
9.000 14.000 5.000
14.000 16.000 11.000
21.000 18.000 8.000
16.000 16.000 12.000
18.000 14.000 11.000
10.000 15.000 12.000
12.000 11.000 5.000
15.000 19.000 8.000
13.000 14.000 13.000
14.000 12.000 14.000
19.000 11.000 8.000
14.000 12.000 12.000
9.000 9.000 9.000
19.000 6.000 10.000
12.000 6.000 9.000
13.000 9.000 17.000
6.000 6.000 20.000
12.000 3.000 11.000
13.000 8.000 21.000
10.000 7.000 23.000
12.000 6.000 20.000
18.000 8.000 15.000
8.000 12.000 11.000
9.000 4.000 15.000
16.000 10.000 18.000
16.000 11.000 14.000
8.000 12.000 15.000
5.000 7.000 18.000
17.000 6.000 14.000
11.000 7.000 17.000
14.000 12.000 12.000
15.000 20.000 18.000
17.000 19.000 9.000
14.000 14.000 11.000
10.000 13.000 12.000
15.000 11.000 12.000
16.000 10.000 6.000
22.000 18.000 12.000
12.000 22.000 13.000
12.000 24.000 15.000
11.000 14.000 13.000
10.000 22.000 11.000
10.000 20.000 19.000
13.000 16.000 10.000
13.000 25.000 11.000
16.000 16.000 9.000
