52.000 57.000 78.000
9.000 20.000 16.000
17.000 24.000 7.000
12.000 21.000 20.000
8.000 15.000 16.000
20.000 16.000 15.000
14.000 9.000 12.000
17.000 14.000 9.000
8.000 15.000 6.000
11.000 9.000 11.000
14.000 15.000 10.000
15.000 4.000 11.000
16.000 11.000 6.000
9.000 11.000 11.000
9.000 10.000 8.000
6.000 21.000 10.000
11.000 14.000 6.000
17.000 10.000 9.000
10.000 14.000 8.000
9.000 15.000 3.000
8.000 6.000 8.000
10.000 7.000 8.000
6.000 13.000 10.000
15.000 9.000 12.000
9.000 8.000 14.000
12.000 7.000 13.000
5.000 7.000 16.000
9.000 9.000 14.000
11.000 8.000 13.000
9.000 11.000 13.000
14.000 4.000 13.000
12.000 4.000 15.000
12.000 5.000 23.000
6.000 8.000 15.000
13.000 6.000 9.000
10.000 8.000 12.000
9.000 5.000 11.000
10.000 4.000 5.000
9.000 5.000 14.000
8.000 4.000 12.000
13.000 9.000 10.000
10.000 6.000 14.000
16.000 16.000 11.000
13.000 14.000 10.000
16.000 21.000 14.000
14.000 10.000 13.000
18.000 12.000 15.000
17.000 15.000 10.000
18.000 11.000 13.000
12.000 15.000 14.000
13.000 14.000 20.000
11.000 9.000 16.000
26.000 11.000 11.000
16.000 20.000 14.000
26.000 26.000 20.000
21.000 25.000 25.000
22.000 25.000 28.000
21.000 49.000 24.000
