70.000 93.000 78.000
10.000 24.000 15.000
12.000 22.000 18.000
9.000 26.000 18.000
28.000 16.000 20.000
16.000 18.000 17.000
17.000 25.000 17.000
16.000 14.000 19.000
8.000 16.000 28.000
15.000 13.000 15.000
17.000 16.000 15.000
16.000 21.000 18.000
13.000 16.000 12.000
11.000 12.000 14.000
15.000 14.000 6.000
11.000 16.000 9.000
14.000 19.000 7.000
6.000 11.000 11.000
10.000 12.000 6.000
14.000 12.000 4.000
13.000 9.000 11.000
13.000 4.000 8.000
11.000 8.000 4.000
12.000 8.000 9.000
9.000 11.000 8.000
14.000 8.000 9.000
13.000 3.000 5.000
6.000 10.000 12.000
13.000 9.000 11.000
15.000 16.000 13.000
12.000 12.000 15.000
16.000 11.000 15.000
9.000 7.000 14.000
10.000 5.000 12.000
9.000 8.000 17.000
7.000 7.000 13.000
12.000 5.000 13.000
13.000 4.000 9.000
19.000 3.000 25.000
12.000 7.000 10.000
11.000 9.000 12.000
10.000 7.000 13.000
9.000 6.000 13.000
14.000 15.000 11.000
14.000 13.000 10.000
9.000 7.000 11.000
8.000 13.000 12.000
13.000 10.000 14.000
12.000 13.000 11.000
16.000 11.000 16.000
8.000 7.000 15.000
13.000 13.000 13.000
12.000 15.000 7.000
12.000 26.000 18.000
15.000 36.000 21.000
15.000 25.000 21.000
19.000 18.000 16.000
8.000 26.000 21.000
