111.000 73.000 83.000
20.000 36.000 25.000
30.000 24.000 20.000
14.000 28.000 22.000
23.000 19.000 16.000
16.000 23.000 17.000
9.000 15.000 24.000
16.000 20.000 13.000
12.000 10.000 17.000
13.000 11.000 8.000
9.000 5.000 11.000
4.000 12.000 11.000
6.000 11.000 10.000
10.000 10.000 11.000
8.000 8.000 7.000
7.000 9.000 6.000
10.000 10.000 5.000
11.000 12.000 5.000
13.000 7.000 7.000
5.000 8.000 6.000
11.000 10.000 2.000
8.000 6.000 9.000
12.000 8.000 5.000
7.000 10.000 11.000
14.000 11.000 14.000
11.000 12.000 8.000
8.000 7.000 7.000
9.000 11.000 15.000
5.000 13.000 8.000
9.000 7.000 10.000
5.000 8.000 10.000
7.000 3.000 13.000
10.000 4.000 12.000
9.000 3.000 10.000
4.000 3.000 7.000
16.000 4.000 5.000
1.000 4.000 13.000
10.000 3.000 8.000
10.000 5.000 8.000
6.000 10.000 11.000
7.000 4.000 7.000
4.000 7.000 10.000
6.000 8.000 4.000
12.000 6.000 6.000
13.000 7.000 5.000
4.000 6.000 2.000
10.000 4.000 4.000
18.000 5.000 5.000
15.000 6.000 3.000
16.000 10.000 6.000
19.000 10.000 9.000
19.000 8.000 12.000
23.000 12.000 20.000
22.000 21.000 13.000
25.000 24.000 25.000
26.000 36.000 27.000
25.000 38.000 31.000
31.000 47.000 37.000
