91.000 73.000 76.000
7.000 19.000 15.000
10.000 20.000 12.000
8.000 18.000 20.000
16.000 17.000 15.000
9.000 18.000 9.000
14.000 16.000 19.000
20.000 8.000 12.000
11.000 19.000 11.000
8.000 20.000 14.000
13.000 9.000 18.000
15.000 10.000 9.000
12.000 16.000 16.000
12.000 12.000 9.000
9.000 18.000 10.000
9.000 11.000 8.000
15.000 12.000 8.000
3.000 10.000 8.000
12.000 6.000 11.000
13.000 10.000 7.000
10.000 2.000 10.000
12.000 7.000 7.000
17.000 11.000 8.000
8.000 10.000 6.000
14.000 6.000 9.000
12.000 13.000 6.000
10.000 12.000 10.000
12.000 11.000 18.000
9.000 11.000 6.000
12.000 10.000 16.000
24.000 6.000 12.000
14.000 7.000 17.000
12.000 7.000 15.000
13.000 5.000 11.000
13.000 4.000 15.000
8.000 7.000 16.000
11.000 5.000 15.000
7.000 9.000 16.000
9.000 4.000 7.000
16.000 11.000 6.000
11.000 6.000 10.000
10.000 6.000 4.000
11.000 7.000 10.000
14.000 13.000 10.000
19.000 10.000 7.000
10.000 11.000 12.000
14.000 9.000 15.000
14.000 9.000 5.000
12.000 7.000 8.000
13.000 17.000 11.000
9.000 9.000 11.000
19.000 19.000 14.000
11.000 15.000 22.000
18.000 17.000 13.000
16.000 24.000 22.000
30.000 27.000 31.000
26.000 41.000 36.000
19.000 40.000 31.000
