111.000 136.000 124.000
13.000 43.000 47.000
31.000 46.000 19.000
24.000 32.000 39.000
27.000 24.000 35.000
27.000 31.000 25.000
26.000 28.000 16.000
21.000 14.000 15.000
15.000 15.000 16.000
22.000 11.000 17.000
14.000 15.000 19.000
18.000 12.000 8.000
17.000 5.000 10.000
16.000 10.000 11.000
12.000 14.000 14.000
12.000 19.000 12.000
13.000 11.000 8.000
7.000 9.000 9.000
15.000 5.000 9.000
16.000 8.000 5.000
11.000 9.000 7.000
9.000 15.000 3.000
8.000 3.000 6.000
8.000 6.000 6.000
7.000 5.000 7.000
8.000 9.000 6.000
8.000 8.000 8.000
13.000 10.000 15.000
13.000 11.000 11.000
13.000 6.000 10.000
9.000 5.000 12.000
6.000 11.000 10.000
9.000 5.000 9.000
8.000 1.000 7.000
7.000 3.000 8.000
8.000 5.000 10.000
5.000 1.000 7.000
6.000 2.000 5.000
5.000 4.000 6.000
8.000 9.000 6.000
4.000 4.000 7.000
7.000 3.000 6.000
7.000 4.000 7.000
5.000 2.000 3.000
2.000 2.000 2.000
7.000 4.000 0.000
8.000 3.000 3.000
11.000 4.000 0.000
5.000 9.000 0.000
7.000 7.000 1.000
4.000 7.000 10.000
10.000 11.000 8.000
12.000 6.000 8.000
12.000 15.000 10.000
20.000 24.000 21.000
27.000 17.000 22.000
22.000 31.000 35.000
25.000 37.000 25.000
