87.000 94.000 100.000
9.000 31.000 23.000
24.000 31.000 12.000
12.000 26.000 25.000
19.000 25.000 28.000
18.000 19.000 21.000
15.000 25.000 22.000
16.000 22.000 18.000
17.000 11.000 20.000
23.000 15.000 19.000
16.000 10.000 19.000
17.000 19.000 20.000
21.000 18.000 16.000
15.000 18.000 16.000
18.000 16.000 18.000
16.000 15.000 12.000
12.000 12.000 20.000
11.000 13.000 15.000
11.000 15.000 9.000
15.000 13.000 6.000
11.000 9.000 5.000
15.000 9.000 7.000
9.000 10.000 6.000
11.000 11.000 12.000
16.000 8.000 7.000
13.000 17.000 8.000
10.000 12.000 9.000
7.000 10.000 9.000
7.000 9.000 11.000
7.000 9.000 15.000
12.000 8.000 10.000
12.000 1.000 11.000
5.000 4.000 11.000
9.000 7.000 13.000
18.000 2.000 3.000
13.000 6.000 15.000
9.000 8.000 7.000
8.000 3.000 10.000
7.000 4.000 4.000
14.000 5.000 10.000
11.000 7.000 7.000
11.000 7.000 7.000
12.000 7.000 8.000
14.000 7.000 7.000
14.000 5.000 7.000
7.000 6.000 6.000
15.000 8.000 6.000
12.000 7.000 7.000
6.000 10.000 9.000
8.000 12.000 6.000
15.000 3.000 11.000
8.000 19.000 11.000
13.000 13.000 16.000
17.000 15.000 17.000
16.000 21.000 21.000
19.000 18.000 20.000
14.000 37.000 30.000
9.000 31.000 29.000
