88.000 60.000 55.000
10.000 29.000 29.000
18.000 16.000 15.000
16.000 25.000 23.000
20.000 18.000 15.000
21.000 16.000 14.000
15.000 18.000 18.000
9.000 19.000 21.000
16.000 13.000 14.000
14.000 10.000 7.000
24.000 13.000 10.000
17.000 15.000 12.000
20.000 16.000 13.000
11.000 18.000 20.000
13.000 26.000 20.000
15.000 29.000 21.000
9.000 19.000 17.000
16.000 12.000 14.000
14.000 10.000 15.000
10.000 9.000 6.000
5.000 7.000 8.000
8.000 7.000 5.000
5.000 5.000 3.000
12.000 5.000 12.000
13.000 8.000 4.000
10.000 9.000 4.000
9.000 7.000 9.000
4.000 8.000 16.000
11.000 7.000 6.000
8.000 9.000 14.000
8.000 2.000 4.000
3.000 3.000 6.000
4.000 2.000 9.000
3.000 1.000 9.000
3.000 2.000 1.000
1.000 4.000 6.000
3.000 0.000 9.000
3.000 3.000 5.000
6.000 3.000 3.000
2.000 1.000 4.000
4.000 3.000 3.000
5.000 5.000 6.000
7.000 3.000 3.000
8.000 3.000 5.000
11.000 5.000 2.000
8.000 3.000 3.000
5.000 5.000 1.000
12.000 1.000 5.000
11.000 5.000 2.000
12.000 5.000 9.000
12.000 3.000 7.000
13.000 5.000 8.000
19.000 8.000 15.000
20.000 17.000 29.000
20.000 34.000 25.000
21.000 37.000 28.000
29.000 52.000 28.000
30.000 55.000 48.000
