78.000 61.000 80.000
20.000 31.000 27.000
22.000 29.000 23.000
12.000 24.000 28.000
20.000 20.000 16.000
29.000 20.000 26.000
17.000 21.000 24.000
21.000 22.000 17.000
15.000 19.000 15.000
22.000 15.000 16.000
15.000 17.000 11.000
19.000 16.000 12.000
21.000 13.000 16.000
10.000 15.000 14.000
22.000 35.000 27.000
13.000 13.000 12.000
15.000 16.000 18.000
9.000 11.000 9.000
3.000 4.000 8.000
8.000 8.000 8.000
7.000 2.000 4.000
2.000 3.000 1.000
5.000 5.000 1.000
10.000 2.000 3.000
7.000 2.000 8.000
9.000 6.000 3.000
3.000 5.000 6.000
4.000 3.000 4.000
9.000 12.000 7.000
10.000 9.000 7.000
2.000 4.000 6.000
2.000 4.000 7.000
4.000 1.000 8.000
3.000 1.000 3.000
5.000 3.000 3.000
1.000 2.000 0.000
4.000 2.000 4.000
6.000 1.000 1.000
2.000 2.000 3.000
1.000 2.000 7.000
3.000 3.000 3.000
3.000 4.000 4.000
4.000 3.000 1.000
5.000 3.000 3.000
5.000 2.000 2.000
6.000 2.000 5.000
6.000 2.000 1.000
3.000 2.000 0.000
7.000 2.000 1.000
7.000 5.000 3.000
7.000 4.000 7.000
17.000 6.000 6.000
15.000 12.000 12.000
20.000 9.000 15.000
32.000 15.000 22.000
35.000 34.000 41.000
37.000 49.000 60.000
31.000 62.000 56.000
