105.000 97.000 77.000
7.000 23.000 19.000
17.000 23.000 15.000
17.000 23.000 21.000
19.000 23.000 20.000
10.000 20.000 17.000
11.000 23.000 17.000
11.000 13.000 28.000
9.000 25.000 18.000
11.000 14.000 15.000
12.000 14.000 17.000
15.000 5.000 12.000
7.000 11.000 8.000
10.000 12.000 4.000
9.000 6.000 10.000
10.000 11.000 16.000
9.000 13.000 7.000
12.000 12.000 9.000
12.000 10.000 7.000
12.000 8.000 2.000
11.000 6.000 6.000
14.000 3.000 8.000
8.000 13.000 5.000
8.000 5.000 9.000
18.000 11.000 9.000
11.000 9.000 12.000
14.000 7.000 13.000
15.000 10.000 12.000
11.000 19.000 5.000
11.000 12.000 12.000
14.000 6.000 6.000
6.000 7.000 16.000
16.000 7.000 14.000
9.000 4.000 18.000
13.000 7.000 16.000
10.000 6.000 9.000
9.000 8.000 8.000
7.000 3.000 14.000
17.000 6.000 11.000
10.000 5.000 12.000
4.000 6.000 13.000
9.000 9.000 8.000
9.000 9.000 12.000
10.000 7.000 11.000
7.000 9.000 6.000
13.000 12.000 5.000
18.000 6.000 8.000
11.000 10.000 2.000
10.000 5.000 8.000
18.000 12.000 12.000
9.000 10.000 7.000
17.000 14.000 10.000
15.000 20.000 11.000
17.000 16.000 12.000
24.000 27.000 13.000
18.000 37.000 17.000
21.000 43.000 38.000
15.000 29.000 32.000
