51.000 83.000 60.000
9.000 20.000 13.000
18.000 19.000 14.000
12.000 11.000 18.000
19.000 17.000 14.000
20.000 10.000 13.000
14.000 14.000 16.000
17.000 14.000 12.000
11.000 13.000 16.000
17.000 7.000 11.000
15.000 16.000 14.000
9.000 4.000 10.000
17.000 14.000 10.000
12.000 12.000 11.000
17.000 17.000 13.000
14.000 16.000 16.000
13.000 19.000 6.000
13.000 7.000 7.000
10.000 8.000 7.000
16.000 10.000 8.000
11.000 9.000 9.000
8.000 17.000 10.000
10.000 9.000 2.000
13.000 14.000 5.000
5.000 8.000 7.000
4.000 6.000 7.000
7.000 13.000 10.000
10.000 9.000 5.000
9.000 5.000 7.000
9.000 6.000 21.000
9.000 4.000 14.000
5.000 8.000 11.000
12.000 4.000 14.000
14.000 8.000 12.000
9.000 2.000 8.000
11.000 3.000 18.000
13.000 5.000 11.000
8.000 3.000 18.000
10.000 4.000 17.000
11.000 7.000 14.000
12.000 12.000 14.000
6.000 9.000 9.000
16.000 6.000 11.000
16.000 4.000 7.000
11.000 7.000 7.000
9.000 11.000 15.000
11.000 6.000 11.000
12.000 8.000 9.000
20.000 11.000 11.000
13.000 15.000 5.000
15.000 16.000 12.000
11.000 14.000 12.000
20.000 23.000 13.000
19.000 15.000 21.000
26.000 24.000 28.000
31.000 24.000 19.000
16.000 42.000 31.000
17.000 39.000 31.000
