82.000 54.000 90.000
5.000 14.000 14.000
13.000 19.000 8.000
11.000 29.000 17.000
18.000 25.000 12.000
17.000 18.000 11.000
13.000 19.000 23.000
14.000 16.000 17.000
9.000 9.000 11.000
26.000 14.000 21.000
12.000 11.000 13.000
10.000 7.000 12.000
13.000 13.000 9.000
6.000 14.000 10.000
10.000 16.000 8.000
12.000 13.000 11.000
13.000 13.000 12.000
12.000 12.000 13.000
8.000 15.000 8.000
11.000 20.000 12.000
10.000 6.000 4.000
7.000 6.000 5.000
15.000 8.000 9.000
11.000 7.000 13.000
10.000 7.000 9.000
7.000 6.000 8.000
14.000 15.000 6.000
11.000 6.000 7.000
6.000 4.000 8.000
7.000 8.000 9.000
8.000 11.000 13.000
10.000 6.000 9.000
8.000 8.000 10.000
14.000 4.000 8.000
8.000 6.000 10.000
18.000 1.000 18.000
13.000 5.000 6.000
7.000 5.000 13.000
15.000 4.000 10.000
11.000 5.000 11.000
16.000 7.000 12.000
9.000 9.000 6.000
8.000 5.000 11.000
11.000 6.000 9.000
16.000 11.000 8.000
8.000 15.000 6.000
12.000 9.000 8.000
20.000 12.000 9.000
20.000 7.000 9.000
17.000 9.000 6.000
14.000 9.000 14.000
19.000 13.000 14.000
22.000 20.000 15.000
16.000 21.000 21.000
18.000 33.000 20.000
19.000 29.000 21.000
22.000 48.000 40.000
20.000 41.000 29.000
