91.000 57.000 74.000
9.000 19.000 14.000
14.000 16.000 8.000
17.000 10.000 15.000
9.000 17.000 14.000
15.000 13.000 8.000
5.000 21.000 16.000
18.000 21.000 17.000
13.000 11.000 11.000
12.000 15.000 10.000
18.000 16.000 13.000
15.000 14.000 19.000
9.000 20.000 15.000
11.000 16.000 15.000
10.000 13.000 13.000
13.000 11.000 11.000
11.000 11.000 16.000
14.000 18.000 8.000
8.000 9.000 7.000
7.000 12.000 12.000
13.000 8.000 10.000
9.000 9.000 9.000
12.000 10.000 9.000
14.000 8.000 7.000
5.000 5.000 4.000
4.000 6.000 6.000
14.000 10.000 6.000
9.000 7.000 15.000
3.000 5.000 8.000
11.000 8.000 8.000
6.000 8.000 9.000
9.000 4.000 7.000
9.000 6.000 13.000
8.000 3.000 11.000
9.000 2.000 9.000
6.000 4.000 7.000
6.000 2.000 20.000
8.000 6.000 11.000
12.000 6.000 21.000
12.000 3.000 10.000
8.000 7.000 8.000
10.000 5.000 7.000
15.000 8.000 7.000
16.000 11.000 3.000
21.000 7.000 7.000
16.000 4.000 4.000
18.000 13.000 8.000
11.000 11.000 6.000
15.000 15.000 13.000
19.000 10.000 13.000
14.000 13.000 18.000
13.000 19.000 15.000
21.000 20.000 18.000
18.000 18.000 20.000
31.000 35.000 23.000
20.000 29.000 24.000
18.000 43.000 26.000
23.000 38.000 30.000
