97.000 65.000 64.000
10.000 26.000 25.000
16.000 16.000 14.000
11.000 15.000 26.000
19.000 26.000 24.000
21.000 19.000 14.000
12.000 17.000 16.000
13.000 18.000 17.000
17.000 13.000 10.000
9.000 10.000 20.000
15.000 6.000 13.000
6.000 16.000 8.000
5.000 11.000 7.000
12.000 13.000 15.000
10.000 7.000 7.000
11.000 11.000 7.000
10.000 14.000 10.000
6.000 14.000 8.000
8.000 8.000 6.000
9.000 4.000 4.000
7.000 4.000 3.000
8.000 5.000 4.000
7.000 10.000 3.000
5.000 6.000 3.000
9.000 3.000 8.000
14.000 5.000 4.000
8.000 6.000 7.000
8.000 10.000 9.000
5.000 9.000 8.000
8.000 8.000 7.000
6.000 5.000 9.000
6.000 6.000 8.000
5.000 5.000 11.000
4.000 2.000 9.000
11.000 3.000 9.000
10.000 1.000 7.000
10.000 6.000 10.000
11.000 3.000 5.000
2.000 4.000 11.000
11.000 2.000 6.000
4.000 2.000 8.000
6.000 5.000 5.000
7.000 6.000 4.000
10.000 4.000 5.000
7.000 9.000 6.000
11.000 6.000 6.000
9.000 7.000 6.000
11.000 5.000 4.000
9.000 5.000 6.000
12.000 4.000 4.000
10.000 4.000 4.000
14.000 12.000 16.000
23.000 12.000 10.000
23.000 18.000 20.000
28.000 31.000 23.000
31.000 39.000 42.000
29.000 48.000 36.000
31.000 61.000 54.000
