110.000 90.000 118.000
20.000 36.000 31.000
19.000 39.000 28.000
14.000 28.000 20.000
16.000 25.000 34.000
18.000 27.000 19.000
22.000 29.000 21.000
15.000 19.000 28.000
18.000 21.000 23.000
25.000 20.000 22.000
9.000 13.000 13.000
9.000 19.000 15.000
11.000 11.000 5.000
15.000 9.000 6.000
16.000 16.000 13.000
9.000 11.000 12.000
13.000 8.000 8.000
13.000 11.000 5.000
6.000 10.000 6.000
4.000 5.000 3.000
10.000 5.000 3.000
12.000 11.000 9.000
10.000 9.000 1.000
8.000 4.000 2.000
10.000 7.000 6.000
5.000 8.000 6.000
6.000 5.000 7.000
10.000 10.000 10.000
11.000 2.000 10.000
14.000 5.000 14.000
9.000 1.000 8.000
10.000 4.000 10.000
4.000 6.000 14.000
7.000 2.000 12.000
3.000 2.000 9.000
8.000 2.000 4.000
7.000 6.000 8.000
1.000 6.000 4.000
6.000 4.000 9.000
10.000 4.000 6.000
5.000 1.000 6.000
5.000 2.000 5.000
6.000 2.000 4.000
12.000 7.000 6.000
9.000 12.000 1.000
2.000 6.000 4.000
11.000 6.000 1.000
9.000 9.000 3.000
9.000 8.000 6.000
12.000 5.000 4.000
7.000 9.000 11.000
11.000 4.000 9.000
15.000 8.000 8.000
16.000 20.000 14.000
24.000 25.000 10.000
36.000 31.000 36.000
25.000 39.000 30.000
22.000 44.000 33.000
