106.000 76.000 91.000
7.000 31.000 28.000
17.000 30.000 17.000
15.000 26.000 26.000
19.000 21.000 26.000
11.000 32.000 18.000
19.000 15.000 21.000
17.000 27.000 14.000
15.000 16.000 18.000
7.000 16.000 19.000
14.000 8.000 16.000
13.000 21.000 11.000
11.000 9.000 14.000
13.000 9.000 14.000
8.000 12.000 7.000
12.000 14.000 9.000
10.000 12.000 14.000
10.000 9.000 5.000
18.000 14.000 11.000
14.000 10.000 6.000
10.000 9.000 7.000
4.000 7.000 15.000
12.000 8.000 7.000
7.000 4.000 7.000
9.000 11.000 5.000
8.000 8.000 4.000
13.000 10.000 10.000
12.000 4.000 9.000
13.000 7.000 11.000
15.000 7.000 9.000
8.000 9.000 6.000
6.000 9.000 16.000
12.000 8.000 10.000
12.000 4.000 9.000
10.000 4.000 9.000
8.000 3.000 10.000
15.000 4.000 7.000
6.000 3.000 8.000
5.000 2.000 12.000
9.000 8.000 5.000
3.000 5.000 11.000
13.000 4.000 6.000
9.000 8.000 4.000
8.000 6.000 5.000
7.000 7.000 6.000
7.000 8.000 4.000
7.000 6.000 2.000
7.000 6.000 1.000
11.000 6.000 6.000
10.000 5.000 8.000
13.000 12.000 9.000
14.000 4.000 7.000
18.000 11.000 13.000
12.000 19.000 21.000
24.000 29.000 21.000
17.000 32.000 25.000
19.000 49.000 31.000
27.000 41.000 38.000
