128.000 140.000 159.000
8.000 39.000 42.000
22.000 40.000 12.000
5.000 28.000 28.000
18.000 41.000 29.000
29.000 23.000 18.000
16.000 30.000 29.000
25.000 25.000 19.000
15.000 19.000 19.000
21.000 16.000 13.000
11.000 16.000 19.000
8.000 8.000 17.000
25.000 15.000 4.000
12.000 11.000 8.000
12.000 20.000 13.000
15.000 8.000 10.000
14.000 10.000 10.000
11.000 14.000 12.000
16.000 5.000 4.000
15.000 5.000 5.000
13.000 6.000 6.000
13.000 3.000 14.000
13.000 3.000 10.000
11.000 8.000 5.000
14.000 5.000 6.000
11.000 6.000 6.000
18.000 5.000 11.000
10.000 3.000 9.000
9.000 7.000 17.000
9.000 6.000 16.000
12.000 0.000 7.000
8.000 6.000 24.000
9.000 6.000 17.000
5.000 4.000 9.000
14.000 8.000 10.000
6.000 4.000 12.000
6.000 2.000 10.000
7.000 6.000 7.000
9.000 5.000 11.000
7.000 4.000 6.000
6.000 6.000 8.000
3.000 5.000 2.000
10.000 10.000 6.000
5.000 10.000 6.000
3.000 14.000 2.000
8.000 12.000 4.000
8.000 10.000 3.000
4.000 11.000 9.000
8.000 9.000 0.000
9.000 12.000 9.000
7.000 7.000 9.000
9.000 12.000 14.000
8.000 13.000 8.000
16.000 10.000 7.000
13.000 11.000 18.000
17.000 19.000 24.000
14.000 22.000 14.000
8.000 31.000 17.000
