74.000 75.000 75.000
8.000 27.000 29.000
23.000 24.000 7.000
7.000 18.000 18.000
13.000 19.000 21.000
15.000 14.000 8.000
13.000 13.000 20.000
14.000 7.000 14.000
13.000 11.000 21.000
10.000 9.000 18.000
14.000 18.000 11.000
11.000 9.000 9.000
12.000 10.000 9.000
14.000 14.000 12.000
13.000 15.000 10.000
11.000 14.000 8.000
14.000 15.000 8.000
11.000 12.000 10.000
15.000 9.000 5.000
8.000 10.000 8.000
12.000 3.000 6.000
9.000 9.000 6.000
7.000 19.000 6.000
10.000 5.000 4.000
10.000 5.000 8.000
12.000 11.000 7.000
9.000 12.000 10.000
6.000 13.000 7.000
11.000 9.000 9.000
8.000 6.000 7.000
10.000 7.000 10.000
11.000 7.000 13.000
10.000 7.000 12.000
12.000 2.000 18.000
7.000 11.000 9.000
7.000 3.000 17.000
3.000 6.000 12.000
8.000 3.000 18.000
10.000 6.000 11.000
7.000 3.000 12.000
10.000 6.000 8.000
10.000 4.000 8.000
12.000 4.000 6.000
13.000 7.000 2.000
13.000 6.000 5.000
14.000 8.000 1.000
9.000 8.000 8.000
9.000 12.000 8.000
16.000 5.000 7.000
14.000 10.000 6.000
9.000 7.000 15.000
12.000 10.000 9.000
18.000 14.000 16.000
22.000 25.000 23.000
14.000 32.000 16.000
16.000 43.000 27.000
29.000 51.000 33.000
24.000 43.000 31.000
