69.000 79.000 70.000
9.000 21.000 19.000
18.000 19.000 8.000
7.000 20.000 12.000
22.000 17.000 24.000
20.000 13.000 7.000
17.000 12.000 12.000
16.000 12.000 18.000
14.000 15.000 10.000
13.000 15.000 9.000
12.000 10.000 12.000
8.000 7.000 12.000
14.000 16.000 6.000
11.000 13.000 8.000
9.000 12.000 11.000
9.000 7.000 8.000
7.000 10.000 6.000
11.000 17.000 7.000
9.000 6.000 11.000
10.000 7.000 3.000
4.000 10.000 8.000
6.000 10.000 5.000
9.000 10.000 9.000
6.000 6.000 9.000
6.000 11.000 2.000
7.000 7.000 5.000
9.000 11.000 7.000
5.000 12.000 9.000
9.000 8.000 6.000
10.000 7.000 8.000
13.000 0.000 13.000
13.000 10.000 18.000
10.000 4.000 14.000
4.000 7.000 8.000
9.000 5.000 10.000
11.000 7.000 10.000
15.000 6.000 13.000
2.000 1.000 16.000
9.000 6.000 8.000
6.000 9.000 15.000
8.000 6.000 11.000
7.000 11.000 11.000
3.000 5.000 11.000
7.000 6.000 7.000
6.000 8.000 10.000
7.000 4.000 5.000
8.000 4.000 1.000
8.000 6.000 6.000
13.000 6.000 10.000
13.000 10.000 8.000
15.000 8.000 12.000
12.000 12.000 11.000
19.000 14.000 9.000
25.000 19.000 21.000
36.000 30.000 13.000
38.000 37.000 19.000
28.000 41.000 24.000
36.000 50.000 38.000
