85.000 73.000 95.000
5.000 24.000 14.000
7.000 25.000 11.000
7.000 18.000 13.000
25.000 20.000 20.000
28.000 19.000 14.000
7.000 18.000 22.000
24.000 14.000 20.000
13.000 12.000 17.000
10.000 10.000 17.000
11.000 12.000 14.000
13.000 9.000 17.000
15.000 19.000 8.000
12.000 17.000 10.000
11.000 15.000 13.000
10.000 17.000 13.000
14.000 16.000 12.000
14.000 11.000 9.000
13.000 10.000 9.000
10.000 7.000 8.000
4.000 6.000 5.000
10.000 6.000 11.000
14.000 5.000 13.000
10.000 9.000 7.000
5.000 7.000 5.000
13.000 12.000 7.000
6.000 15.000 7.000
8.000 6.000 7.000
8.000 13.000 9.000
10.000 8.000 8.000
12.000 7.000 11.000
7.000 9.000 10.000
15.000 5.000 15.000
12.000 2.000 10.000
11.000 8.000 6.000
11.000 3.000 13.000
9.000 4.000 9.000
13.000 3.000 8.000
11.000 8.000 9.000
7.000 2.000 9.000
5.000 3.000 8.000
8.000 9.000 4.000
17.000 5.000 4.000
5.000 9.000 8.000
12.000 7.000 7.000
8.000 5.000 5.000
9.000 6.000 4.000
14.000 8.000 7.000
12.000 4.000 2.000
13.000 12.000 10.000
17.000 14.000 12.000
23.000 7.000 14.000
19.000 14.000 17.000
20.000 13.000 23.000
22.000 28.000 18.000
22.000 36.000 29.000
24.000 35.000 38.000
14.000 50.000 39.000
