206.000 106.000 71.000
9.000 25.000 32.000
17.000 38.000 14.000
13.000 28.000 14.000
16.000 24.000 33.000
19.000 23.000 23.000
26.000 19.000 18.000
17.000 18.000 31.000
20.000 15.000 18.000
17.000 18.000 10.000
18.000 18.000 19.000
10.000 20.000 19.000
17.000 13.000 17.000
10.000 18.000 13.000
15.000 18.000 11.000
13.000 8.000 21.000
11.000 12.000 10.000
11.000 11.000 9.000
9.000 16.000 15.000
13.000 6.000 5.000
16.000 6.000 5.000
10.000 10.000 5.000
13.000 12.000 6.000
13.000 12.000 7.000
9.000 9.000 4.000
12.000 4.000 8.000
11.000 5.000 10.000
6.000 8.000 14.000
5.000 9.000 8.000
5.000 12.000 12.000
11.000 1.000 13.000
11.000 6.000 13.000
6.000 4.000 10.000
13.000 5.000 10.000
10.000 4.000 16.000
9.000 3.000 9.000
8.000 5.000 13.000
3.000 6.000 11.000
7.000 5.000 11.000
7.000 2.000 11.000
13.000 7.000 10.000
6.000 8.000 6.000
5.000 6.000 6.000
9.000 7.000 7.000
6.000 11.000 7.000
6.000 4.000 5.000
8.000 10.000 8.000
5.000 8.000 8.000
8.000 12.000 6.000
11.000 14.000 7.000
10.000 9.000 10.000
10.000 15.000 11.000
11.000 11.000 10.000
24.000 16.000 19.000
23.000 24.000 20.000
23.000 19.000 18.000
15.000 31.000 23.000
13.000 31.000 22.000
