82.000 70.000 81.000
10.000 24.000 24.000
10.000 34.000 22.000
11.000 24.000 28.000
13.000 20.000 17.000
14.000 26.000 12.000
17.000 26.000 18.000
20.000 27.000 21.000
19.000 19.000 18.000
20.000 17.000 16.000
17.000 15.000 13.000
17.000 12.000 22.000
16.000 11.000 9.000
11.000 16.000 13.000
5.000 24.000 16.000
14.000 15.000 21.000
15.000 13.000 18.000
13.000 19.000 12.000
21.000 11.000 8.000
22.000 8.000 6.000
10.000 13.000 14.000
17.000 11.000 4.000
6.000 13.000 8.000
15.000 11.000 9.000
9.000 8.000 7.000
13.000 7.000 9.000
10.000 6.000 9.000
7.000 10.000 10.000
13.000 5.000 17.000
9.000 6.000 7.000
9.000 7.000 10.000
6.000 5.000 9.000
9.000 4.000 11.000
10.000 6.000 13.000
7.000 1.000 11.000
13.000 2.000 9.000
10.000 4.000 12.000
13.000 7.000 8.000
9.000 8.000 10.000
4.000 2.000 7.000
9.000 9.000 13.000
4.000 8.000 7.000
2.000 5.000 10.000
14.000 8.000 5.000
14.000 14.000 7.000
11.000 8.000 4.000
14.000 7.000 9.000
11.000 7.000 8.000
7.000 8.000 4.000
10.000 14.000 11.000
20.000 8.000 7.000
17.000 9.000 8.000
16.000 13.000 18.000
21.000 13.000 15.000
10.000 19.000 24.000
13.000 34.000 22.000
11.000 35.000 17.000
18.000 29.000 14.000
