92.000 70.000 92.000
6.000 35.000 22.000
22.000 23.000 19.000
14.000 25.000 15.000
17.000 24.000 22.000
25.000 11.000 22.000
9.000 25.000 15.000
14.000 14.000 13.000
12.000 16.000 12.000
14.000 9.000 14.000
6.000 2.000 9.000
14.000 6.000 9.000
15.000 12.000 6.000
15.000 6.000 10.000
8.000 11.000 5.000
5.000 8.000 8.000
5.000 10.000 4.000
3.000 7.000 7.000
4.000 5.000 9.000
8.000 4.000 7.000
8.000 6.000 3.000
8.000 4.000 4.000
8.000 9.000 3.000
5.000 5.000 2.000
12.000 9.000 8.000
6.000 8.000 4.000
5.000 8.000 13.000
15.000 11.000 12.000
7.000 10.000 12.000
9.000 5.000 15.000
5.000 7.000 14.000
7.000 5.000 11.000
8.000 2.000 16.000
11.000 6.000 10.000
8.000 2.000 16.000
4.000 5.000 13.000
10.000 5.000 9.000
5.000 5.000 11.000
11.000 8.000 12.000
11.000 5.000 5.000
6.000 3.000 7.000
9.000 8.000 8.000
10.000 8.000 13.000
11.000 11.000 4.000
20.000 13.000 13.000
9.000 11.000 9.000
13.000 9.000 10.000
14.000 10.000 6.000
11.000 13.000 9.000
11.000 13.000 8.000
17.000 12.000 10.000
16.000 17.000 16.000
30.000 14.000 25.000
20.000 19.000 17.000
35.000 26.000 20.000
21.000 32.000 28.000
20.000 36.000 34.000
17.000 44.000 37.000
