58.000 25.000 75.000
9.000 15.000 13.000
16.000 8.000 11.000
11.000 18.000 3.000
10.000 14.000 9.000
9.000 17.000 7.000
9.000 9.000 7.000
10.000 9.000 7.000
5.000 11.000 9.000
10.000 9.000 8.000
7.000 5.000 6.000
9.000 7.000 6.000
11.000 10.000 9.000
10.000 7.000 8.000
5.000 10.000 9.000
12.000 7.000 7.000
10.000 8.000 5.000
2.000 8.000 9.000
6.000 10.000 9.000
9.000 6.000 12.000
13.000 4.000 8.000
4.000 6.000 10.000
7.000 1.000 7.000
15.000 6.000 7.000
9.000 5.000 11.000
3.000 8.000 12.000
10.000 7.000 8.000
8.000 7.000 13.000
9.000 5.000 13.000
11.000 3.000 11.000
15.000 3.000 9.000
6.000 2.000 11.000
7.000 4.000 14.000
13.000 3.000 8.000
13.000 4.000 14.000
17.000 3.000 11.000
11.000 2.000 10.000
14.000 6.000 8.000
13.000 6.000 9.000
9.000 3.000 8.000
11.000 3.000 8.000
13.000 3.000 2.000
17.000 8.000 6.000
15.000 8.000 9.000
13.000 9.000 13.000
12.000 10.000 19.000
23.000 13.000 16.000
20.000 14.000 22.000
19.000 21.000 12.000
19.000 12.000 14.000
21.000 16.000 14.000
23.000 15.000 23.000
30.000 21.000 23.000
25.000 29.000 20.000
32.000 25.000 28.000
23.000 37.000 39.000
28.000 36.000 33.000
20.000 50.000 45.000
