91.000 46.000 52.000
8.000 19.000 23.000
16.000 17.000 14.000
5.000 18.000 17.000
7.000 10.000 11.000
10.000 15.000 8.000
8.000 10.000 8.000
10.000 15.000 12.000
9.000 13.000 11.000
6.000 12.000 10.000
7.000 9.000 7.000
4.000 11.000 6.000
9.000 6.000 5.000
9.000 12.000 8.000
5.000 9.000 7.000
7.000 8.000 4.000
12.000 7.000 7.000
9.000 10.000 5.000
11.000 8.000 6.000
7.000 8.000 4.000
8.000 4.000 5.000
7.000 12.000 6.000
10.000 8.000 11.000
7.000 5.000 3.000
14.000 6.000 4.000
7.000 4.000 6.000
13.000 10.000 11.000
8.000 9.000 12.000
13.000 11.000 6.000
11.000 3.000 8.000
8.000 4.000 6.000
12.000 4.000 11.000
7.000 2.000 12.000
8.000 3.000 17.000
10.000 1.000 14.000
10.000 3.000 15.000
13.000 6.000 11.000
9.000 2.000 10.000
12.000 4.000 12.000
15.000 3.000 3.000
9.000 2.000 6.000
10.000 3.000 8.000
11.000 6.000 8.000
9.000 12.000 8.000
12.000 11.000 8.000
10.000 11.000 8.000
10.000 7.000 10.000
21.000 15.000 8.000
17.000 14.000 6.000
12.000 11.000 15.000
11.000 11.000 16.000
17.000 17.000 19.000
13.000 18.000 20.000
30.000 23.000 22.000
22.000 34.000 20.000
30.000 40.000 26.000
32.000 53.000 24.000
34.000 63.000 52.000
