84.000 52.000 46.000
11.000 22.000 24.000
16.000 19.000 13.000
13.000 24.000 18.000
10.000 24.000 14.000
15.000 10.000 11.000
18.000 18.000 20.000
8.000 11.000 11.000
11.000 11.000 11.000
13.000 3.000 9.000
14.000 8.000 6.000
12.000 12.000 10.000
7.000 7.000 6.000
4.000 8.000 7.000
9.000 8.000 5.000
8.000 5.000 8.000
6.000 11.000 5.000
11.000 5.000 3.000
3.000 5.000 12.000
7.000 6.000 4.000
10.000 8.000 5.000
7.000 5.000 4.000
7.000 3.000 1.000
9.000 3.000 6.000
7.000 2.000 2.000
14.000 6.000 2.000
13.000 6.000 5.000
7.000 8.000 8.000
11.000 3.000 5.000
12.000 6.000 8.000
13.000 5.000 5.000
18.000 5.000 6.000
8.000 3.000 7.000
15.000 2.000 2.000
14.000 2.000 10.000
19.000 0.000 4.000
22.000 2.000 2.000
15.000 1.000 6.000
19.000 3.000 4.000
15.000 3.000 5.000
15.000 3.000 6.000
18.000 2.000 2.000
22.000 2.000 6.000
13.000 8.000 2.000
11.000 5.000 2.000
16.000 4.000 7.000
18.000 5.000 8.000
19.000 3.000 8.000
16.000 8.000 4.000
16.000 7.000 10.000
19.000 12.000 11.000
21.000 19.000 21.000
25.000 25.000 10.000
18.000 34.000 34.000
18.000 37.000 32.000
24.000 41.000 33.000
24.000 60.000 27.000
19.000 64.000 57.000
