107.000 96.000 101.000
10.000 39.000 42.000
34.000 32.000 18.000
15.000 25.000 34.000
36.000 21.000 20.000
22.000 24.000 11.000
23.000 20.000 19.000
12.000 18.000 16.000
11.000 16.000 18.000
18.000 11.000 13.000
18.000 14.000 9.000
19.000 14.000 12.000
15.000 20.000 16.000
16.000 15.000 15.000
11.000 14.000 19.000
7.000 13.000 10.000
10.000 11.000 17.000
12.000 13.000 9.000
6.000 4.000 5.000
10.000 10.000 7.000
9.000 6.000 3.000
12.000 3.000 7.000
5.000 7.000 6.000
8.000 4.000 4.000
6.000 7.000 5.000
9.000 7.000 9.000
12.000 10.000 10.000
7.000 8.000 8.000
7.000 11.000 9.000
6.000 4.000 10.000
9.000 6.000 7.000
6.000 6.000 8.000
4.000 6.000 7.000
9.000 1.000 5.000
5.000 4.000 6.000
1.000 4.000 7.000
7.000 3.000 8.000
4.000 3.000 11.000
4.000 5.000 7.000
3.000 3.000 7.000
6.000 4.000 3.000
5.000 5.000 7.000
8.000 8.000 3.000
4.000 5.000 5.000
4.000 6.000 5.000
2.000 5.000 2.000
10.000 2.000 3.000
5.000 6.000 1.000
4.000 5.000 4.000
9.000 7.000 4.000
12.000 7.000 8.000
12.000 6.000 11.000
15.000 6.000 13.000
15.000 15.000 12.000
24.000 19.000 24.000
18.000 32.000 22.000
33.000 33.000 41.000
30.000 53.000 35.000
