91.000 86.000 76.000
12.000 20.000 18.000
21.000 25.000 18.000
17.000 21.000 16.000
25.000 18.000 21.000
20.000 28.000 22.000
14.000 23.000 27.000
14.000 23.000 23.000
20.000 12.000 25.000
16.000 16.000 19.000
14.000 23.000 20.000
17.000 21.000 21.000
14.000 13.000 12.000
16.000 25.000 19.000
13.000 12.000 17.000
15.000 30.000 15.000
18.000 22.000 10.000
18.000 15.000 15.000
16.000 15.000 8.000
9.000 11.000 8.000
19.000 11.000 8.000
11.000 4.000 7.000
9.000 12.000 7.000
7.000 5.000 9.000
8.000 8.000 6.000
15.000 12.000 7.000
17.000 4.000 11.000
10.000 7.000 12.000
14.000 7.000 10.000
5.000 5.000 12.000
8.000 5.000 8.000
13.000 4.000 8.000
7.000 8.000 10.000
14.000 4.000 13.000
11.000 7.000 15.000
5.000 1.000 14.000
9.000 5.000 8.000
11.000 2.000 8.000
8.000 3.000 4.000
10.000 7.000 13.000
10.000 8.000 15.000
8.000 9.000 11.000
8.000 4.000 9.000
11.000 9.000 6.000
11.000 10.000 10.000
16.000 14.000 12.000
14.000 10.000 4.000
15.000 10.000 8.000
10.000 11.000 9.000
9.000 16.000 10.000
10.000 11.000 7.000
12.000 10.000 7.000
17.000 7.000 15.000
17.000 18.000 27.000
16.000 15.000 15.000
17.000 19.000 16.000
19.000 27.000 27.000
19.000 29.000 18.000
