100.000 74.000 66.000
6.000 27.000 25.000
25.000 24.000 10.000
11.000 12.000 24.000
16.000 25.000 27.000
22.000 22.000 23.000
17.000 24.000 30.000
17.000 15.000 26.000
8.000 12.000 12.000
14.000 20.000 19.000
9.000 14.000 10.000
10.000 10.000 9.000
9.000 8.000 10.000
10.000 10.000 7.000
9.000 10.000 11.000
8.000 11.000 4.000
10.000 10.000 6.000
5.000 8.000 7.000
5.000 4.000 3.000
7.000 9.000 2.000
5.000 8.000 7.000
9.000 7.000 2.000
14.000 4.000 2.000
8.000 4.000 2.000
6.000 6.000 9.000
5.000 4.000 2.000
6.000 7.000 7.000
3.000 4.000 10.000
3.000 6.000 4.000
10.000 2.000 8.000
7.000 4.000 8.000
13.000 2.000 3.000
5.000 2.000 3.000
7.000 2.000 4.000
3.000 1.000 7.000
3.000 1.000 8.000
5.000 1.000 3.000
7.000 3.000 9.000
2.000 3.000 8.000
9.000 4.000 7.000
10.000 3.000 6.000
9.000 3.000 7.000
5.000 3.000 3.000
5.000 4.000 2.000
8.000 6.000 3.000
14.000 8.000 3.000
6.000 4.000 4.000
8.000 9.000 7.000
12.000 8.000 7.000
9.000 7.000 10.000
14.000 7.000 13.000
13.000 8.000 13.000
15.000 5.000 23.000
24.000 14.000 25.000
33.000 35.000 24.000
42.000 36.000 35.000
22.000 46.000 52.000
33.000 66.000 49.000
