91.000 59.000 56.000
9.000 21.000 15.000
10.000 18.000 15.000
15.000 13.000 13.000
10.000 14.000 19.000
12.000 22.000 17.000
11.000 22.000 24.000
10.000 16.000 19.000
9.000 17.000 28.000
14.000 9.000 13.000
10.000 15.000 11.000
11.000 7.000 14.000
12.000 12.000 11.000
8.000 17.000 12.000
14.000 19.000 8.000
11.000 10.000 11.000
8.000 13.000 12.000
15.000 17.000 9.000
8.000 12.000 8.000
9.000 5.000 8.000
8.000 9.000 4.000
14.000 7.000 11.000
12.000 7.000 9.000
6.000 8.000 9.000
11.000 7.000 11.000
13.000 11.000 6.000
14.000 10.000 4.000
6.000 5.000 10.000
11.000 7.000 10.000
8.000 7.000 10.000
5.000 6.000 10.000
8.000 9.000 13.000
12.000 3.000 7.000
8.000 6.000 9.000
12.000 1.000 7.000
10.000 2.000 11.000
9.000 1.000 10.000
6.000 4.000 9.000
8.000 1.000 10.000
13.000 5.000 9.000
12.000 5.000 8.000
12.000 9.000 5.000
14.000 8.000 8.000
14.000 8.000 10.000
11.000 7.000 5.000
10.000 9.000 7.000
16.000 4.000 3.000
10.000 6.000 7.000
20.000 7.000 2.000
11.000 12.000 10.000
14.000 12.000 12.000
16.000 20.000 13.000
12.000 24.000 16.000
21.000 25.000 18.000
35.000 29.000 26.000
24.000 41.000 17.000
29.000 37.000 27.000
27.000 47.000 43.000
