96.000 73.000 85.000
10.000 27.000 22.000
11.000 26.000 18.000
9.000 24.000 25.000
19.000 22.000 18.000
12.000 15.000 8.000
16.000 16.000 17.000
16.000 16.000 24.000
10.000 13.000 10.000
11.000 14.000 14.000
7.000 11.000 9.000
13.000 12.000 8.000
11.000 5.000 9.000
7.000 6.000 9.000
10.000 8.000 10.000
14.000 13.000 6.000
11.000 7.000 8.000
6.000 7.000 5.000
9.000 10.000 7.000
11.000 9.000 4.000
7.000 7.000 1.000
9.000 4.000 4.000
4.000 2.000 7.000
7.000 10.000 4.000
5.000 5.000 7.000
6.000 10.000 3.000
2.000 8.000 5.000
5.000 7.000 9.000
3.000 4.000 13.000
8.000 8.000 6.000
12.000 4.000 6.000
11.000 3.000 9.000
8.000 4.000 11.000
7.000 4.000 9.000
4.000 3.000 4.000
7.000 3.000 8.000
6.000 2.000 11.000
7.000 11.000 9.000
10.000 8.000 6.000
12.000 3.000 10.000
9.000 3.000 3.000
7.000 2.000 4.000
7.000 5.000 6.000
12.000 5.000 7.000
12.000 7.000 6.000
11.000 12.000 6.000
19.000 1.000 4.000
20.000 10.000 5.000
18.000 13.000 7.000
19.000 8.000 8.000
13.000 15.000 12.000
22.000 13.000 17.000
24.000 12.000 22.000
20.000 25.000 21.000
23.000 33.000 16.000
27.000 36.000 29.000
36.000 45.000 42.000
22.000 60.000 49.000
