92.000 58.000 70.000
10.000 27.000 28.000
16.000 28.000 11.000
5.000 13.000 17.000
11.000 17.000 22.000
18.000 10.000 12.000
19.000 15.000 11.000
17.000 12.000 15.000
11.000 15.000 13.000
11.000 6.000 13.000
9.000 11.000 9.000
9.000 10.000 13.000
13.000 13.000 9.000
7.000 13.000 6.000
8.000 12.000 13.000
10.000 9.000 8.000
8.000 6.000 5.000
9.000 10.000 9.000
10.000 15.000 5.000
13.000 7.000 7.000
11.000 7.000 8.000
7.000 10.000 5.000
9.000 9.000 8.000
15.000 13.000 7.000
6.000 5.000 8.000
14.000 15.000 5.000
5.000 14.000 8.000
7.000 11.000 10.000
7.000 10.000 13.000
13.000 7.000 4.000
13.000 6.000 12.000
10.000 6.000 13.000
12.000 4.000 9.000
10.000 8.000 6.000
12.000 1.000 11.000
5.000 3.000 10.000
14.000 3.000 8.000
5.000 1.000 4.000
10.000 6.000 14.000
13.000 4.000 8.000
12.000 5.000 5.000
6.000 9.000 11.000
18.000 6.000 10.000
16.000 13.000 9.000
16.000 2.000 5.000
20.000 5.000 6.000
18.000 5.000 10.000
16.000 10.000 9.000
17.000 7.000 3.000
15.000 10.000 11.000
26.000 16.000 7.000
10.000 11.000 12.000
17.000 21.000 14.000
23.000 22.000 13.000
27.000 26.000 23.000
26.000 40.000 31.000
15.000 36.000 38.000
14.000 59.000 52.000
