106.000 72.000 74.000
16.000 24.000 22.000
17.000 30.000 26.000
11.000 26.000 15.000
15.000 24.000 14.000
22.000 17.000 17.000
9.000 15.000 22.000
8.000 20.000 17.000
13.000 18.000 19.000
16.000 7.000 7.000
6.000 11.000 15.000
6.000 12.000 14.000
13.000 6.000 7.000
8.000 13.000 8.000
12.000 10.000 9.000
9.000 11.000 13.000
12.000 13.000 10.000
7.000 11.000 7.000
8.000 4.000 5.000
9.000 4.000 1.000
7.000 7.000 9.000
10.000 10.000 6.000
8.000 4.000 5.000
7.000 7.000 4.000
6.000 7.000 4.000
9.000 8.000 7.000
7.000 11.000 9.000
6.000 7.000 5.000
9.000 9.000 5.000
6.000 4.000 12.000
4.000 0.000 9.000
6.000 1.000 16.000
5.000 2.000 10.000
6.000 3.000 8.000
7.000 0.000 6.000
9.000 0.000 9.000
9.000 1.000 9.000
7.000 4.000 8.000
10.000 3.000 7.000
13.000 1.000 5.000
7.000 7.000 1.000
14.000 8.000 8.000
9.000 6.000 4.000
8.000 2.000 2.000
9.000 7.000 4.000
12.000 6.000 4.000
6.000 7.000 4.000
13.000 4.000 4.000
12.000 6.000 5.000
15.000 11.000 3.000
14.000 6.000 6.000
6.000 15.000 10.000
11.000 14.000 8.000
17.000 21.000 23.000
24.000 27.000 34.000
31.000 35.000 46.000
30.000 61.000 31.000
28.000 58.000 38.000
