103.000 59.000 70.000
0.000 21.000 26.000
17.000 24.000 10.000
12.000 19.000 20.000
15.000 12.000 11.000
14.000 17.000 14.000
12.000 11.000 18.000
12.000 13.000 11.000
9.000 9.000 11.000
12.000 13.000 8.000
9.000 8.000 9.000
15.000 13.000 4.000
10.000 7.000 10.000
5.000 12.000 9.000
16.000 15.000 7.000
8.000 19.000 10.000
13.000 9.000 5.000
10.000 9.000 12.000
13.000 12.000 9.000
3.000 12.000 7.000
9.000 4.000 6.000
5.000 8.000 9.000
11.000 12.000 6.000
5.000 10.000 7.000
10.000 4.000 2.000
4.000 6.000 6.000
6.000 2.000 12.000
10.000 3.000 5.000
4.000 4.000 8.000
6.000 9.000 8.000
4.000 5.000 7.000
7.000 4.000 7.000
7.000 3.000 5.000
5.000 3.000 13.000
4.000 6.000 3.000
6.000 4.000 12.000
10.000 3.000 14.000
7.000 5.000 8.000
10.000 1.000 8.000
10.000 8.000 7.000
8.000 3.000 7.000
9.000 5.000 7.000
7.000 4.000 5.000
3.000 11.000 6.000
18.000 6.000 4.000
5.000 6.000 2.000
12.000 3.000 4.000
15.000 6.000 7.000
14.000 6.000 5.000
18.000 7.000 6.000
19.000 10.000 8.000
18.000 15.000 11.000
32.000 14.000 23.000
28.000 21.000 14.000
35.000 31.000 24.000
24.000 44.000 28.000
24.000 43.000 36.000
29.000 57.000 34.000
