75.000 81.000 81.000
10.000 20.000 22.000
32.000 26.000 15.000
13.000 22.000 25.000
27.000 19.000 22.000
21.000 20.000 19.000
14.000 21.000 28.000
19.000 14.000 15.000
15.000 18.000 13.000
11.000 10.000 11.000
6.000 14.000 17.000
14.000 11.000 12.000
11.000 9.000 11.000
8.000 17.000 12.000
14.000 13.000 13.000
10.000 10.000 6.000
7.000 8.000 7.000
14.000 7.000 8.000
9.000 9.000 5.000
6.000 6.000 4.000
7.000 7.000 9.000
6.000 6.000 2.000
8.000 5.000 2.000
2.000 2.000 6.000
7.000 5.000 1.000
5.000 12.000 9.000
6.000 5.000 12.000
5.000 11.000 11.000
8.000 6.000 10.000
3.000 8.000 5.000
8.000 6.000 3.000
5.000 5.000 10.000
11.000 5.000 13.000
7.000 6.000 8.000
3.000 3.000 5.000
8.000 3.000 1.000
10.000 3.000 7.000
3.000 3.000 12.000
11.000 3.000 10.000
8.000 6.000 11.000
10.000 2.000 8.000
2.000 4.000 10.000
4.000 7.000 2.000
11.000 6.000 2.000
10.000 5.000 7.000
7.000 8.000 2.000
6.000 8.000 4.000
7.000 7.000 6.000
10.000 3.000 3.000
8.000 6.000 8.000
12.000 4.000 13.000
14.000 8.000 13.000
13.000 12.000 11.000
19.000 13.000 9.000
25.000 27.000 19.000
18.000 34.000 39.000
26.000 47.000 42.000
37.000 68.000 50.000
