72.000 60.000 61.000
5.000 15.000 7.000
12.000 16.000 10.000
7.000 11.000 11.000
9.000 7.000 10.000
11.000 10.000 9.000
11.000 15.000 7.000
8.000 9.000 14.000
12.000 2.000 13.000
10.000 7.000 12.000
7.000 12.000 15.000
4.000 13.000 7.000
14.000 11.000 10.000
10.000 15.000 6.000
13.000 17.000 9.000
11.000 14.000 4.000
9.000 15.000 9.000
15.000 11.000 9.000
10.000 15.000 8.000
10.000 15.000 10.000
10.000 17.000 3.000
4.000 8.000 9.000
10.000 11.000 10.000
11.000 11.000 12.000
12.000 11.000 7.000
13.000 6.000 10.000
9.000 10.000 13.000
12.000 9.000 7.000
10.000 7.000 19.000
10.000 11.000 24.000
14.000 6.000 13.000
17.000 6.000 11.000
19.000 3.000 13.000
8.000 6.000 23.000
8.000 4.000 9.000
7.000 5.000 18.000
8.000 3.000 13.000
9.000 5.000 15.000
8.000 8.000 12.000
16.000 7.000 20.000
7.000 10.000 14.000
12.000 6.000 12.000
11.000 7.000 7.000
14.000 13.000 9.000
15.000 11.000 16.000
16.000 11.000 16.000
10.000 10.000 8.000
15.000 23.000 5.000
17.000 14.000 9.000
10.000 15.000 11.000
20.000 20.000 10.000
25.000 9.000 10.000
22.000 26.000 16.000
25.000 22.000 14.000
30.000 39.000 16.000
12.000 28.000 25.000
29.000 46.000 14.000
25.000 35.000 30.000
