68.000 68.000 68.000
25.000 25.000 25.000
24.000 24.000 24.000
20.000 20.000 20.000
20.000 20.000 20.000
18.000 18.000 18.000
30.000 30.000 30.000
21.000 21.000 21.000
14.000 14.000 14.000
11.000 11.000 11.000
11.000 11.000 11.000
16.000 16.000 16.000
12.000 12.000 12.000
35.000 35.000 35.000
34.000 34.000 34.000
22.000 22.000 22.000
16.000 16.000 16.000
17.000 17.000 17.000
5.000 5.000 5.000
8.000 8.000 8.000
4.000 4.000 4.000
0.000 0.000 0.000
0.000 0.000 0.000
2.000 2.000 2.000
3.000 3.000 3.000
7.000 7.000 7.000
5.000 5.000 5.000
3.000 3.000 3.000
2.000 2.000 2.000
5.000 5.000 5.000
1.000 1.000 1.000
0.000 0.000 0.000
0.000 0.000 0.000
0.000 0.000 0.000
0.000 0.000 0.000
0.000 0.000 0.000
0.000 0.000 0.000
0.000 0.000 0.000
0.000 0.000 0.000
0.000 0.000 0.000
0.000 0.000 0.000
0.000 0.000 0.000
0.000 0.000 0.000
0.000 0.000 0.000
0.000 0.000 0.000
0.000 0.000 0.000
0.000 0.000 0.000
0.000 0.000 0.000
0.000 0.000 0.000
0.000 0.000 0.000
0.000 0.000 0.000
2.000 2.000 2.000
1.000 1.000 1.000
1.000 1.000 1.000
9.000 9.000 9.000
26.000 26.000 26.000
59.000 59.000 59.000
112.000 112.000 112.000
