87.000 76.000 74.000
11.000 36.000 23.000
25.000 24.000 13.000
12.000 18.000 20.000
25.000 20.000 26.000
25.000 19.000 13.000
17.000 20.000 22.000
15.000 12.000 16.000
8.000 11.000 14.000
10.000 13.000 9.000
9.000 4.000 12.000
9.000 12.000 14.000
10.000 8.000 7.000
11.000 10.000 10.000
6.000 10.000 6.000
5.000 2.000 10.000
6.000 6.000 5.000
7.000 15.000 6.000
3.000 4.000 4.000
9.000 4.000 4.000
4.000 3.000 1.000
5.000 5.000 4.000
4.000 6.000 5.000
7.000 5.000 3.000
7.000 3.000 1.000
4.000 9.000 6.000
10.000 10.000 5.000
7.000 7.000 7.000
9.000 10.000 8.000
10.000 3.000 7.000
7.000 6.000 10.000
10.000 4.000 9.000
2.000 5.000 10.000
5.000 3.000 8.000
4.000 3.000 8.000
5.000 1.000 6.000
7.000 5.000 7.000
7.000 3.000 4.000
1.000 4.000 6.000
6.000 4.000 4.000
6.000 2.000 1.000
6.000 6.000 1.000
4.000 2.000 3.000
2.000 1.000 10.000
3.000 2.000 1.000
5.000 6.000 4.000
4.000 5.000 1.000
7.000 2.000 2.000
7.000 3.000 3.000
14.000 7.000 4.000
10.000 5.000 5.000
14.000 7.000 6.000
17.000 13.000 14.000
22.000 13.000 18.000
30.000 34.000 24.000
45.000 48.000 41.000
45.000 67.000 38.000
52.000 80.000 57.000
