115.000 67.000 108.000
20.000 37.000 41.000
27.000 40.000 29.000
24.000 52.000 36.000
27.000 35.000 32.000
39.000 26.000 31.000
22.000 27.000 23.000
17.000 34.000 23.000
19.000 17.000 25.000
21.000 20.000 16.000
8.000 20.000 8.000
19.000 10.000 13.000
16.000 15.000 16.000
15.000 14.000 18.000
16.000 19.000 19.000
16.000 17.000 11.000
14.000 11.000 10.000
9.000 10.000 13.000
13.000 7.000 4.000
7.000 5.000 4.000
10.000 5.000 7.000
9.000 6.000 2.000
7.000 4.000 3.000
7.000 3.000 1.000
5.000 10.000 5.000
8.000 5.000 8.000
7.000 4.000 10.000
5.000 4.000 6.000
6.000 5.000 3.000
10.000 3.000 12.000
3.000 4.000 4.000
2.000 6.000 7.000
1.000 1.000 7.000
6.000 3.000 4.000
4.000 1.000 3.000
4.000 0.000 2.000
7.000 1.000 5.000
1.000 4.000 3.000
3.000 2.000 2.000
6.000 2.000 4.000
3.000 4.000 3.000
2.000 5.000 4.000
6.000 6.000 0.000
6.000 2.000 2.000
4.000 3.000 1.000
9.000 3.000 0.000
5.000 2.000 3.000
3.000 0.000 5.000
9.000 3.000 2.000
6.000 2.000 8.000
9.000 2.000 8.000
11.000 2.000 6.000
15.000 7.000 9.000
20.000 11.000 22.000
22.000 21.000 22.000
23.000 24.000 32.000
30.000 41.000 38.000
24.000 46.000 42.000
