75.000 55.000 66.000
12.000 19.000 17.000
4.000 18.000 10.000
11.000 19.000 5.000
10.000 19.000 19.000
14.000 16.000 11.000
6.000 10.000 8.000
11.000 12.000 7.000
11.000 13.000 19.000
16.000 14.000 16.000
15.000 16.000 13.000
5.000 16.000 23.000
13.000 18.000 13.000
7.000 22.000 15.000
12.000 19.000 13.000
10.000 10.000 11.000
10.000 21.000 12.000
14.000 13.000 14.000
6.000 11.000 10.000
9.000 15.000 9.000
11.000 16.000 8.000
15.000 9.000 18.000
15.000 15.000 8.000
19.000 9.000 15.000
22.000 15.000 9.000
18.000 8.000 14.000
23.000 9.000 13.000
16.000 9.000 12.000
11.000 11.000 22.000
12.000 12.000 20.000
20.000 6.000 13.000
15.000 12.000 12.000
25.000 4.000 16.000
20.000 5.000 13.000
13.000 9.000 10.000
9.000 5.000 11.000
15.000 8.000 20.000
10.000 4.000 19.000
24.000 6.000 14.000
13.000 3.000 11.000
14.000 11.000 17.000
11.000 10.000 11.000
13.000 12.000 12.000
21.000 14.000 7.000
19.000 13.000 14.000
16.000 14.000 11.000
17.000 9.000 12.000
17.000 13.000 14.000
16.000 13.000 10.000
9.000 16.000 13.000
18.000 19.000 16.000
9.000 22.000 13.000
11.000 21.000 19.000
17.000 21.000 25.000
13.000 22.000 14.000
17.000 26.000 24.000
7.000 26.000 12.000
16.000 30.000 7.000
