83.000 33.000 51.000
3.000 25.000 17.000
12.000 23.000 6.000
8.000 21.000 14.000
6.000 16.000 20.000
10.000 14.000 11.000
3.000 12.000 13.000
8.000 6.000 5.000
7.000 13.000 9.000
7.000 7.000 10.000
4.000 8.000 6.000
11.000 1.000 6.000
9.000 4.000 15.000
13.000 4.000 6.000
6.000 10.000 11.000
4.000 7.000 4.000
10.000 11.000 4.000
13.000 17.000 8.000
8.000 5.000 7.000
13.000 8.000 6.000
6.000 5.000 4.000
9.000 9.000 6.000
11.000 8.000 7.000
5.000 4.000 5.000
8.000 10.000 9.000
9.000 9.000 7.000
10.000 10.000 7.000
10.000 9.000 10.000
10.000 11.000 7.000
10.000 6.000 13.000
6.000 14.000 14.000
9.000 8.000 7.000
9.000 5.000 10.000
12.000 12.000 18.000
13.000 2.000 11.000
11.000 3.000 8.000
14.000 5.000 10.000
10.000 4.000 10.000
19.000 5.000 8.000
14.000 3.000 16.000
4.000 8.000 9.000
10.000 3.000 4.000
18.000 7.000 13.000
14.000 9.000 6.000
19.000 12.000 11.000
14.000 14.000 15.000
24.000 9.000 13.000
23.000 7.000 6.000
17.000 9.000 11.000
24.000 9.000 13.000
19.000 18.000 17.000
25.000 20.000 23.000
27.000 22.000 12.000
31.000 34.000 21.000
19.000 42.000 28.000
26.000 44.000 41.000
24.000 47.000 28.000
16.000 49.000 36.000
