85.000 63.000 84.000
9.000 38.000 23.000
16.000 25.000 9.000
13.000 26.000 24.000
20.000 23.000 16.000
18.000 21.000 11.000
15.000 8.000 18.000
16.000 18.000 11.000
6.000 14.000 12.000
14.000 6.000 14.000
18.000 3.000 17.000
17.000 7.000 12.000
14.000 12.000 9.000
10.000 12.000 8.000
11.000 14.000 9.000
3.000 14.000 12.000
11.000 9.000 6.000
9.000 6.000 1.000
7.000 10.000 8.000
6.000 10.000 2.000
10.000 5.000 2.000
8.000 11.000 4.000
9.000 5.000 5.000
2.000 6.000 5.000
12.000 10.000 9.000
5.000 7.000 13.000
14.000 10.000 8.000
8.000 6.000 7.000
11.000 10.000 15.000
5.000 7.000 7.000
6.000 7.000 8.000
5.000 6.000 9.000
5.000 5.000 8.000
7.000 4.000 9.000
7.000 4.000 6.000
10.000 0.000 4.000
1.000 0.000 7.000
6.000 2.000 9.000
7.000 3.000 6.000
4.000 4.000 8.000
10.000 3.000 9.000
12.000 6.000 5.000
7.000 1.000 9.000
8.000 12.000 9.000
9.000 2.000 1.000
16.000 8.000 1.000
11.000 4.000 4.000
9.000 9.000 6.000
13.000 5.000 11.000
14.000 6.000 4.000
14.000 3.000 4.000
19.000 9.000 11.000
23.000 15.000 14.000
17.000 23.000 24.000
23.000 23.000 28.000
32.000 42.000 36.000
31.000 48.000 37.000
26.000 46.000 41.000
