80.000 80.000 80.000
37.000 37.000 37.000
23.000 23.000 23.000
20.000 20.000 20.000
16.000 16.000 16.000
19.000 19.000 19.000
14.000 14.000 14.000
9.000 9.000 9.000
14.000 14.000 14.000
12.000 12.000 12.000
11.000 11.000 11.000
12.000 12.000 12.000
22.000 22.000 22.000
27.000 27.000 27.000
31.000 31.000 31.000
19.000 19.000 19.000
14.000 14.000 14.000
13.000 13.000 13.000
6.000 6.000 6.000
4.000 4.000 4.000
2.000 2.000 2.000
5.000 5.000 5.000
5.000 5.000 5.000
6.000 6.000 6.000
6.000 6.000 6.000
8.000 8.000 8.000
3.000 3.000 3.000
7.000 7.000 7.000
12.000 12.000 12.000
6.000 6.000 6.000
7.000 7.000 7.000
0.000 0.000 0.000
0.000 0.000 0.000
1.000 1.000 1.000
0.000 0.000 0.000
0.000 0.000 0.000
0.000 0.000 0.000
0.000 0.000 0.000
0.000 0.000 0.000
0.000 0.000 0.000
0.000 0.000 0.000
0.000 0.000 0.000
0.000 0.000 0.000
0.000 0.000 0.000
0.000 0.000 0.000
0.000 0.000 0.000
0.000 0.000 0.000
0.000 0.000 0.000
0.000 0.000 0.000
0.000 0.000 0.000
0.000 0.000 0.000
0.000 0.000 0.000
0.000 0.000 0.000
7.000 7.000 7.000
13.000 13.000 13.000
30.000 30.000 30.000
50.000 50.000 50.000
76.000 76.000 76.000
