60.000 83.000 84.000
9.000 21.000 26.000
14.000 26.000 20.000
10.000 22.000 18.000
17.000 21.000 22.000
12.000 25.000 20.000
11.000 28.000 29.000
12.000 16.000 31.000
9.000 21.000 26.000
17.000 27.000 16.000
12.000 23.000 22.000
16.000 27.000 17.000
19.000 18.000 15.000
18.000 18.000 16.000
22.000 22.000 12.000
11.000 25.000 10.000
17.000 22.000 13.000
18.000 13.000 13.000
14.000 12.000 11.000
22.000 19.000 7.000
15.000 8.000 10.000
17.000 10.000 9.000
12.000 12.000 11.000
15.000 14.000 7.000
24.000 7.000 15.000
12.000 9.000 16.000
14.000 9.000 18.000
24.000 7.000 17.000
11.000 10.000 12.000
15.000 5.000 14.000
8.000 4.000 11.000
14.000 8.000 10.000
19.000 3.000 16.000
15.000 1.000 27.000
18.000 3.000 18.000
15.000 2.000 10.000
17.000 8.000 17.000
16.000 10.000 10.000
18.000 6.000 15.000
13.000 9.000 14.000
7.000 11.000 12.000
12.000 13.000 11.000
15.000 17.000 12.000
13.000 9.000 10.000
13.000 15.000 13.000
12.000 18.000 8.000
12.000 16.000 7.000
15.000 15.000 9.000
12.000 17.000 17.000
7.000 9.000 10.000
4.000 14.000 5.000
13.000 15.000 13.000
13.000 5.000 13.000
6.000 18.000 10.000
10.000 12.000 6.000
10.000 7.000 7.000
10.000 15.000 15.000
10.000 16.000 5.000
