74.000 65.000 61.000
3.000 14.000 13.000
13.000 19.000 12.000
11.000 24.000 19.000
17.000 11.000 16.000
10.000 18.000 10.000
9.000 14.000 10.000
13.000 11.000 11.000
14.000 22.000 23.000
12.000 8.000 9.000
5.000 9.000 5.000
7.000 8.000 8.000
12.000 10.000 10.000
12.000 7.000 9.000
11.000 10.000 5.000
11.000 11.000 14.000
8.000 16.000 12.000
9.000 10.000 4.000
9.000 10.000 8.000
9.000 12.000 3.000
6.000 11.000 2.000
7.000 7.000 2.000
8.000 10.000 6.000
9.000 4.000 7.000
16.000 11.000 4.000
11.000 10.000 9.000
7.000 11.000 9.000
6.000 10.000 11.000
12.000 11.000 5.000
10.000 3.000 10.000
8.000 5.000 11.000
10.000 0.000 7.000
14.000 6.000 12.000
13.000 5.000 13.000
9.000 5.000 13.000
10.000 8.000 11.000
8.000 3.000 9.000
15.000 6.000 17.000
15.000 2.000 16.000
11.000 8.000 12.000
18.000 10.000 8.000
14.000 12.000 11.000
13.000 5.000 14.000
13.000 2.000 11.000
17.000 7.000 6.000
9.000 8.000 12.000
16.000 12.000 6.000
11.000 6.000 12.000
17.000 11.000 9.000
7.000 11.000 13.000
10.000 7.000 8.000
14.000 15.000 8.000
25.000 16.000 14.000
24.000 34.000 19.000
33.000 35.000 21.000
18.000 46.000 19.000
28.000 46.000 27.000
29.000 45.000 37.000
