84.000 82.000 76.000
3.000 21.000 13.000
15.000 19.000 8.000
7.000 27.000 22.000
19.000 21.000 19.000
11.000 18.000 11.000
16.000 24.000 9.000
17.000 18.000 9.000
13.000 19.000 9.000
15.000 20.000 12.000
17.000 16.000 9.000
15.000 19.000 17.000
12.000 20.000 9.000
10.000 12.000 20.000
17.000 19.000 6.000
9.000 15.000 9.000
15.000 10.000 10.000
12.000 13.000 14.000
11.000 22.000 8.000
16.000 14.000 6.000
14.000 11.000 13.000
14.000 14.000 7.000
11.000 7.000 9.000
13.000 9.000 12.000
13.000 11.000 5.000
8.000 6.000 13.000
14.000 10.000 11.000
5.000 11.000 10.000
18.000 8.000 11.000
7.000 9.000 13.000
11.000 4.000 19.000
13.000 9.000 14.000
12.000 2.000 19.000
20.000 3.000 14.000
11.000 5.000 10.000
14.000 3.000 21.000
10.000 4.000 19.000
8.000 2.000 14.000
18.000 14.000 12.000
16.000 4.000 19.000
11.000 5.000 10.000
9.000 14.000 19.000
13.000 13.000 12.000
12.000 8.000 11.000
9.000 10.000 11.000
9.000 12.000 8.000
11.000 16.000 15.000
10.000 9.000 14.000
8.000 19.000 14.000
14.000 10.000 10.000
15.000 19.000 12.000
16.000 10.000 18.000
13.000 24.000 11.000
17.000 10.000 14.000
16.000 19.000 16.000
24.000 12.000 13.000
14.000 23.000 18.000
14.000 35.000 21.000
