82.000 76.000 79.000
13.000 27.000 39.000
22.000 27.000 22.000
15.000 19.000 20.000
17.000 22.000 18.000
21.000 24.000 17.000
9.000 25.000 13.000
20.000 21.000 20.000
6.000 18.000 13.000
17.000 17.000 15.000
12.000 10.000 13.000
20.000 8.000 9.000
11.000 15.000 9.000
17.000 8.000 12.000
8.000 11.000 11.000
3.000 12.000 9.000
13.000 4.000 7.000
6.000 7.000 7.000
8.000 4.000 5.000
8.000 6.000 7.000
6.000 5.000 4.000
9.000 2.000 4.000
7.000 3.000 3.000
4.000 5.000 2.000
5.000 8.000 8.000
3.000 5.000 2.000
4.000 6.000 4.000
5.000 3.000 7.000
3.000 4.000 4.000
4.000 8.000 9.000
6.000 6.000 5.000
6.000 4.000 4.000
8.000 2.000 10.000
6.000 0.000 4.000
8.000 1.000 4.000
4.000 0.000 6.000
3.000 2.000 3.000
3.000 0.000 2.000
4.000 1.000 6.000
5.000 5.000 3.000
2.000 2.000 1.000
4.000 5.000 3.000
1.000 1.000 1.000
3.000 4.000 1.000
5.000 4.000 4.000
7.000 2.000 3.000
9.000 2.000 5.000
8.000 6.000 0.000
13.000 3.000 1.000
8.000 1.000 4.000
5.000 6.000 6.000
17.000 5.000 7.000
22.000 7.000 14.000
20.000 19.000 23.000
30.000 28.000 17.000
40.000 27.000 43.000
53.000 49.000 37.000
45.000 78.000 63.000
