78.000 77.000 79.000
16.000 14.000 10.000
17.000 17.000 15.000
11.000 14.000 26.000
15.000 17.000 17.000
12.000 23.000 5.000
8.000 28.000 19.000
13.000 9.000 20.000
7.000 9.000 14.000
6.000 10.000 11.000
10.000 15.000 8.000
7.000 10.000 8.000
15.000 15.000 14.000
9.000 9.000 8.000
10.000 10.000 5.000
7.000 12.000 12.000
5.000 3.000 5.000
9.000 12.000 12.000
12.000 5.000 4.000
11.000 11.000 7.000
7.000 8.000 5.000
7.000 13.000 8.000
17.000 15.000 7.000
9.000 8.000 12.000
12.000 13.000 12.000
9.000 8.000 8.000
7.000 8.000 11.000
9.000 11.000 11.000
10.000 12.000 13.000
9.000 12.000 18.000
17.000 14.000 9.000
16.000 9.000 17.000
20.000 8.000 10.000
11.000 5.000 20.000
9.000 8.000 13.000
11.000 5.000 21.000
14.000 5.000 16.000
12.000 6.000 10.000
18.000 3.000 10.000
20.000 6.000 23.000
12.000 7.000 15.000
15.000 10.000 9.000
18.000 14.000 11.000
15.000 13.000 11.000
13.000 11.000 10.000
20.000 12.000 14.000
20.000 16.000 11.000
24.000 14.000 11.000
10.000 19.000 4.000
13.000 12.000 7.000
11.000 15.000 17.000
20.000 18.000 9.000
20.000 24.000 13.000
12.000 27.000 20.000
13.000 20.000 20.000
8.000 25.000 20.000
26.000 22.000 22.000
20.000 32.000 27.000
