91.000 78.000 83.000
11.000 25.000 25.000
20.000 24.000 16.000
14.000 34.000 24.000
22.000 13.000 24.000
14.000 12.000 11.000
19.000 16.000 14.000
18.000 17.000 14.000
8.000 16.000 13.000
9.000 11.000 12.000
6.000 15.000 12.000
12.000 8.000 8.000
7.000 14.000 7.000
10.000 8.000 14.000
9.000 12.000 13.000
9.000 17.000 11.000
19.000 18.000 4.000
5.000 12.000 10.000
14.000 10.000 11.000
12.000 11.000 7.000
16.000 13.000 11.000
11.000 7.000 6.000
11.000 11.000 10.000
10.000 8.000 8.000
19.000 14.000 6.000
9.000 9.000 11.000
6.000 14.000 11.000
10.000 7.000 14.000
9.000 10.000 13.000
9.000 11.000 13.000
22.000 6.000 10.000
7.000 8.000 14.000
14.000 4.000 14.000
12.000 6.000 13.000
8.000 4.000 15.000
19.000 3.000 12.000
12.000 5.000 12.000
10.000 5.000 19.000
17.000 6.000 10.000
8.000 9.000 7.000
15.000 8.000 5.000
9.000 7.000 11.000
7.000 9.000 6.000
9.000 9.000 8.000
16.000 9.000 8.000
13.000 7.000 13.000
12.000 7.000 5.000
11.000 12.000 14.000
13.000 9.000 5.000
18.000 13.000 9.000
13.000 9.000 10.000
16.000 16.000 11.000
12.000 21.000 14.000
14.000 29.000 12.000
15.000 27.000 23.000
17.000 33.000 27.000
18.000 28.000 29.000
13.000 36.000 29.000
