85.000 46.000 98.000
16.000 24.000 19.000
23.000 17.000 20.000
19.000 28.000 22.000
18.000 34.000 27.000
21.000 24.000 29.000
17.000 21.000 21.000
22.000 37.000 21.000
25.000 26.000 19.000
21.000 21.000 13.000
13.000 17.000 16.000
14.000 8.000 13.000
21.000 8.000 8.000
13.000 8.000 6.000
9.000 14.000 12.000
6.000 8.000 7.000
8.000 18.000 7.000
9.000 12.000 7.000
7.000 12.000 3.000
7.000 7.000 4.000
6.000 5.000 5.000
7.000 6.000 3.000
4.000 5.000 6.000
4.000 7.000 4.000
9.000 3.000 4.000
4.000 4.000 8.000
1.000 9.000 3.000
6.000 5.000 10.000
6.000 6.000 14.000
4.000 6.000 8.000
10.000 0.000 10.000
6.000 3.000 8.000
6.000 6.000 11.000
3.000 0.000 9.000
6.000 5.000 9.000
4.000 3.000 10.000
8.000 2.000 11.000
9.000 2.000 9.000
3.000 8.000 8.000
5.000 5.000 6.000
6.000 5.000 17.000
6.000 8.000 3.000
9.000 4.000 10.000
14.000 5.000 4.000
9.000 5.000 7.000
14.000 11.000 8.000
14.000 12.000 10.000
12.000 10.000 9.000
20.000 14.000 12.000
8.000 14.000 12.000
16.000 7.000 10.000
9.000 10.000 5.000
21.000 12.000 16.000
27.000 13.000 22.000
25.000 22.000 31.000
18.000 31.000 23.000
30.000 32.000 39.000
27.000 46.000 35.000
