88.000 69.000 83.000
22.000 35.000 24.000
20.000 17.000 18.000
20.000 28.000 20.000
24.000 34.000 16.000
20.000 24.000 17.000
29.000 21.000 15.000
13.000 22.000 13.000
18.000 17.000 11.000
8.000 13.000 18.000
19.000 10.000 23.000
12.000 9.000 18.000
10.000 17.000 14.000
14.000 10.000 9.000
13.000 13.000 7.000
9.000 7.000 13.000
6.000 15.000 9.000
10.000 9.000 7.000
8.000 6.000 4.000
10.000 4.000 7.000
6.000 6.000 8.000
9.000 6.000 2.000
3.000 4.000 3.000
3.000 5.000 5.000
3.000 6.000 4.000
8.000 8.000 10.000
5.000 5.000 5.000
8.000 6.000 6.000
11.000 5.000 12.000
6.000 10.000 6.000
3.000 7.000 5.000
6.000 8.000 10.000
9.000 3.000 5.000
10.000 5.000 7.000
5.000 2.000 5.000
3.000 3.000 7.000
2.000 3.000 5.000
5.000 1.000 11.000
6.000 1.000 13.000
4.000 2.000 10.000
5.000 3.000 2.000
6.000 6.000 10.000
6.000 4.000 8.000
4.000 8.000 7.000
10.000 7.000 5.000
6.000 3.000 7.000
6.000 9.000 5.000
9.000 4.000 2.000
6.000 4.000 6.000
11.000 9.000 5.000
8.000 9.000 8.000
9.000 7.000 9.000
16.000 11.000 18.000
13.000 17.000 24.000
26.000 25.000 27.000
24.000 30.000 29.000
33.000 37.000 36.000
39.000 55.000 49.000
