59.000 36.000 72.000
4.000 18.000 4.000
14.000 12.000 8.000
4.000 9.000 4.000
11.000 9.000 6.000
8.000 14.000 7.000
5.000 9.000 6.000
11.000 6.000 13.000
12.000 12.000 4.000
12.000 8.000 7.000
3.000 12.000 11.000
10.000 5.000 7.000
8.000 10.000 11.000
8.000 13.000 7.000
7.000 11.000 5.000
10.000 11.000 6.000
8.000 10.000 7.000
5.000 11.000 6.000
7.000 12.000 7.000
10.000 2.000 4.000
12.000 8.000 7.000
11.000 16.000 10.000
8.000 8.000 4.000
16.000 10.000 6.000
12.000 3.000 7.000
9.000 5.000 11.000
6.000 10.000 7.000
9.000 6.000 7.000
9.000 9.000 8.000
9.000 8.000 11.000
8.000 13.000 9.000
17.000 4.000 16.000
9.000 10.000 11.000
14.000 7.000 11.000
11.000 3.000 12.000
15.000 13.000 14.000
10.000 5.000 10.000
13.000 9.000 13.000
15.000 4.000 16.000
9.000 4.000 9.000
13.000 12.000 13.000
11.000 5.000 13.000
17.000 6.000 18.000
12.000 10.000 9.000
21.000 13.000 17.000
29.000 5.000 19.000
27.000 13.000 16.000
12.000 15.000 12.000
30.000 20.000 11.000
20.000 19.000 12.000
24.000 14.000 19.000
17.000 26.000 23.000
30.000 26.000 15.000
21.000 30.000 30.000
29.000 31.000 27.000
23.000 26.000 27.000
28.000 55.000 31.000
19.000 45.000 26.000
