56.000 39.000 49.000
8.000 20.000 17.000
17.000 26.000 11.000
7.000 12.000 22.000
19.000 11.000 18.000
15.000 12.000 9.000
14.000 11.000 10.000
9.000 8.000 12.000
6.000 6.000 9.000
6.000 9.000 9.000
14.000 7.000 11.000
13.000 12.000 18.000
7.000 14.000 9.000
13.000 10.000 9.000
13.000 16.000 13.000
10.000 16.000 9.000
10.000 10.000 5.000
10.000 8.000 7.000
12.000 7.000 4.000
10.000 11.000 7.000
12.000 11.000 8.000
8.000 4.000 8.000
7.000 7.000 3.000
5.000 6.000 2.000
5.000 6.000 2.000
8.000 7.000 3.000
5.000 6.000 9.000
3.000 10.000 5.000
5.000 5.000 9.000
3.000 9.000 10.000
1.000 3.000 3.000
5.000 3.000 2.000
3.000 5.000 8.000
8.000 2.000 14.000
4.000 2.000 7.000
6.000 3.000 7.000
5.000 3.000 7.000
5.000 2.000 10.000
7.000 1.000 15.000
4.000 1.000 7.000
10.000 3.000 6.000
3.000 4.000 7.000
6.000 4.000 5.000
5.000 6.000 5.000
6.000 5.000 3.000
11.000 11.000 6.000
7.000 10.000 4.000
8.000 13.000 5.000
11.000 11.000 10.000
9.000 7.000 4.000
13.000 7.000 7.000
21.000 5.000 21.000
22.000 10.000 18.000
25.000 26.000 27.000
26.000 23.000 24.000
30.000 34.000 40.000
40.000 52.000 44.000
50.000 74.000 54.000
