88.000 73.000 89.000
10.000 22.000 16.000
16.000 28.000 11.000
5.000 19.000 16.000
9.000 20.000 25.000
14.000 19.000 11.000
7.000 19.000 17.000
18.000 12.000 13.000
11.000 14.000 17.000
15.000 9.000 9.000
13.000 19.000 7.000
18.000 9.000 7.000
15.000 16.000 13.000
18.000 19.000 13.000
10.000 12.000 17.000
7.000 12.000 7.000
13.000 14.000 9.000
17.000 9.000 7.000
12.000 14.000 12.000
11.000 9.000 4.000
15.000 8.000 8.000
14.000 14.000 10.000
20.000 8.000 6.000
10.000 13.000 11.000
4.000 15.000 8.000
15.000 10.000 6.000
15.000 7.000 15.000
14.000 12.000 10.000
15.000 7.000 17.000
17.000 9.000 14.000
10.000 5.000 13.000
15.000 4.000 14.000
13.000 8.000 10.000
11.000 5.000 15.000
11.000 5.000 8.000
3.000 4.000 17.000
10.000 8.000 11.000
16.000 6.000 14.000
14.000 3.000 6.000
10.000 9.000 15.000
14.000 8.000 13.000
15.000 7.000 13.000
8.000 8.000 16.000
6.000 7.000 11.000
6.000 14.000 9.000
12.000 12.000 7.000
14.000 16.000 11.000
16.000 11.000 3.000
15.000 13.000 8.000
14.000 17.000 10.000
20.000 23.000 14.000
19.000 17.000 15.000
14.000 8.000 14.000
16.000 26.000 9.000
16.000 25.000 17.000
21.000 36.000 13.000
13.000 30.000 26.000
14.000 35.000 16.000
