86.000 62.000 63.000
9.000 26.000 23.000
15.000 14.000 14.000
12.000 18.000 26.000
25.000 23.000 18.000
18.000 24.000 15.000
15.000 22.000 16.000
10.000 13.000 16.000
13.000 16.000 8.000
8.000 15.000 9.000
7.000 5.000 11.000
9.000 14.000 15.000
9.000 10.000 6.000
6.000 9.000 4.000
7.000 8.000 6.000
4.000 17.000 11.000
13.000 10.000 11.000
14.000 9.000 6.000
8.000 7.000 1.000
6.000 6.000 6.000
8.000 5.000 8.000
7.000 8.000 6.000
8.000 7.000 5.000
8.000 8.000 6.000
9.000 7.000 8.000
9.000 9.000 11.000
6.000 15.000 8.000
7.000 9.000 11.000
7.000 12.000 9.000
6.000 10.000 15.000
12.000 5.000 12.000
14.000 5.000 11.000
12.000 5.000 13.000
6.000 1.000 9.000
7.000 0.000 9.000
3.000 4.000 10.000
7.000 3.000 16.000
10.000 6.000 11.000
12.000 5.000 6.000
15.000 6.000 9.000
7.000 2.000 8.000
15.000 5.000 5.000
11.000 10.000 12.000
15.000 5.000 6.000
12.000 9.000 8.000
13.000 9.000 9.000
13.000 14.000 10.000
11.000 15.000 6.000
22.000 13.000 5.000
17.000 7.000 13.000
20.000 9.000 14.000
14.000 13.000 12.000
15.000 20.000 12.000
20.000 17.000 20.000
33.000 21.000 22.000
27.000 37.000 34.000
28.000 32.000 32.000
29.000 53.000 53.000
