75.000 56.000 51.000
6.000 12.000 19.000
6.000 27.000 6.000
4.000 17.000 15.000
18.000 14.000 14.000
18.000 13.000 10.000
13.000 14.000 16.000
12.000 14.000 21.000
9.000 13.000 17.000
16.000 14.000 11.000
16.000 12.000 15.000
13.000 18.000 9.000
5.000 9.000 15.000
14.000 23.000 14.000
7.000 15.000 16.000
15.000 18.000 15.000
8.000 13.000 9.000
9.000 11.000 17.000
9.000 14.000 11.000
19.000 12.000 9.000
12.000 15.000 7.000
10.000 7.000 8.000
11.000 13.000 8.000
10.000 7.000 9.000
10.000 7.000 8.000
14.000 6.000 9.000
8.000 8.000 5.000
14.000 15.000 12.000
16.000 12.000 15.000
14.000 7.000 10.000
13.000 11.000 13.000
9.000 2.000 15.000
15.000 6.000 6.000
13.000 4.000 17.000
16.000 3.000 19.000
7.000 2.000 16.000
16.000 3.000 8.000
13.000 4.000 10.000
14.000 4.000 17.000
19.000 6.000 11.000
12.000 10.000 13.000
18.000 11.000 5.000
13.000 13.000 9.000
16.000 4.000 8.000
18.000 10.000 10.000
17.000 14.000 7.000
15.000 10.000 7.000
9.000 17.000 16.000
13.000 11.000 12.000
13.000 17.000 12.000
8.000 9.000 16.000
15.000 16.000 11.000
20.000 12.000 25.000
20.000 26.000 25.000
15.000 27.000 15.000
17.000 39.000 35.000
15.000 42.000 28.000
16.000 34.000 22.000
