75.000 66.000 94.000
10.000 27.000 18.000
15.000 20.000 12.000
8.000 11.000 17.000
18.000 14.000 17.000
11.000 13.000 11.000
14.000 15.000 14.000
15.000 15.000 17.000
16.000 9.000 11.000
14.000 15.000 6.000
14.000 11.000 13.000
8.000 10.000 8.000
8.000 12.000 8.000
7.000 7.000 15.000
7.000 10.000 6.000
9.000 5.000 7.000
6.000 11.000 8.000
5.000 6.000 5.000
3.000 3.000 9.000
6.000 5.000 6.000
13.000 7.000 7.000
14.000 7.000 8.000
6.000 4.000 8.000
3.000 10.000 9.000
6.000 2.000 8.000
7.000 5.000 10.000
10.000 5.000 9.000
8.000 4.000 10.000
14.000 4.000 8.000
9.000 3.000 10.000
16.000 4.000 11.000
10.000 3.000 11.000
6.000 3.000 9.000
7.000 1.000 18.000
6.000 3.000 9.000
8.000 0.000 6.000
9.000 4.000 9.000
11.000 3.000 6.000
8.000 4.000 8.000
6.000 7.000 6.000
7.000 5.000 6.000
4.000 5.000 6.000
12.000 7.000 12.000
19.000 7.000 9.000
11.000 10.000 9.000
5.000 6.000 6.000
7.000 16.000 9.000
15.000 10.000 12.000
9.000 14.000 3.000
13.000 7.000 16.000
19.000 12.000 18.000
15.000 10.000 13.000
24.000 14.000 21.000
33.000 20.000 17.000
25.000 17.000 23.000
30.000 38.000 30.000
25.000 38.000 44.000
45.000 50.000 39.000
