60.000 49.000 75.000
13.000 22.000 13.000
15.000 21.000 10.000
10.000 22.000 18.000
13.000 22.000 10.000
20.000 13.000 10.000
12.000 19.000 16.000
17.000 9.000 10.000
12.000 18.000 10.000
15.000 14.000 17.000
11.000 19.000 14.000
7.000 20.000 12.000
16.000 21.000 15.000
18.000 17.000 13.000
18.000 14.000 15.000
10.000 10.000 16.000
18.000 11.000 14.000
13.000 18.000 7.000
8.000 11.000 8.000
14.000 8.000 10.000
10.000 6.000 6.000
14.000 12.000 8.000
12.000 6.000 8.000
16.000 12.000 10.000
16.000 5.000 8.000
9.000 6.000 6.000
10.000 10.000 15.000
16.000 9.000 16.000
12.000 7.000 18.000
11.000 11.000 19.000
10.000 8.000 7.000
10.000 7.000 12.000
7.000 11.000 11.000
13.000 4.000 8.000
14.000 6.000 11.000
10.000 7.000 22.000
9.000 5.000 13.000
6.000 5.000 21.000
10.000 4.000 13.000
15.000 9.000 15.000
8.000 5.000 11.000
10.000 10.000 18.000
9.000 15.000 4.000
17.000 10.000 8.000
13.000 12.000 8.000
8.000 10.000 7.000
16.000 11.000 9.000
10.000 7.000 12.000
20.000 18.000 11.000
13.000 23.000 14.000
15.000 12.000 12.000
18.000 17.000 13.000
17.000 16.000 17.000
18.000 14.000 19.000
20.000 27.000 16.000
22.000 30.000 22.000
18.000 32.000 18.000
21.000 34.000 23.000
