72.000 57.000 57.000
9.000 28.000 20.000
14.000 21.000 18.000
12.000 12.000 15.000
16.000 16.000 22.000
19.000 10.000 7.000
12.000 15.000 10.000
15.000 15.000 14.000
2.000 11.000 15.000
10.000 9.000 11.000
12.000 14.000 14.000
13.000 4.000 8.000
19.000 5.000 9.000
8.000 6.000 4.000
8.000 11.000 7.000
7.000 12.000 8.000
10.000 5.000 5.000
10.000 9.000 11.000
8.000 11.000 5.000
7.000 12.000 5.000
10.000 4.000 6.000
10.000 3.000 4.000
12.000 5.000 4.000
9.000 6.000 3.000
6.000 5.000 1.000
16.000 10.000 7.000
6.000 8.000 11.000
16.000 9.000 6.000
9.000 11.000 17.000
10.000 7.000 7.000
11.000 4.000 7.000
9.000 5.000 11.000
10.000 4.000 7.000
12.000 6.000 5.000
6.000 9.000 7.000
11.000 3.000 17.000
19.000 4.000 9.000
12.000 2.000 12.000
8.000 1.000 8.000
9.000 4.000 3.000
11.000 3.000 7.000
15.000 4.000 6.000
18.000 5.000 9.000
14.000 7.000 8.000
12.000 6.000 4.000
11.000 10.000 6.000
18.000 7.000 3.000
14.000 10.000 4.000
13.000 13.000 8.000
16.000 15.000 8.000
20.000 9.000 16.000
21.000 21.000 20.000
16.000 21.000 17.000
30.000 28.000 18.000
22.000 34.000 31.000
25.000 35.000 30.000
29.000 38.000 41.000
18.000 57.000 45.000
