100.000 73.000 78.000
7.000 32.000 26.000
25.000 29.000 20.000
17.000 35.000 28.000
25.000 27.000 17.000
18.000 21.000 13.000
14.000 19.000 15.000
16.000 15.000 20.000
18.000 10.000 14.000
14.000 9.000 18.000
12.000 11.000 12.000
10.000 8.000 10.000
10.000 9.000 16.000
12.000 10.000 11.000
2.000 9.000 3.000
9.000 12.000 10.000
9.000 13.000 10.000
10.000 5.000 6.000
3.000 13.000 6.000
3.000 8.000 5.000
11.000 6.000 4.000
9.000 6.000 10.000
9.000 5.000 4.000
4.000 6.000 4.000
12.000 5.000 3.000
4.000 11.000 4.000
8.000 8.000 4.000
10.000 8.000 8.000
9.000 7.000 4.000
4.000 8.000 12.000
10.000 6.000 9.000
13.000 6.000 12.000
5.000 5.000 9.000
7.000 3.000 3.000
11.000 3.000 10.000
5.000 2.000 12.000
10.000 6.000 4.000
10.000 0.000 10.000
7.000 4.000 8.000
8.000 4.000 7.000
6.000 8.000 3.000
8.000 3.000 5.000
3.000 2.000 5.000
10.000 2.000 4.000
8.000 4.000 4.000
17.000 5.000 1.000
7.000 5.000 5.000
9.000 9.000 0.000
14.000 8.000 7.000
18.000 10.000 11.000
21.000 8.000 7.000
16.000 12.000 13.000
23.000 19.000 15.000
22.000 24.000 12.000
26.000 33.000 20.000
26.000 30.000 35.000
28.000 41.000 45.000
22.000 53.000 42.000
