86.000 50.000 63.000
8.000 13.000 17.000
17.000 19.000 7.000
10.000 16.000 11.000
13.000 22.000 15.000
10.000 16.000 9.000
11.000 8.000 12.000
10.000 8.000 9.000
9.000 9.000 9.000
7.000 7.000 6.000
7.000 8.000 3.000
6.000 6.000 9.000
3.000 11.000 3.000
7.000 6.000 5.000
5.000 13.000 6.000
8.000 3.000 8.000
7.000 9.000 3.000
4.000 7.000 8.000
8.000 7.000 4.000
6.000 11.000 1.000
10.000 10.000 4.000
9.000 4.000 4.000
12.000 4.000 4.000
8.000 10.000 6.000
5.000 4.000 7.000
4.000 14.000 6.000
6.000 2.000 6.000
10.000 8.000 2.000
7.000 4.000 10.000
13.000 8.000 4.000
10.000 4.000 5.000
20.000 8.000 7.000
18.000 8.000 11.000
20.000 2.000 10.000
12.000 1.000 12.000
16.000 1.000 11.000
16.000 0.000 13.000
11.000 3.000 12.000
13.000 3.000 10.000
16.000 5.000 7.000
14.000 2.000 7.000
19.000 2.000 8.000
15.000 4.000 6.000
16.000 13.000 7.000
14.000 7.000 5.000
17.000 6.000 1.000
24.000 9.000 6.000
23.000 4.000 10.000
20.000 9.000 8.000
17.000 17.000 12.000
13.000 12.000 6.000
12.000 25.000 14.000
20.000 21.000 18.000
17.000 36.000 26.000
18.000 33.000 29.000
32.000 33.000 36.000
17.000 56.000 40.000
21.000 54.000 42.000
