128.000 112.000 124.000
13.000 43.000 38.000
30.000 34.000 23.000
10.000 33.000 31.000
29.000 20.000 19.000
20.000 21.000 22.000
12.000 19.000 31.000
14.000 19.000 15.000
11.000 20.000 20.000
21.000 15.000 12.000
18.000 17.000 15.000
17.000 14.000 14.000
19.000 16.000 13.000
13.000 14.000 11.000
10.000 9.000 8.000
11.000 12.000 12.000
7.000 11.000 11.000
8.000 13.000 10.000
17.000 5.000 9.000
9.000 10.000 12.000
10.000 3.000 4.000
5.000 3.000 5.000
12.000 7.000 7.000
8.000 11.000 6.000
11.000 4.000 4.000
4.000 5.000 6.000
11.000 11.000 10.000
10.000 9.000 8.000
10.000 10.000 6.000
10.000 11.000 13.000
6.000 5.000 11.000
8.000 6.000 4.000
4.000 3.000 15.000
4.000 4.000 4.000
8.000 2.000 1.000
6.000 4.000 6.000
12.000 1.000 11.000
5.000 8.000 8.000
7.000 4.000 6.000
7.000 8.000 1.000
4.000 1.000 1.000
6.000 5.000 2.000
4.000 3.000 3.000
1.000 1.000 5.000
7.000 0.000 3.000
5.000 4.000 3.000
4.000 4.000 5.000
5.000 7.000 0.000
12.000 3.000 2.000
5.000 4.000 7.000
7.000 5.000 6.000
10.000 7.000 9.000
13.000 14.000 8.000
8.000 10.000 17.000
16.000 23.000 17.000
17.000 31.000 27.000
26.000 43.000 40.000
30.000 52.000 31.000
