100.000 75.000 82.000
9.000 36.000 26.000
19.000 35.000 12.000
10.000 24.000 29.000
20.000 28.000 30.000
18.000 20.000 17.000
20.000 17.000 13.000
18.000 23.000 24.000
12.000 14.000 18.000
26.000 13.000 13.000
14.000 6.000 19.000
10.000 11.000 9.000
6.000 11.000 13.000
4.000 8.000 9.000
7.000 13.000 14.000
5.000 11.000 7.000
7.000 11.000 8.000
12.000 3.000 6.000
6.000 6.000 2.000
12.000 5.000 7.000
13.000 6.000 6.000
3.000 5.000 4.000
13.000 6.000 4.000
6.000 8.000 9.000
8.000 6.000 7.000
5.000 6.000 5.000
11.000 12.000 7.000
8.000 10.000 5.000
9.000 10.000 14.000
12.000 11.000 13.000
4.000 5.000 9.000
3.000 4.000 8.000
4.000 3.000 7.000
11.000 4.000 9.000
5.000 2.000 8.000
7.000 3.000 6.000
5.000 4.000 7.000
8.000 3.000 5.000
4.000 6.000 7.000
11.000 2.000 6.000
9.000 5.000 3.000
9.000 8.000 1.000
5.000 2.000 8.000
6.000 6.000 4.000
3.000 8.000 8.000
7.000 6.000 4.000
9.000 6.000 5.000
8.000 7.000 4.000
6.000 4.000 5.000
10.000 3.000 4.000
10.000 8.000 9.000
8.000 5.000 11.000
13.000 5.000 14.000
20.000 21.000 18.000
35.000 31.000 29.000
25.000 35.000 38.000
30.000 43.000 35.000
30.000 52.000 43.000
