86.000 76.000 80.000
8.000 21.000 12.000
24.000 19.000 15.000
8.000 20.000 19.000
15.000 24.000 21.000
18.000 15.000 8.000
10.000 10.000 15.000
14.000 11.000 14.000
12.000 19.000 14.000
11.000 9.000 12.000
9.000 10.000 19.000
12.000 18.000 8.000
8.000 13.000 7.000
12.000 13.000 17.000
11.000 7.000 8.000
9.000 17.000 10.000
14.000 9.000 5.000
9.000 8.000 16.000
14.000 14.000 3.000
15.000 7.000 9.000
10.000 5.000 3.000
6.000 16.000 11.000
11.000 6.000 4.000
5.000 5.000 7.000
9.000 10.000 8.000
13.000 9.000 4.000
11.000 8.000 5.000
12.000 12.000 11.000
7.000 8.000 14.000
12.000 10.000 10.000
10.000 3.000 13.000
12.000 6.000 15.000
7.000 7.000 12.000
6.000 6.000 14.000
10.000 3.000 14.000
8.000 6.000 11.000
9.000 2.000 12.000
11.000 9.000 26.000
7.000 9.000 14.000
6.000 7.000 18.000
6.000 9.000 7.000
11.000 3.000 7.000
15.000 13.000 6.000
11.000 4.000 11.000
9.000 6.000 11.000
16.000 13.000 11.000
12.000 8.000 13.000
15.000 13.000 7.000
16.000 11.000 2.000
13.000 9.000 13.000
10.000 15.000 16.000
12.000 18.000 20.000
18.000 13.000 19.000
22.000 22.000 24.000
22.000 29.000 16.000
20.000 26.000 23.000
28.000 32.000 28.000
26.000 34.000 29.000
