93.000 95.000 74.000
13.000 28.000 29.000
14.000 35.000 21.000
14.000 14.000 28.000
21.000 17.000 28.000
18.000 18.000 22.000
18.000 13.000 20.000
20.000 17.000 16.000
14.000 19.000 16.000
21.000 20.000 17.000
17.000 13.000 16.000
18.000 14.000 14.000
12.000 23.000 19.000
15.000 16.000 12.000
12.000 12.000 18.000
8.000 17.000 14.000
14.000 10.000 10.000
13.000 9.000 13.000
9.000 10.000 9.000
12.000 12.000 6.000
13.000 9.000 9.000
11.000 10.000 4.000
10.000 8.000 8.000
9.000 14.000 4.000
9.000 6.000 10.000
9.000 11.000 12.000
15.000 9.000 9.000
19.000 12.000 6.000
13.000 13.000 11.000
11.000 9.000 12.000
11.000 8.000 4.000
11.000 7.000 7.000
13.000 1.000 12.000
7.000 3.000 13.000
10.000 5.000 15.000
7.000 5.000 10.000
2.000 3.000 9.000
6.000 3.000 8.000
8.000 3.000 5.000
6.000 3.000 6.000
8.000 6.000 10.000
5.000 2.000 9.000
5.000 6.000 9.000
8.000 6.000 2.000
13.000 5.000 9.000
11.000 10.000 6.000
9.000 10.000 6.000
9.000 3.000 5.000
11.000 13.000 7.000
10.000 7.000 4.000
12.000 12.000 10.000
16.000 9.000 12.000
9.000 10.000 9.000
20.000 15.000 14.000
11.000 21.000 18.000
29.000 26.000 24.000
19.000 39.000 35.000
9.000 48.000 25.000
