91.000 99.000 85.000
6.000 35.000 23.000
26.000 21.000 10.000
12.000 19.000 23.000
24.000 23.000 16.000
23.000 21.000 13.000
11.000 16.000 25.000
15.000 17.000 22.000
19.000 12.000 19.000
18.000 9.000 13.000
11.000 10.000 15.000
15.000 14.000 17.000
20.000 13.000 12.000
13.000 16.000 17.000
14.000 18.000 14.000
12.000 14.000 14.000
18.000 7.000 7.000
10.000 13.000 14.000
12.000 20.000 4.000
13.000 7.000 10.000
6.000 10.000 6.000
10.000 9.000 11.000
4.000 5.000 4.000
12.000 10.000 8.000
2.000 2.000 5.000
9.000 6.000 10.000
9.000 12.000 9.000
9.000 11.000 10.000
7.000 11.000 12.000
16.000 7.000 11.000
8.000 9.000 10.000
12.000 4.000 11.000
5.000 0.000 13.000
8.000 6.000 7.000
5.000 5.000 8.000
7.000 3.000 7.000
7.000 2.000 7.000
5.000 2.000 5.000
5.000 2.000 11.000
5.000 5.000 8.000
8.000 4.000 7.000
7.000 7.000 5.000
7.000 6.000 6.000
5.000 10.000 6.000
10.000 5.000 7.000
4.000 3.000 2.000
11.000 6.000 6.000
7.000 3.000 0.000
10.000 4.000 1.000
11.000 10.000 8.000
7.000 14.000 8.000
16.000 8.000 6.000
11.000 9.000 15.000
17.000 4.000 20.000
28.000 21.000 16.000
24.000 35.000 21.000
33.000 42.000 25.000
34.000 45.000 40.000
