93.000 73.000 69.000
12.000 22.000 26.000
22.000 22.000 6.000
15.000 27.000 35.000
18.000 24.000 23.000
14.000 22.000 15.000
20.000 19.000 18.000
17.000 12.000 22.000
10.000 22.000 12.000
16.000 14.000 5.000
15.000 11.000 18.000
11.000 7.000 14.000
6.000 14.000 7.000
13.000 8.000 13.000
6.000 11.000 10.000
5.000 20.000 4.000
6.000 7.000 5.000
12.000 6.000 7.000
6.000 8.000 7.000
6.000 8.000 8.000
7.000 11.000 4.000
9.000 6.000 9.000
9.000 10.000 11.000
7.000 11.000 4.000
8.000 3.000 5.000
7.000 7.000 5.000
6.000 8.000 7.000
8.000 5.000 3.000
12.000 5.000 14.000
9.000 8.000 15.000
10.000 2.000 6.000
13.000 3.000 6.000
11.000 4.000 12.000
4.000 2.000 7.000
13.000 1.000 9.000
6.000 5.000 10.000
8.000 2.000 10.000
9.000 5.000 11.000
7.000 6.000 12.000
8.000 3.000 7.000
8.000 6.000 7.000
9.000 5.000 6.000
6.000 14.000 5.000
6.000 4.000 5.000
14.000 7.000 5.000
13.000 7.000 5.000
15.000 8.000 1.000
7.000 7.000 6.000
13.000 7.000 7.000
18.000 4.000 5.000
20.000 8.000 7.000
14.000 12.000 12.000
13.000 10.000 20.000
24.000 20.000 16.000
17.000 22.000 32.000
20.000 38.000 36.000
23.000 36.000 39.000
36.000 50.000 43.000
