125.000 99.000 36.000
13.000 14.000 15.000
18.000 22.000 15.000
21.000 20.000 23.000
25.000 20.000 21.000
27.000 20.000 21.000
16.000 22.000 21.000
18.000 22.000 28.000
16.000 24.000 21.000
15.000 16.000 9.000
19.000 21.000 17.000
12.000 15.000 16.000
10.000 14.000 12.000
8.000 12.000 13.000
12.000 7.000 6.000
11.000 18.000 11.000
6.000 14.000 5.000
6.000 10.000 5.000
9.000 6.000 11.000
8.000 10.000 8.000
2.000 12.000 7.000
5.000 4.000 12.000
9.000 4.000 9.000
12.000 5.000 5.000
6.000 2.000 8.000
10.000 6.000 8.000
5.000 8.000 7.000
5.000 3.000 4.000
6.000 9.000 4.000
6.000 2.000 11.000
5.000 4.000 7.000
10.000 2.000 12.000
9.000 0.000 6.000
9.000 3.000 10.000
5.000 0.000 9.000
4.000 1.000 9.000
6.000 4.000 11.000
5.000 5.000 10.000
5.000 5.000 7.000
5.000 1.000 9.000
6.000 3.000 14.000
14.000 4.000 12.000
3.000 4.000 5.000
12.000 6.000 8.000
8.000 5.000 6.000
13.000 5.000 6.000
11.000 11.000 11.000
16.000 5.000 10.000
10.000 13.000 14.000
18.000 16.000 8.000
9.000 14.000 9.000
13.000 14.000 15.000
13.000 22.000 14.000
20.000 15.000 23.000
27.000 30.000 24.000
22.000 31.000 25.000
20.000 31.000 28.000
22.000 42.000 25.000
