93.000 54.000 82.000
11.000 26.000 17.000
27.000 27.000 13.000
11.000 21.000 23.000
18.000 25.000 18.000
15.000 25.000 11.000
24.000 10.000 17.000
10.000 19.000 16.000
12.000 21.000 17.000
12.000 10.000 19.000
7.000 11.000 16.000
21.000 9.000 6.000
15.000 13.000 13.000
5.000 16.000 12.000
6.000 13.000 15.000
8.000 11.000 12.000
6.000 12.000 9.000
12.000 12.000 6.000
12.000 8.000 6.000
8.000 9.000 10.000
4.000 13.000 8.000
11.000 5.000 8.000
12.000 5.000 2.000
13.000 8.000 5.000
11.000 6.000 10.000
6.000 9.000 12.000
9.000 9.000 9.000
4.000 6.000 6.000
9.000 7.000 9.000
8.000 7.000 10.000
6.000 7.000 15.000
8.000 9.000 5.000
8.000 4.000 14.000
7.000 6.000 8.000
7.000 6.000 6.000
7.000 7.000 13.000
15.000 9.000 2.000
11.000 2.000 7.000
6.000 4.000 6.000
11.000 8.000 11.000
12.000 6.000 15.000
16.000 8.000 11.000
11.000 8.000 10.000
11.000 7.000 11.000
12.000 12.000 11.000
13.000 6.000 13.000
11.000 7.000 7.000
15.000 9.000 3.000
14.000 12.000 14.000
21.000 8.000 8.000
19.000 10.000 17.000
12.000 14.000 12.000
17.000 17.000 16.000
21.000 21.000 24.000
27.000 28.000 23.000
24.000 25.000 29.000
37.000 32.000 30.000
15.000 46.000 32.000
