108.000 85.000 80.000
7.000 33.000 24.000
22.000 33.000 28.000
18.000 28.000 26.000
25.000 28.000 31.000
21.000 17.000 19.000
12.000 13.000 24.000
19.000 22.000 19.000
13.000 9.000 13.000
15.000 13.000 12.000
16.000 11.000 10.000
7.000 15.000 11.000
17.000 11.000 13.000
8.000 9.000 10.000
20.000 12.000 13.000
8.000 18.000 15.000
13.000 17.000 6.000
11.000 11.000 12.000
10.000 13.000 6.000
10.000 6.000 3.000
12.000 11.000 5.000
7.000 5.000 9.000
10.000 4.000 6.000
10.000 11.000 9.000
8.000 11.000 4.000
14.000 8.000 13.000
5.000 12.000 10.000
8.000 8.000 15.000
11.000 6.000 12.000
4.000 10.000 8.000
14.000 11.000 9.000
10.000 3.000 12.000
8.000 4.000 7.000
11.000 1.000 9.000
4.000 5.000 9.000
5.000 5.000 11.000
7.000 7.000 9.000
3.000 3.000 6.000
3.000 7.000 2.000
4.000 1.000 9.000
5.000 4.000 7.000
7.000 3.000 9.000
12.000 4.000 8.000
12.000 4.000 8.000
8.000 8.000 5.000
9.000 10.000 4.000
17.000 10.000 4.000
8.000 10.000 4.000
10.000 5.000 7.000
15.000 8.000 11.000
17.000 4.000 15.000
16.000 11.000 16.000
21.000 15.000 15.000
27.000 15.000 12.000
19.000 22.000 19.000
23.000 39.000 23.000
26.000 37.000 25.000
26.000 46.000 31.000
