60.000 53.000 82.000
2.000 24.000 23.000
14.000 24.000 14.000
5.000 19.000 9.000
12.000 9.000 5.000
18.000 12.000 10.000
14.000 16.000 11.000
12.000 6.000 9.000
11.000 12.000 13.000
9.000 12.000 2.000
9.000 3.000 12.000
9.000 11.000 9.000
6.000 5.000 10.000
5.000 9.000 3.000
6.000 7.000 4.000
13.000 8.000 7.000
6.000 6.000 4.000
7.000 5.000 2.000
7.000 10.000 6.000
7.000 5.000 4.000
12.000 10.000 3.000
3.000 3.000 4.000
8.000 3.000 4.000
8.000 12.000 3.000
7.000 4.000 3.000
8.000 4.000 6.000
8.000 7.000 7.000
7.000 9.000 5.000
4.000 8.000 11.000
9.000 4.000 7.000
10.000 1.000 15.000
4.000 4.000 9.000
7.000 4.000 8.000
2.000 3.000 5.000
10.000 1.000 15.000
9.000 1.000 2.000
4.000 3.000 9.000
6.000 7.000 11.000
10.000 2.000 10.000
8.000 2.000 4.000
15.000 6.000 9.000
12.000 6.000 7.000
8.000 8.000 8.000
8.000 4.000 8.000
7.000 6.000 9.000
14.000 12.000 3.000
12.000 6.000 9.000
18.000 3.000 7.000
23.000 12.000 4.000
18.000 9.000 4.000
22.000 8.000 19.000
20.000 11.000 15.000
22.000 12.000 22.000
32.000 17.000 11.000
29.000 32.000 20.000
29.000 52.000 38.000
37.000 58.000 50.000
27.000 70.000 51.000
