66.000 69.000 88.000
9.000 27.000 23.000
20.000 22.000 14.000
11.000 18.000 25.000
17.000 17.000 16.000
19.000 16.000 8.000
19.000 16.000 23.000
16.000 13.000 13.000
18.000 16.000 17.000
19.000 17.000 12.000
12.000 17.000 15.000
16.000 14.000 14.000
16.000 25.000 16.000
19.000 25.000 24.000
25.000 27.000 28.000
16.000 20.000 17.000
14.000 22.000 16.000
18.000 18.000 15.000
18.000 12.000 15.000
15.000 15.000 3.000
16.000 8.000 6.000
6.000 4.000 9.000
9.000 8.000 7.000
10.000 16.000 10.000
12.000 9.000 7.000
14.000 6.000 8.000
10.000 6.000 9.000
7.000 4.000 9.000
4.000 7.000 5.000
6.000 9.000 12.000
7.000 5.000 12.000
5.000 3.000 8.000
1.000 8.000 4.000
3.000 3.000 8.000
9.000 0.000 9.000
7.000 0.000 10.000
7.000 3.000 11.000
6.000 4.000 6.000
10.000 4.000 15.000
5.000 1.000 7.000
8.000 3.000 4.000
7.000 4.000 8.000
4.000 4.000 5.000
7.000 8.000 5.000
5.000 8.000 6.000
10.000 8.000 3.000
10.000 11.000 4.000
10.000 10.000 6.000
8.000 14.000 5.000
6.000 8.000 13.000
8.000 12.000 12.000
15.000 7.000 11.000
17.000 8.000 13.000
19.000 7.000 17.000
11.000 22.000 19.000
19.000 33.000 26.000
21.000 34.000 32.000
23.000 34.000 30.000
