133.000 130.000 89.000
6.000 32.000 17.000
28.000 33.000 20.000
9.000 23.000 26.000
29.000 25.000 18.000
19.000 24.000 12.000
14.000 17.000 17.000
22.000 17.000 27.000
8.000 14.000 20.000
15.000 12.000 14.000
11.000 14.000 30.000
13.000 17.000 19.000
13.000 11.000 15.000
16.000 17.000 12.000
10.000 14.000 17.000
18.000 24.000 12.000
12.000 15.000 11.000
9.000 5.000 9.000
10.000 9.000 7.000
12.000 12.000 14.000
11.000 8.000 3.000
8.000 7.000 3.000
13.000 8.000 9.000
12.000 4.000 6.000
10.000 5.000 3.000
8.000 11.000 4.000
9.000 6.000 9.000
7.000 9.000 11.000
12.000 7.000 11.000
7.000 5.000 4.000
6.000 4.000 9.000
15.000 5.000 13.000
13.000 5.000 16.000
9.000 4.000 16.000
7.000 3.000 10.000
8.000 6.000 8.000
6.000 3.000 16.000
11.000 3.000 9.000
4.000 9.000 12.000
11.000 7.000 6.000
8.000 1.000 8.000
9.000 5.000 7.000
6.000 10.000 4.000
14.000 4.000 5.000
5.000 8.000 12.000
9.000 11.000 2.000
7.000 12.000 10.000
8.000 4.000 4.000
10.000 14.000 5.000
9.000 9.000 9.000
16.000 17.000 12.000
15.000 17.000 7.000
11.000 10.000 14.000
15.000 11.000 20.000
15.000 20.000 24.000
25.000 20.000 17.000
26.000 26.000 26.000
17.000 34.000 23.000
