79.000 71.000 63.000
6.000 24.000 19.000
16.000 13.000 9.000
7.000 18.000 14.000
19.000 15.000 19.000
11.000 14.000 14.000
13.000 12.000 13.000
7.000 10.000 13.000
11.000 10.000 8.000
12.000 11.000 12.000
8.000 5.000 7.000
4.000 7.000 9.000
13.000 5.000 16.000
6.000 12.000 7.000
7.000 2.000 2.000
11.000 10.000 9.000
14.000 13.000 4.000
7.000 8.000 8.000
10.000 5.000 4.000
5.000 7.000 5.000
13.000 7.000 3.000
9.000 10.000 9.000
7.000 9.000 7.000
11.000 8.000 3.000
12.000 13.000 6.000
8.000 14.000 9.000
10.000 13.000 3.000
7.000 9.000 16.000
9.000 11.000 8.000
4.000 10.000 10.000
6.000 6.000 11.000
12.000 6.000 6.000
8.000 7.000 12.000
8.000 3.000 9.000
6.000 3.000 11.000
7.000 3.000 10.000
4.000 2.000 6.000
6.000 3.000 9.000
8.000 3.000 9.000
7.000 3.000 13.000
12.000 3.000 5.000
16.000 3.000 13.000
7.000 7.000 5.000
6.000 2.000 8.000
9.000 8.000 10.000
4.000 9.000 5.000
13.000 14.000 11.000
9.000 6.000 4.000
17.000 8.000 10.000
11.000 16.000 6.000
14.000 6.000 12.000
26.000 6.000 9.000
17.000 20.000 15.000
18.000 18.000 24.000
25.000 31.000 24.000
37.000 43.000 34.000
31.000 53.000 30.000
27.000 64.000 41.000
