79.000 63.000 60.000
15.000 27.000 32.000
25.000 31.000 19.000
15.000 20.000 24.000
27.000 18.000 21.000
17.000 19.000 20.000
15.000 18.000 17.000
18.000 13.000 16.000
11.000 15.000 17.000
15.000 14.000 9.000
12.000 11.000 10.000
7.000 12.000 10.000
7.000 13.000 10.000
8.000 10.000 10.000
11.000 6.000 14.000
8.000 18.000 12.000
5.000 9.000 8.000
5.000 5.000 9.000
6.000 10.000 5.000
8.000 6.000 3.000
8.000 6.000 7.000
12.000 5.000 9.000
8.000 9.000 8.000
11.000 7.000 7.000
11.000 6.000 5.000
13.000 8.000 9.000
8.000 5.000 6.000
4.000 5.000 3.000
4.000 12.000 10.000
6.000 6.000 4.000
7.000 7.000 7.000
2.000 6.000 10.000
4.000 7.000 2.000
4.000 1.000 4.000
8.000 0.000 4.000
4.000 2.000 8.000
4.000 1.000 5.000
1.000 0.000 1.000
7.000 2.000 3.000
4.000 1.000 4.000
5.000 4.000 4.000
4.000 6.000 2.000
10.000 2.000 7.000
3.000 2.000 5.000
10.000 5.000 1.000
8.000 5.000 4.000
12.000 2.000 2.000
9.000 11.000 3.000
10.000 3.000 3.000
21.000 4.000 4.000
17.000 4.000 9.000
16.000 9.000 13.000
19.000 16.000 15.000
27.000 13.000 23.000
43.000 27.000 32.000
31.000 43.000 43.000
38.000 44.000 49.000
39.000 71.000 54.000
