66.000 69.000 73.000
7.000 34.000 23.000
17.000 23.000 24.000
21.000 27.000 30.000
18.000 22.000 24.000
23.000 19.000 15.000
14.000 22.000 36.000
12.000 20.000 11.000
6.000 10.000 16.000
19.000 13.000 13.000
14.000 8.000 8.000
17.000 14.000 5.000
16.000 15.000 15.000
10.000 13.000 16.000
12.000 16.000 15.000
13.000 20.000 10.000
15.000 12.000 7.000
13.000 10.000 8.000
11.000 9.000 10.000
17.000 6.000 4.000
7.000 7.000 7.000
10.000 3.000 6.000
5.000 7.000 4.000
9.000 10.000 8.000
10.000 5.000 6.000
6.000 8.000 5.000
8.000 11.000 9.000
7.000 7.000 4.000
7.000 13.000 15.000
8.000 11.000 11.000
11.000 4.000 11.000
2.000 3.000 9.000
10.000 2.000 10.000
8.000 1.000 7.000
9.000 3.000 9.000
3.000 4.000 3.000
5.000 4.000 6.000
6.000 2.000 9.000
3.000 2.000 8.000
10.000 4.000 7.000
8.000 1.000 11.000
6.000 4.000 1.000
8.000 6.000 5.000
5.000 5.000 7.000
11.000 7.000 7.000
5.000 6.000 3.000
9.000 8.000 6.000
13.000 9.000 6.000
11.000 11.000 6.000
12.000 7.000 9.000
13.000 5.000 6.000
14.000 15.000 8.000
9.000 10.000 18.000
18.000 8.000 17.000
19.000 21.000 29.000
24.000 39.000 35.000
32.000 45.000 42.000
22.000 52.000 31.000
