111.000 66.000 80.000
17.000 28.000 34.000
18.000 33.000 13.000
20.000 22.000 21.000
13.000 18.000 22.000
25.000 27.000 13.000
14.000 16.000 14.000
16.000 19.000 18.000
20.000 16.000 16.000
15.000 12.000 19.000
14.000 9.000 16.000
12.000 12.000 13.000
13.000 16.000 10.000
9.000 15.000 17.000
16.000 16.000 11.000
13.000 12.000 11.000
6.000 17.000 9.000
12.000 16.000 12.000
7.000 13.000 13.000
11.000 5.000 11.000
13.000 7.000 4.000
5.000 10.000 5.000
8.000 8.000 5.000
8.000 9.000 6.000
11.000 5.000 2.000
6.000 9.000 4.000
8.000 9.000 15.000
9.000 7.000 5.000
11.000 11.000 6.000
12.000 4.000 14.000
10.000 7.000 12.000
6.000 9.000 7.000
8.000 8.000 8.000
7.000 10.000 10.000
11.000 4.000 8.000
5.000 1.000 14.000
8.000 2.000 10.000
11.000 10.000 9.000
7.000 2.000 10.000
8.000 7.000 10.000
10.000 5.000 6.000
12.000 2.000 10.000
8.000 5.000 5.000
8.000 7.000 7.000
13.000 5.000 12.000
11.000 7.000 8.000
17.000 10.000 7.000
7.000 10.000 5.000
14.000 14.000 4.000
21.000 12.000 12.000
13.000 8.000 14.000
17.000 13.000 10.000
20.000 9.000 23.000
33.000 20.000 10.000
23.000 24.000 19.000
22.000 34.000 26.000
17.000 32.000 31.000
13.000 37.000 26.000
