84.000 80.000 71.000
8.000 20.000 35.000
13.000 24.000 8.000
19.000 17.000 21.000
15.000 19.000 19.000
22.000 16.000 17.000
16.000 11.000 15.000
19.000 15.000 20.000
11.000 13.000 15.000
9.000 10.000 10.000
13.000 7.000 8.000
14.000 11.000 7.000
16.000 11.000 8.000
10.000 15.000 7.000
15.000 16.000 11.000
5.000 15.000 7.000
8.000 10.000 10.000
8.000 7.000 14.000
8.000 10.000 11.000
9.000 8.000 9.000
11.000 1.000 4.000
5.000 6.000 10.000
6.000 9.000 10.000
6.000 12.000 4.000
9.000 3.000 7.000
8.000 7.000 6.000
5.000 6.000 5.000
6.000 10.000 8.000
10.000 9.000 12.000
8.000 6.000 13.000
10.000 7.000 15.000
8.000 5.000 13.000
5.000 2.000 14.000
8.000 2.000 9.000
9.000 2.000 5.000
7.000 1.000 15.000
7.000 2.000 13.000
8.000 1.000 7.000
9.000 1.000 5.000
8.000 3.000 6.000
6.000 4.000 8.000
7.000 6.000 3.000
6.000 7.000 5.000
4.000 15.000 10.000
8.000 6.000 8.000
8.000 6.000 6.000
14.000 11.000 7.000
15.000 7.000 6.000
10.000 10.000 8.000
9.000 9.000 10.000
9.000 13.000 9.000
14.000 9.000 23.000
20.000 9.000 22.000
24.000 21.000 16.000
23.000 19.000 12.000
30.000 27.000 24.000
26.000 51.000 40.000
32.000 48.000 49.000
