98.000 60.000 101.000
6.000 24.000 23.000
18.000 24.000 14.000
11.000 24.000 16.000
12.000 29.000 22.000
20.000 19.000 15.000
15.000 10.000 18.000
20.000 21.000 11.000
8.000 8.000 12.000
13.000 11.000 12.000
9.000 11.000 10.000
14.000 14.000 10.000
16.000 13.000 10.000
8.000 12.000 10.000
7.000 17.000 12.000
16.000 16.000 7.000
11.000 10.000 8.000
8.000 14.000 2.000
8.000 7.000 3.000
8.000 6.000 7.000
9.000 13.000 5.000
11.000 9.000 8.000
6.000 5.000 6.000
7.000 4.000 7.000
14.000 11.000 12.000
11.000 11.000 11.000
12.000 9.000 10.000
14.000 8.000 8.000
9.000 9.000 15.000
13.000 7.000 21.000
9.000 7.000 17.000
8.000 5.000 10.000
9.000 5.000 11.000
5.000 2.000 14.000
13.000 6.000 12.000
9.000 7.000 13.000
9.000 7.000 9.000
16.000 5.000 9.000
9.000 9.000 20.000
7.000 12.000 12.000
11.000 9.000 7.000
10.000 6.000 15.000
9.000 11.000 10.000
7.000 6.000 7.000
10.000 7.000 12.000
15.000 16.000 10.000
13.000 8.000 15.000
15.000 22.000 10.000
15.000 17.000 8.000
21.000 16.000 11.000
11.000 14.000 8.000
22.000 11.000 15.000
23.000 18.000 13.000
16.000 20.000 14.000
15.000 22.000 17.000
25.000 31.000 22.000
20.000 33.000 29.000
14.000 35.000 21.000
