91.000 113.000 84.000
8.000 31.000 23.000
16.000 27.000 16.000
7.000 20.000 19.000
14.000 18.000 20.000
16.000 12.000 24.000
16.000 23.000 18.000
21.000 25.000 21.000
18.000 20.000 22.000
15.000 17.000 19.000
12.000 14.000 19.000
13.000 17.000 17.000
18.000 12.000 7.000
15.000 19.000 20.000
21.000 12.000 13.000
12.000 18.000 8.000
18.000 17.000 13.000
16.000 20.000 14.000
18.000 13.000 16.000
20.000 12.000 8.000
20.000 10.000 13.000
20.000 13.000 9.000
5.000 10.000 8.000
13.000 8.000 9.000
10.000 6.000 6.000
12.000 8.000 15.000
15.000 11.000 9.000
12.000 12.000 15.000
9.000 10.000 11.000
22.000 14.000 11.000
8.000 10.000 14.000
8.000 7.000 17.000
6.000 3.000 14.000
12.000 2.000 12.000
16.000 4.000 17.000
8.000 6.000 12.000
13.000 6.000 15.000
7.000 8.000 12.000
12.000 11.000 11.000
16.000 6.000 11.000
10.000 10.000 9.000
11.000 6.000 8.000
7.000 6.000 5.000
8.000 12.000 9.000
11.000 5.000 6.000
9.000 7.000 6.000
9.000 7.000 4.000
14.000 7.000 5.000
17.000 9.000 5.000
12.000 10.000 8.000
16.000 10.000 12.000
15.000 9.000 8.000
13.000 17.000 11.000
14.000 20.000 12.000
18.000 19.000 17.000
14.000 23.000 18.000
12.000 26.000 26.000
15.000 34.000 23.000
