101.000 58.000 99.000
13.000 26.000 32.000
12.000 28.000 6.000
17.000 20.000 12.000
23.000 24.000 21.000
16.000 21.000 13.000
15.000 14.000 17.000
13.000 20.000 24.000
20.000 19.000 18.000
11.000 12.000 23.000
15.000 10.000 7.000
16.000 18.000 12.000
20.000 12.000 13.000
16.000 14.000 14.000
14.000 17.000 16.000
11.000 19.000 8.000
12.000 24.000 9.000
11.000 9.000 12.000
8.000 10.000 7.000
6.000 4.000 6.000
8.000 7.000 3.000
11.000 3.000 6.000
10.000 6.000 5.000
9.000 6.000 9.000
3.000 10.000 6.000
4.000 11.000 3.000
9.000 10.000 5.000
6.000 6.000 5.000
6.000 6.000 8.000
5.000 7.000 12.000
9.000 5.000 10.000
6.000 2.000 8.000
6.000 1.000 10.000
3.000 4.000 5.000
3.000 2.000 6.000
5.000 2.000 10.000
3.000 2.000 6.000
3.000 3.000 2.000
2.000 2.000 9.000
12.000 3.000 3.000
4.000 6.000 6.000
7.000 5.000 4.000
5.000 3.000 3.000
8.000 2.000 3.000
7.000 4.000 6.000
3.000 4.000 2.000
1.000 9.000 2.000
4.000 5.000 3.000
10.000 5.000 3.000
7.000 8.000 3.000
14.000 9.000 5.000
13.000 5.000 14.000
11.000 9.000 12.000
29.000 7.000 17.000
20.000 16.000 27.000
39.000 33.000 33.000
33.000 38.000 31.000
35.000 58.000 39.000
