86.000 51.000 84.000
4.000 23.000 17.000
17.000 15.000 11.000
7.000 21.000 23.000
17.000 18.000 15.000
16.000 19.000 8.000
11.000 15.000 8.000
13.000 19.000 12.000
11.000 7.000 18.000
13.000 14.000 6.000
5.000 12.000 5.000
9.000 17.000 9.000
11.000 14.000 6.000
14.000 13.000 10.000
12.000 11.000 15.000
8.000 17.000 9.000
10.000 10.000 7.000
5.000 11.000 11.000
11.000 12.000 9.000
14.000 10.000 9.000
10.000 11.000 8.000
12.000 15.000 12.000
11.000 18.000 3.000
8.000 11.000 5.000
20.000 5.000 11.000
12.000 15.000 13.000
10.000 12.000 12.000
8.000 7.000 12.000
11.000 6.000 12.000
17.000 8.000 17.000
19.000 2.000 15.000
12.000 4.000 12.000
13.000 7.000 17.000
5.000 3.000 16.000
10.000 7.000 16.000
17.000 5.000 12.000
11.000 10.000 18.000
12.000 6.000 10.000
14.000 5.000 23.000
13.000 7.000 12.000
13.000 11.000 17.000
18.000 10.000 14.000
17.000 6.000 13.000
19.000 10.000 7.000
11.000 16.000 15.000
13.000 14.000 12.000
16.000 19.000 14.000
17.000 18.000 7.000
16.000 15.000 12.000
18.000 19.000 12.000
14.000 16.000 17.000
10.000 17.000 17.000
12.000 15.000 11.000
16.000 24.000 21.000
24.000 27.000 13.000
15.000 21.000 21.000
16.000 29.000 19.000
13.000 38.000 26.000
