157.000 141.000 147.000
15.000 43.000 34.000
29.000 35.000 16.000
10.000 33.000 40.000
25.000 31.000 19.000
23.000 23.000 21.000
7.000 24.000 26.000
23.000 20.000 18.000
14.000 21.000 21.000
14.000 16.000 19.000
7.000 14.000 12.000
12.000 17.000 11.000
9.000 8.000 7.000
6.000 10.000 7.000
14.000 12.000 11.000
13.000 5.000 13.000
18.000 15.000 8.000
11.000 12.000 8.000
16.000 9.000 7.000
14.000 5.000 6.000
3.000 11.000 8.000
8.000 7.000 9.000
12.000 8.000 6.000
8.000 5.000 6.000
9.000 9.000 8.000
13.000 8.000 11.000
10.000 7.000 12.000
15.000 6.000 21.000
6.000 3.000 10.000
13.000 3.000 18.000
11.000 9.000 11.000
9.000 5.000 10.000
11.000 3.000 13.000
12.000 4.000 12.000
6.000 2.000 16.000
14.000 4.000 11.000
13.000 7.000 6.000
18.000 8.000 5.000
9.000 9.000 6.000
4.000 8.000 9.000
6.000 11.000 3.000
7.000 9.000 10.000
9.000 10.000 5.000
8.000 10.000 7.000
10.000 6.000 6.000
8.000 7.000 5.000
9.000 5.000 6.000
8.000 6.000 3.000
9.000 5.000 6.000
7.000 6.000 6.000
9.000 8.000 8.000
18.000 9.000 10.000
14.000 9.000 16.000
11.000 16.000 11.000
16.000 16.000 17.000
12.000 23.000 14.000
10.000 20.000 15.000
15.000 35.000 25.000
