109.000 67.000 75.000
19.000 41.000 35.000
19.000 28.000 17.000
21.000 24.000 20.000
17.000 19.000 20.000
20.000 24.000 15.000
15.000 11.000 23.000
21.000 13.000 13.000
14.000 13.000 14.000
18.000 12.000 13.000
15.000 6.000 19.000
11.000 19.000 13.000
9.000 21.000 13.000
15.000 9.000 10.000
13.000 14.000 12.000
15.000 15.000 12.000
9.000 10.000 11.000
8.000 9.000 5.000
6.000 7.000 18.000
8.000 9.000 6.000
2.000 4.000 6.000
7.000 8.000 7.000
4.000 4.000 5.000
6.000 7.000 3.000
10.000 6.000 4.000
12.000 3.000 10.000
6.000 7.000 8.000
10.000 13.000 8.000
7.000 15.000 9.000
13.000 10.000 8.000
11.000 12.000 10.000
9.000 8.000 5.000
6.000 6.000 12.000
7.000 4.000 11.000
8.000 2.000 7.000
7.000 5.000 5.000
6.000 1.000 6.000
10.000 1.000 8.000
5.000 5.000 3.000
8.000 6.000 3.000
7.000 2.000 6.000
1.000 2.000 3.000
9.000 2.000 5.000
13.000 4.000 4.000
13.000 6.000 7.000
11.000 5.000 5.000
13.000 3.000 4.000
15.000 4.000 7.000
11.000 6.000 5.000
15.000 5.000 15.000
15.000 9.000 9.000
17.000 10.000 8.000
22.000 17.000 13.000
20.000 21.000 14.000
19.000 23.000 22.000
32.000 37.000 27.000
36.000 48.000 44.000
23.000 60.000 36.000
