116.000 81.000 74.000
16.000 32.000 28.000
23.000 40.000 18.000
26.000 39.000 30.000
22.000 33.000 26.000
19.000 24.000 33.000
20.000 29.000 31.000
20.000 28.000 35.000
21.000 14.000 35.000
19.000 15.000 21.000
16.000 14.000 11.000
16.000 13.000 8.000
9.000 17.000 13.000
12.000 21.000 12.000
17.000 13.000 12.000
12.000 13.000 5.000
9.000 11.000 9.000
11.000 11.000 6.000
9.000 8.000 7.000
10.000 8.000 9.000
9.000 10.000 5.000
8.000 5.000 4.000
12.000 4.000 5.000
14.000 6.000 3.000
8.000 6.000 8.000
6.000 13.000 4.000
10.000 8.000 5.000
5.000 3.000 10.000
10.000 5.000 11.000
10.000 4.000 7.000
12.000 2.000 11.000
8.000 4.000 5.000
5.000 5.000 8.000
10.000 3.000 7.000
5.000 2.000 9.000
6.000 2.000 8.000
8.000 4.000 10.000
7.000 0.000 14.000
9.000 3.000 6.000
5.000 1.000 1.000
7.000 3.000 4.000
9.000 3.000 7.000
4.000 7.000 1.000
11.000 3.000 3.000
20.000 4.000 3.000
4.000 6.000 4.000
6.000 5.000 3.000
10.000 4.000 2.000
10.000 6.000 2.000
19.000 5.000 8.000
19.000 8.000 9.000
20.000 7.000 10.000
14.000 14.000 14.000
18.000 23.000 15.000
27.000 23.000 16.000
20.000 23.000 30.000
24.000 38.000 25.000
23.000 37.000 32.000
