93.000 69.000 59.000
11.000 23.000 23.000
17.000 19.000 8.000
17.000 18.000 21.000
16.000 22.000 20.000
15.000 23.000 12.000
2.000 10.000 15.000
14.000 16.000 9.000
14.000 19.000 12.000
13.000 8.000 8.000
16.000 17.000 14.000
16.000 13.000 19.000
16.000 20.000 22.000
10.000 30.000 15.000
15.000 17.000 17.000
10.000 17.000 22.000
9.000 20.000 25.000
18.000 24.000 17.000
11.000 11.000 16.000
16.000 13.000 7.000
13.000 7.000 8.000
10.000 5.000 7.000
10.000 6.000 15.000
11.000 12.000 9.000
11.000 9.000 9.000
11.000 8.000 6.000
6.000 6.000 9.000
15.000 11.000 12.000
12.000 11.000 13.000
6.000 12.000 7.000
8.000 6.000 10.000
8.000 7.000 10.000
9.000 5.000 7.000
11.000 4.000 6.000
9.000 3.000 14.000
9.000 1.000 9.000
11.000 1.000 4.000
7.000 2.000 7.000
6.000 0.000 12.000
7.000 4.000 5.000
11.000 5.000 9.000
14.000 5.000 6.000
17.000 4.000 6.000
9.000 5.000 6.000
11.000 3.000 8.000
7.000 8.000 9.000
18.000 9.000 4.000
13.000 7.000 11.000
15.000 12.000 12.000
8.000 13.000 4.000
11.000 6.000 8.000
15.000 11.000 10.000
20.000 19.000 15.000
14.000 10.000 20.000
11.000 31.000 16.000
21.000 37.000 32.000
20.000 36.000 36.000
23.000 44.000 26.000
