63.000 68.000 83.000
12.000 23.000 15.000
13.000 19.000 5.000
12.000 19.000 10.000
17.000 15.000 13.000
21.000 20.000 14.000
6.000 24.000 13.000
7.000 12.000 12.000
12.000 15.000 16.000
11.000 14.000 12.000
10.000 10.000 13.000
6.000 9.000 12.000
8.000 10.000 11.000
9.000 16.000 15.000
15.000 12.000 7.000
15.000 8.000 10.000
10.000 4.000 7.000
12.000 14.000 6.000
11.000 10.000 7.000
14.000 17.000 8.000
13.000 19.000 10.000
11.000 10.000 7.000
7.000 19.000 6.000
9.000 13.000 11.000
12.000 3.000 20.000
17.000 10.000 7.000
11.000 9.000 12.000
10.000 13.000 15.000
14.000 3.000 19.000
14.000 6.000 8.000
13.000 4.000 20.000
11.000 5.000 25.000
11.000 5.000 16.000
11.000 5.000 13.000
9.000 3.000 19.000
14.000 6.000 15.000
7.000 10.000 11.000
9.000 8.000 12.000
11.000 9.000 18.000
12.000 10.000 10.000
14.000 12.000 14.000
15.000 9.000 8.000
16.000 13.000 7.000
14.000 10.000 11.000
16.000 9.000 8.000
23.000 4.000 13.000
15.000 19.000 9.000
10.000 16.000 12.000
15.000 16.000 11.000
22.000 13.000 10.000
13.000 14.000 19.000
18.000 18.000 10.000
17.000 15.000 14.000
20.000 17.000 19.000
11.000 31.000 20.000
22.000 22.000 20.000
18.000 25.000 15.000
24.000 42.000 17.000
