99.000 46.000 90.000
14.000 29.000 22.000
14.000 23.000 21.000
15.000 21.000 18.000
16.000 31.000 14.000
12.000 13.000 7.000
11.000 21.000 20.000
22.000 22.000 22.000
23.000 19.000 9.000
18.000 22.000 17.000
11.000 12.000 10.000
13.000 13.000 15.000
15.000 15.000 9.000
12.000 15.000 9.000
14.000 17.000 10.000
14.000 17.000 11.000
15.000 15.000 8.000
14.000 14.000 8.000
18.000 11.000 11.000
12.000 8.000 12.000
10.000 18.000 13.000
7.000 10.000 9.000
11.000 9.000 8.000
11.000 11.000 7.000
11.000 9.000 9.000
10.000 7.000 16.000
10.000 14.000 11.000
10.000 7.000 15.000
10.000 5.000 17.000
8.000 7.000 12.000
7.000 8.000 12.000
20.000 6.000 17.000
9.000 4.000 14.000
13.000 3.000 13.000
7.000 6.000 15.000
6.000 5.000 13.000
10.000 2.000 20.000
10.000 10.000 12.000
9.000 5.000 19.000
8.000 8.000 9.000
7.000 7.000 8.000
11.000 4.000 6.000
10.000 8.000 9.000
14.000 12.000 12.000
7.000 11.000 9.000
17.000 14.000 12.000
8.000 18.000 9.000
6.000 23.000 8.000
15.000 15.000 9.000
24.000 16.000 7.000
17.000 17.000 14.000
16.000 10.000 15.000
17.000 17.000 14.000
16.000 19.000 10.000
20.000 21.000 14.000
23.000 21.000 25.000
23.000 23.000 22.000
19.000 31.000 22.000
