90.000 83.000 67.000
8.000 32.000 24.000
11.000 21.000 17.000
9.000 23.000 25.000
13.000 22.000 21.000
23.000 24.000 14.000
8.000 11.000 16.000
16.000 15.000 24.000
14.000 17.000 10.000
16.000 7.000 12.000
8.000 9.000 7.000
10.000 4.000 13.000
15.000 14.000 9.000
6.000 12.000 8.000
6.000 9.000 7.000
10.000 9.000 9.000
8.000 12.000 5.000
9.000 8.000 9.000
9.000 9.000 3.000
9.000 13.000 4.000
3.000 10.000 10.000
11.000 9.000 6.000
9.000 6.000 5.000
8.000 8.000 6.000
13.000 3.000 6.000
12.000 7.000 12.000
15.000 11.000 6.000
14.000 6.000 4.000
11.000 8.000 5.000
11.000 6.000 7.000
8.000 9.000 7.000
9.000 6.000 10.000
15.000 1.000 11.000
4.000 3.000 13.000
5.000 6.000 6.000
4.000 4.000 13.000
8.000 2.000 7.000
4.000 4.000 8.000
7.000 7.000 7.000
10.000 1.000 13.000
7.000 6.000 5.000
15.000 3.000 8.000
8.000 6.000 6.000
8.000 5.000 8.000
6.000 5.000 6.000
9.000 7.000 4.000
7.000 14.000 4.000
8.000 0.000 6.000
16.000 5.000 11.000
9.000 6.000 7.000
12.000 8.000 11.000
12.000 6.000 8.000
23.000 18.000 13.000
20.000 21.000 11.000
23.000 27.000 18.000
29.000 48.000 33.000
34.000 54.000 41.000
23.000 55.000 31.000
