91.000 62.000 70.000
9.000 44.000 29.000
22.000 15.000 20.000
11.000 16.000 18.000
19.000 14.000 15.000
15.000 16.000 11.000
9.000 15.000 13.000
12.000 14.000 7.000
15.000 9.000 26.000
11.000 11.000 8.000
6.000 17.000 8.000
19.000 8.000 15.000
15.000 11.000 10.000
6.000 14.000 10.000
6.000 10.000 10.000
9.000 4.000 14.000
5.000 15.000 1.000
10.000 9.000 8.000
9.000 7.000 4.000
8.000 7.000 6.000
2.000 5.000 7.000
10.000 11.000 4.000
12.000 7.000 6.000
2.000 10.000 8.000
9.000 4.000 6.000
3.000 7.000 5.000
8.000 12.000 6.000
7.000 8.000 7.000
8.000 6.000 5.000
5.000 8.000 6.000
7.000 8.000 10.000
13.000 2.000 11.000
9.000 4.000 11.000
10.000 8.000 11.000
11.000 2.000 11.000
12.000 2.000 9.000
6.000 3.000 9.000
3.000 2.000 7.000
6.000 2.000 5.000
7.000 8.000 8.000
4.000 7.000 10.000
3.000 7.000 8.000
4.000 3.000 4.000
7.000 5.000 1.000
5.000 5.000 5.000
10.000 3.000 4.000
10.000 4.000 1.000
10.000 5.000 4.000
6.000 1.000 5.000
15.000 11.000 5.000
25.000 11.000 8.000
17.000 7.000 14.000
19.000 10.000 16.000
20.000 20.000 22.000
24.000 32.000 35.000
37.000 36.000 35.000
26.000 49.000 39.000
24.000 60.000 45.000
