97.000 76.000 74.000
10.000 24.000 22.000
27.000 39.000 16.000
11.000 21.000 20.000
25.000 17.000 18.000
19.000 33.000 22.000
13.000 16.000 22.000
12.000 21.000 26.000
14.000 11.000 14.000
8.000 12.000 12.000
19.000 13.000 16.000
10.000 10.000 16.000
14.000 7.000 12.000
14.000 15.000 11.000
16.000 12.000 18.000
11.000 16.000 8.000
10.000 16.000 12.000
16.000 8.000 6.000
11.000 5.000 3.000
12.000 9.000 10.000
12.000 11.000 4.000
9.000 5.000 8.000
12.000 13.000 8.000
10.000 3.000 6.000
9.000 4.000 7.000
8.000 5.000 4.000
8.000 11.000 10.000
6.000 12.000 12.000
7.000 7.000 9.000
4.000 3.000 7.000
8.000 10.000 7.000
8.000 8.000 9.000
9.000 4.000 11.000
11.000 4.000 10.000
7.000 0.000 15.000
5.000 2.000 11.000
6.000 7.000 11.000
4.000 1.000 11.000
7.000 4.000 9.000
3.000 1.000 6.000
8.000 4.000 6.000
8.000 3.000 13.000
8.000 9.000 4.000
5.000 7.000 6.000
3.000 8.000 2.000
14.000 6.000 7.000
8.000 8.000 6.000
12.000 8.000 5.000
13.000 12.000 11.000
17.000 8.000 9.000
20.000 19.000 4.000
20.000 10.000 18.000
16.000 12.000 13.000
18.000 22.000 19.000
31.000 15.000 23.000
22.000 21.000 24.000
25.000 40.000 34.000
26.000 56.000 23.000
