86.000 97.000 62.000
14.000 26.000 24.000
16.000 27.000 16.000
14.000 11.000 23.000
26.000 27.000 23.000
20.000 20.000 8.000
11.000 13.000 17.000
19.000 19.000 27.000
12.000 13.000 18.000
15.000 8.000 13.000
18.000 6.000 10.000
9.000 11.000 13.000
14.000 14.000 13.000
13.000 15.000 8.000
8.000 13.000 16.000
7.000 11.000 11.000
15.000 8.000 10.000
12.000 12.000 7.000
13.000 9.000 12.000
13.000 7.000 7.000
4.000 11.000 5.000
7.000 6.000 8.000
13.000 8.000 6.000
10.000 5.000 4.000
4.000 10.000 10.000
4.000 9.000 11.000
13.000 3.000 7.000
7.000 10.000 5.000
4.000 12.000 5.000
6.000 7.000 9.000
5.000 9.000 15.000
10.000 6.000 10.000
9.000 3.000 7.000
9.000 1.000 10.000
6.000 4.000 5.000
2.000 5.000 5.000
3.000 4.000 5.000
9.000 5.000 6.000
8.000 7.000 6.000
6.000 4.000 7.000
11.000 4.000 9.000
11.000 1.000 4.000
7.000 6.000 7.000
5.000 5.000 6.000
9.000 4.000 6.000
12.000 3.000 5.000
5.000 4.000 2.000
11.000 2.000 2.000
11.000 3.000 3.000
13.000 4.000 3.000
15.000 6.000 7.000
19.000 8.000 9.000
16.000 19.000 10.000
18.000 21.000 22.000
29.000 29.000 18.000
23.000 43.000 32.000
34.000 53.000 42.000
29.000 49.000 43.000
