65.000 90.000 113.000
9.000 34.000 24.000
16.000 26.000 17.000
13.000 25.000 19.000
25.000 24.000 19.000
14.000 22.000 21.000
12.000 24.000 16.000
18.000 15.000 22.000
15.000 13.000 20.000
18.000 21.000 9.000
21.000 24.000 23.000
17.000 20.000 13.000
20.000 26.000 16.000
15.000 29.000 21.000
25.000 21.000 27.000
12.000 25.000 24.000
19.000 25.000 21.000
20.000 16.000 15.000
18.000 11.000 6.000
11.000 12.000 12.000
17.000 11.000 9.000
16.000 4.000 13.000
13.000 3.000 15.000
3.000 3.000 10.000
15.000 7.000 7.000
11.000 6.000 9.000
15.000 9.000 8.000
13.000 6.000 8.000
11.000 10.000 12.000
15.000 10.000 16.000
11.000 6.000 12.000
8.000 2.000 13.000
10.000 7.000 7.000
9.000 4.000 13.000
8.000 7.000 8.000
6.000 3.000 13.000
10.000 3.000 4.000
12.000 2.000 8.000
3.000 10.000 10.000
12.000 6.000 8.000
7.000 9.000 6.000
8.000 6.000 5.000
11.000 6.000 5.000
5.000 7.000 6.000
6.000 4.000 4.000
18.000 9.000 1.000
5.000 11.000 4.000
8.000 9.000 4.000
9.000 8.000 7.000
10.000 8.000 3.000
9.000 3.000 4.000
12.000 5.000 6.000
18.000 9.000 7.000
13.000 14.000 15.000
14.000 18.000 12.000
10.000 23.000 25.000
18.000 32.000 31.000
17.000 39.000 23.000
