95.000 69.000 71.000
10.000 21.000 20.000
15.000 29.000 15.000
15.000 25.000 23.000
18.000 32.000 17.000
26.000 17.000 16.000
10.000 16.000 21.000
22.000 10.000 24.000
23.000 11.000 11.000
13.000 9.000 12.000
8.000 12.000 10.000
10.000 11.000 12.000
19.000 12.000 12.000
9.000 16.000 12.000
6.000 11.000 15.000
9.000 7.000 13.000
3.000 19.000 11.000
9.000 16.000 7.000
5.000 10.000 10.000
7.000 9.000 9.000
10.000 3.000 8.000
5.000 7.000 6.000
7.000 11.000 7.000
4.000 9.000 4.000
13.000 5.000 3.000
15.000 8.000 6.000
14.000 12.000 4.000
10.000 5.000 6.000
10.000 10.000 14.000
9.000 5.000 9.000
7.000 10.000 11.000
11.000 5.000 10.000
7.000 3.000 8.000
13.000 7.000 9.000
9.000 8.000 9.000
8.000 6.000 9.000
5.000 3.000 10.000
11.000 5.000 12.000
4.000 6.000 3.000
6.000 3.000 6.000
7.000 2.000 9.000
6.000 4.000 7.000
9.000 6.000 8.000
11.000 4.000 2.000
11.000 3.000 4.000
7.000 3.000 4.000
11.000 5.000 3.000
15.000 10.000 3.000
12.000 8.000 10.000
14.000 9.000 6.000
21.000 4.000 7.000
18.000 10.000 17.000
18.000 18.000 10.000
19.000 25.000 21.000
27.000 28.000 27.000
25.000 44.000 39.000
28.000 33.000 39.000
20.000 59.000 39.000
