103.000 83.000 84.000
18.000 29.000 23.000
18.000 23.000 16.000
18.000 26.000 29.000
16.000 29.000 18.000
23.000 23.000 14.000
11.000 26.000 25.000
15.000 23.000 18.000
20.000 26.000 26.000
8.000 17.000 20.000
14.000 8.000 13.000
12.000 12.000 10.000
11.000 14.000 18.000
10.000 18.000 13.000
20.000 15.000 7.000
14.000 13.000 6.000
9.000 10.000 11.000
11.000 9.000 2.000
12.000 10.000 8.000
9.000 11.000 6.000
9.000 7.000 9.000
15.000 9.000 10.000
8.000 4.000 7.000
13.000 7.000 8.000
5.000 9.000 11.000
9.000 14.000 10.000
7.000 11.000 10.000
10.000 6.000 11.000
11.000 10.000 15.000
11.000 5.000 15.000
21.000 10.000 7.000
14.000 3.000 10.000
10.000 7.000 15.000
13.000 5.000 11.000
8.000 6.000 5.000
12.000 1.000 9.000
10.000 6.000 11.000
6.000 5.000 11.000
9.000 4.000 13.000
11.000 2.000 7.000
7.000 5.000 13.000
21.000 7.000 8.000
10.000 9.000 5.000
8.000 4.000 2.000
9.000 17.000 9.000
7.000 10.000 8.000
11.000 9.000 8.000
7.000 11.000 8.000
7.000 10.000 12.000
10.000 11.000 9.000
12.000 15.000 9.000
18.000 13.000 16.000
13.000 16.000 5.000
19.000 15.000 19.000
22.000 18.000 23.000
18.000 25.000 21.000
15.000 24.000 21.000
21.000 32.000 19.000
