46.000 39.000 72.000
14.000 19.000 17.000
13.000 15.000 9.000
5.000 9.000 10.000
15.000 4.000 4.000
9.000 14.000 11.000
12.000 17.000 14.000
12.000 20.000 5.000
13.000 15.000 8.000
11.000 10.000 11.000
7.000 13.000 8.000
8.000 9.000 11.000
19.000 23.000 8.000
13.000 13.000 10.000
13.000 17.000 10.000
11.000 14.000 14.000
10.000 13.000 8.000
8.000 4.000 10.000
8.000 13.000 7.000
10.000 12.000 12.000
13.000 6.000 5.000
9.000 11.000 5.000
5.000 6.000 6.000
11.000 4.000 12.000
9.000 9.000 8.000
12.000 7.000 8.000
2.000 9.000 15.000
7.000 9.000 8.000
12.000 5.000 12.000
8.000 2.000 11.000
8.000 7.000 13.000
16.000 5.000 19.000
16.000 7.000 6.000
8.000 3.000 15.000
9.000 3.000 19.000
6.000 2.000 13.000
8.000 9.000 14.000
7.000 6.000 19.000
14.000 5.000 8.000
14.000 10.000 15.000
11.000 9.000 19.000
15.000 4.000 14.000
8.000 15.000 11.000
18.000 11.000 7.000
8.000 10.000 15.000
13.000 15.000 10.000
7.000 17.000 13.000
13.000 20.000 14.000
15.000 11.000 9.000
11.000 15.000 18.000
21.000 13.000 14.000
19.000 22.000 26.000
27.000 11.000 18.000
19.000 18.000 27.000
26.000 15.000 32.000
26.000 24.000 26.000
24.000 39.000 33.000
34.000 26.000 24.000
