110.000 63.000 86.000
6.000 27.000 20.000
18.000 24.000 16.000
15.000 21.000 16.000
17.000 22.000 16.000
24.000 15.000 13.000
14.000 13.000 13.000
14.000 14.000 16.000
22.000 15.000 18.000
13.000 14.000 18.000
8.000 12.000 8.000
13.000 16.000 10.000
6.000 10.000 9.000
7.000 13.000 14.000
6.000 10.000 14.000
7.000 13.000 7.000
8.000 11.000 9.000
7.000 14.000 9.000
10.000 6.000 4.000
9.000 12.000 4.000
10.000 6.000 3.000
9.000 8.000 6.000
7.000 13.000 5.000
6.000 8.000 2.000
11.000 8.000 4.000
19.000 17.000 11.000
12.000 4.000 9.000
10.000 8.000 13.000
10.000 10.000 10.000
12.000 9.000 14.000
9.000 9.000 13.000
12.000 12.000 20.000
11.000 6.000 17.000
7.000 4.000 14.000
7.000 7.000 10.000
13.000 7.000 16.000
13.000 8.000 17.000
11.000 9.000 10.000
9.000 2.000 12.000
15.000 12.000 16.000
16.000 10.000 15.000
12.000 8.000 16.000
18.000 14.000 8.000
11.000 6.000 9.000
20.000 13.000 11.000
23.000 13.000 4.000
14.000 10.000 7.000
17.000 9.000 13.000
12.000 10.000 8.000
17.000 11.000 9.000
21.000 11.000 13.000
11.000 25.000 17.000
14.000 21.000 15.000
27.000 18.000 27.000
19.000 24.000 22.000
11.000 21.000 28.000
16.000 38.000 29.000
22.000 33.000 23.000
