94.000 53.000 71.000
5.000 23.000 15.000
13.000 29.000 9.000
8.000 13.000 20.000
14.000 13.000 22.000
7.000 16.000 14.000
14.000 19.000 10.000
14.000 12.000 8.000
12.000 14.000 12.000
13.000 17.000 5.000
6.000 9.000 12.000
11.000 9.000 8.000
6.000 9.000 18.000
6.000 9.000 12.000
9.000 14.000 5.000
5.000 15.000 5.000
9.000 7.000 5.000
3.000 9.000 6.000
9.000 8.000 4.000
6.000 9.000 7.000
8.000 4.000 7.000
11.000 5.000 5.000
11.000 7.000 6.000
8.000 2.000 6.000
9.000 4.000 7.000
6.000 10.000 3.000
6.000 6.000 8.000
12.000 8.000 4.000
15.000 7.000 11.000
12.000 11.000 7.000
11.000 7.000 5.000
11.000 8.000 7.000
18.000 2.000 10.000
14.000 3.000 13.000
8.000 5.000 8.000
13.000 1.000 5.000
12.000 7.000 8.000
9.000 6.000 13.000
9.000 6.000 7.000
5.000 2.000 8.000
15.000 5.000 3.000
11.000 1.000 16.000
9.000 5.000 8.000
11.000 5.000 9.000
14.000 8.000 5.000
10.000 7.000 8.000
25.000 10.000 6.000
16.000 3.000 4.000
20.000 10.000 7.000
9.000 11.000 6.000
17.000 10.000 9.000
17.000 16.000 10.000
22.000 20.000 21.000
29.000 20.000 30.000
21.000 38.000 22.000
25.000 39.000 37.000
21.000 51.000 42.000
18.000 56.000 49.000
