60.000 55.000 67.000
7.000 21.000 16.000
15.000 15.000 18.000
11.000 21.000 17.000
9.000 15.000 15.000
11.000 18.000 12.000
7.000 13.000 12.000
19.000 15.000 21.000
11.000 17.000 12.000
13.000 14.000 11.000
11.000 11.000 14.000
15.000 11.000 15.000
9.000 16.000 14.000
12.000 12.000 14.000
9.000 14.000 11.000
12.000 14.000 9.000
12.000 3.000 9.000
11.000 12.000 7.000
13.000 23.000 11.000
9.000 12.000 6.000
5.000 15.000 5.000
14.000 21.000 11.000
12.000 12.000 9.000
14.000 16.000 9.000
13.000 16.000 6.000
18.000 10.000 9.000
15.000 7.000 8.000
18.000 9.000 10.000
7.000 8.000 9.000
7.000 9.000 11.000
9.000 8.000 5.000
13.000 2.000 4.000
14.000 6.000 9.000
17.000 0.000 10.000
8.000 2.000 8.000
11.000 0.000 9.000
10.000 4.000 14.000
26.000 1.000 15.000
10.000 4.000 9.000
18.000 2.000 15.000
11.000 3.000 12.000
14.000 4.000 14.000
16.000 5.000 12.000
18.000 10.000 15.000
17.000 14.000 15.000
15.000 7.000 14.000
19.000 11.000 6.000
15.000 19.000 10.000
15.000 14.000 13.000
13.000 16.000 7.000
15.000 18.000 7.000
14.000 9.000 13.000
23.000 17.000 9.000
14.000 29.000 14.000
23.000 38.000 14.000
19.000 25.000 20.000
26.000 36.000 31.000
17.000 40.000 32.000
