113.000 83.000 87.000
13.000 25.000 11.000
12.000 25.000 10.000
7.000 20.000 15.000
21.000 21.000 19.000
11.000 14.000 11.000
5.000 17.000 18.000
10.000 16.000 16.000
14.000 21.000 13.000
16.000 22.000 9.000
6.000 15.000 18.000
18.000 14.000 15.000
6.000 13.000 14.000
7.000 9.000 12.000
20.000 24.000 11.000
17.000 16.000 10.000
21.000 12.000 9.000
17.000 15.000 8.000
11.000 10.000 8.000
10.000 9.000 16.000
9.000 5.000 10.000
16.000 14.000 5.000
8.000 7.000 14.000
16.000 13.000 7.000
13.000 8.000 10.000
9.000 8.000 8.000
16.000 10.000 9.000
17.000 11.000 14.000
15.000 9.000 14.000
10.000 11.000 9.000
13.000 4.000 12.000
14.000 7.000 14.000
11.000 6.000 22.000
12.000 5.000 15.000
9.000 7.000 14.000
10.000 6.000 19.000
9.000 7.000 23.000
15.000 2.000 12.000
15.000 4.000 16.000
10.000 5.000 8.000
17.000 14.000 9.000
16.000 5.000 16.000
9.000 11.000 10.000
13.000 9.000 7.000
10.000 15.000 14.000
9.000 12.000 10.000
12.000 13.000 10.000
7.000 19.000 10.000
17.000 14.000 8.000
9.000 13.000 15.000
7.000 14.000 11.000
14.000 14.000 14.000
13.000 18.000 14.000
14.000 14.000 12.000
17.000 18.000 23.000
20.000 23.000 16.000
10.000 20.000 25.000
21.000 39.000 18.000
