62.000 73.000 73.000
6.000 26.000 18.000
15.000 21.000 13.000
12.000 27.000 21.000
9.000 18.000 19.000
22.000 20.000 10.000
6.000 14.000 14.000
17.000 3.000 14.000
18.000 16.000 8.000
10.000 13.000 17.000
6.000 9.000 10.000
14.000 8.000 12.000
11.000 9.000 9.000
9.000 15.000 14.000
12.000 16.000 11.000
6.000 16.000 11.000
13.000 10.000 7.000
12.000 7.000 8.000
12.000 7.000 8.000
7.000 7.000 7.000
8.000 9.000 10.000
6.000 7.000 2.000
8.000 8.000 3.000
6.000 12.000 6.000
12.000 4.000 9.000
9.000 8.000 2.000
9.000 9.000 18.000
8.000 7.000 6.000
19.000 12.000 9.000
5.000 8.000 6.000
12.000 10.000 14.000
10.000 5.000 9.000
11.000 7.000 8.000
7.000 4.000 17.000
8.000 3.000 12.000
6.000 5.000 7.000
11.000 2.000 8.000
9.000 2.000 13.000
15.000 4.000 11.000
13.000 2.000 10.000
12.000 4.000 13.000
11.000 6.000 8.000
7.000 7.000 7.000
12.000 13.000 6.000
9.000 7.000 5.000
11.000 11.000 7.000
13.000 7.000 5.000
15.000 5.000 4.000
18.000 6.000 5.000
21.000 6.000 9.000
8.000 11.000 2.000
23.000 10.000 13.000
22.000 11.000 19.000
14.000 24.000 21.000
21.000 30.000 29.000
27.000 40.000 34.000
15.000 50.000 35.000
27.000 60.000 36.000
