120.000 90.000 108.000
6.000 26.000 25.000
23.000 32.000 12.000
9.000 30.000 19.000
18.000 21.000 19.000
14.000 21.000 17.000
16.000 22.000 16.000
24.000 17.000 17.000
15.000 10.000 18.000
9.000 12.000 10.000
9.000 11.000 14.000
19.000 12.000 12.000
12.000 13.000 9.000
10.000 10.000 9.000
10.000 16.000 15.000
11.000 12.000 7.000
8.000 11.000 13.000
16.000 9.000 8.000
11.000 6.000 11.000
12.000 14.000 11.000
15.000 10.000 4.000
9.000 8.000 7.000
7.000 14.000 12.000
6.000 7.000 7.000
8.000 6.000 8.000
10.000 12.000 6.000
9.000 7.000 10.000
9.000 7.000 10.000
10.000 7.000 10.000
17.000 9.000 16.000
14.000 4.000 12.000
7.000 7.000 14.000
4.000 5.000 12.000
7.000 0.000 9.000
5.000 6.000 16.000
10.000 5.000 5.000
12.000 5.000 11.000
6.000 5.000 8.000
9.000 4.000 10.000
5.000 2.000 4.000
11.000 8.000 6.000
10.000 5.000 6.000
10.000 9.000 9.000
9.000 11.000 3.000
5.000 10.000 8.000
10.000 5.000 7.000
10.000 10.000 6.000
17.000 10.000 7.000
11.000 7.000 3.000
10.000 3.000 6.000
13.000 9.000 8.000
13.000 8.000 15.000
16.000 19.000 14.000
11.000 15.000 21.000
11.000 26.000 26.000
28.000 34.000 24.000
23.000 21.000 33.000
26.000 42.000 34.000
