90.000 77.000 95.000
15.000 21.000 23.000
12.000 35.000 15.000
10.000 29.000 15.000
13.000 25.000 30.000
21.000 22.000 17.000
13.000 17.000 13.000
17.000 18.000 17.000
18.000 16.000 23.000
19.000 17.000 18.000
13.000 13.000 12.000
11.000 11.000 14.000
17.000 9.000 11.000
14.000 8.000 8.000
11.000 17.000 10.000
9.000 8.000 8.000
12.000 13.000 2.000
9.000 9.000 7.000
11.000 14.000 7.000
7.000 12.000 6.000
5.000 6.000 6.000
12.000 10.000 5.000
7.000 7.000 5.000
7.000 9.000 5.000
16.000 11.000 4.000
13.000 6.000 5.000
6.000 4.000 12.000
11.000 9.000 13.000
14.000 10.000 10.000
9.000 7.000 12.000
14.000 6.000 19.000
12.000 9.000 10.000
7.000 7.000 14.000
10.000 3.000 14.000
9.000 2.000 14.000
8.000 6.000 10.000
15.000 4.000 14.000
9.000 9.000 7.000
13.000 4.000 14.000
6.000 5.000 11.000
12.000 6.000 8.000
9.000 7.000 6.000
10.000 10.000 13.000
9.000 7.000 10.000
7.000 11.000 12.000
10.000 9.000 5.000
12.000 12.000 3.000
13.000 11.000 3.000
12.000 15.000 2.000
14.000 5.000 8.000
12.000 11.000 8.000
15.000 11.000 10.000
12.000 15.000 7.000
17.000 24.000 13.000
17.000 30.000 16.000
15.000 22.000 27.000
22.000 40.000 21.000
23.000 37.000 22.000
