62.000 45.000 51.000
7.000 22.000 13.000
16.000 20.000 6.000
9.000 14.000 12.000
7.000 7.000 10.000
9.000 7.000 4.000
5.000 7.000 10.000
8.000 5.000 6.000
7.000 9.000 4.000
9.000 9.000 4.000
10.000 13.000 8.000
7.000 9.000 10.000
8.000 10.000 6.000
11.000 10.000 6.000
10.000 9.000 11.000
5.000 5.000 7.000
6.000 19.000 4.000
9.000 6.000 3.000
9.000 15.000 6.000
10.000 11.000 3.000
7.000 13.000 6.000
9.000 5.000 2.000
5.000 8.000 4.000
9.000 15.000 1.000
6.000 5.000 5.000
11.000 7.000 2.000
8.000 4.000 3.000
8.000 8.000 12.000
11.000 4.000 7.000
11.000 3.000 10.000
12.000 4.000 8.000
7.000 8.000 15.000
8.000 2.000 18.000
7.000 8.000 17.000
8.000 2.000 13.000
5.000 4.000 14.000
7.000 3.000 9.000
8.000 4.000 10.000
8.000 2.000 5.000
14.000 2.000 9.000
14.000 3.000 4.000
12.000 6.000 7.000
13.000 4.000 8.000
18.000 3.000 8.000
11.000 9.000 9.000
20.000 5.000 5.000
19.000 11.000 5.000
20.000 5.000 9.000
20.000 8.000 10.000
18.000 13.000 6.000
14.000 16.000 15.000
34.000 19.000 13.000
20.000 30.000 10.000
23.000 29.000 18.000
33.000 40.000 29.000
25.000 51.000 24.000
35.000 59.000 29.000
19.000 57.000 45.000
