85.000 62.000 63.000
8.000 24.000 22.000
20.000 23.000 9.000
13.000 20.000 19.000
18.000 21.000 21.000
13.000 15.000 14.000
16.000 16.000 16.000
24.000 14.000 15.000
11.000 13.000 14.000
12.000 10.000 21.000
6.000 15.000 12.000
11.000 9.000 13.000
13.000 10.000 6.000
11.000 8.000 10.000
4.000 15.000 8.000
19.000 9.000 2.000
9.000 11.000 10.000
12.000 11.000 6.000
11.000 9.000 6.000
5.000 9.000 7.000
6.000 6.000 7.000
11.000 8.000 7.000
8.000 5.000 3.000
8.000 8.000 6.000
7.000 10.000 5.000
6.000 4.000 9.000
6.000 14.000 15.000
6.000 12.000 11.000
7.000 11.000 5.000
10.000 7.000 8.000
9.000 9.000 9.000
11.000 5.000 9.000
3.000 8.000 13.000
7.000 6.000 16.000
10.000 3.000 10.000
9.000 1.000 8.000
5.000 10.000 16.000
15.000 4.000 7.000
13.000 3.000 10.000
7.000 2.000 7.000
7.000 5.000 10.000
15.000 3.000 9.000
16.000 9.000 6.000
2.000 5.000 5.000
12.000 7.000 10.000
15.000 10.000 5.000
12.000 13.000 10.000
12.000 4.000 2.000
21.000 7.000 10.000
15.000 10.000 6.000
18.000 11.000 11.000
16.000 21.000 12.000
22.000 18.000 15.000
17.000 20.000 20.000
28.000 27.000 14.000
19.000 39.000 26.000
29.000 35.000 40.000
36.000 41.000 38.000
