105.000 80.000 108.000
16.000 29.000 19.000
26.000 24.000 17.000
11.000 18.000 24.000
18.000 28.000 22.000
12.000 22.000 19.000
12.000 24.000 12.000
15.000 20.000 17.000
11.000 13.000 19.000
23.000 10.000 20.000
15.000 11.000 16.000
13.000 13.000 10.000
15.000 14.000 19.000
11.000 15.000 15.000
11.000 14.000 8.000
15.000 7.000 7.000
4.000 13.000 5.000
11.000 4.000 2.000
14.000 17.000 9.000
8.000 8.000 2.000
10.000 7.000 1.000
5.000 7.000 10.000
2.000 6.000 6.000
7.000 5.000 7.000
5.000 2.000 4.000
12.000 9.000 2.000
3.000 6.000 2.000
3.000 7.000 7.000
7.000 7.000 14.000
12.000 5.000 9.000
8.000 5.000 8.000
6.000 5.000 13.000
2.000 1.000 11.000
8.000 3.000 8.000
6.000 3.000 7.000
8.000 4.000 9.000
5.000 0.000 11.000
6.000 4.000 5.000
1.000 5.000 10.000
13.000 5.000 4.000
8.000 3.000 6.000
9.000 5.000 5.000
10.000 8.000 4.000
11.000 7.000 6.000
11.000 3.000 5.000
8.000 4.000 8.000
12.000 8.000 4.000
16.000 7.000 2.000
13.000 9.000 4.000
10.000 7.000 8.000
15.000 12.000 11.000
23.000 9.000 10.000
22.000 19.000 22.000
28.000 17.000 17.000
24.000 28.000 25.000
27.000 37.000 31.000
27.000 45.000 40.000
23.000 48.000 37.000
