80.000 76.000 63.000
8.000 27.000 27.000
23.000 24.000 15.000
7.000 23.000 25.000
17.000 14.000 26.000
10.000 18.000 10.000
11.000 14.000 12.000
7.000 16.000 14.000
14.000 14.000 10.000
15.000 9.000 20.000
15.000 8.000 13.000
17.000 10.000 16.000
9.000 16.000 6.000
17.000 17.000 11.000
6.000 13.000 9.000
7.000 6.000 7.000
7.000 13.000 6.000
3.000 12.000 5.000
11.000 7.000 9.000
14.000 7.000 4.000
11.000 16.000 4.000
5.000 7.000 9.000
14.000 7.000 11.000
9.000 4.000 7.000
11.000 12.000 5.000
14.000 7.000 7.000
5.000 10.000 9.000
5.000 3.000 4.000
14.000 9.000 8.000
3.000 5.000 7.000
13.000 3.000 6.000
12.000 3.000 12.000
14.000 0.000 2.000
10.000 3.000 8.000
10.000 1.000 8.000
10.000 2.000 7.000
8.000 1.000 9.000
8.000 5.000 3.000
8.000 2.000 10.000
9.000 4.000 9.000
12.000 5.000 7.000
15.000 5.000 7.000
18.000 7.000 5.000
10.000 4.000 7.000
13.000 7.000 2.000
16.000 3.000 9.000
14.000 6.000 5.000
13.000 11.000 2.000
11.000 3.000 6.000
12.000 8.000 5.000
16.000 16.000 11.000
19.000 10.000 10.000
21.000 15.000 18.000
27.000 21.000 18.000
33.000 29.000 18.000
31.000 43.000 25.000
21.000 54.000 35.000
22.000 57.000 45.000
