76.000 63.000 73.000
15.000 29.000 27.000
25.000 27.000 18.000
16.000 18.000 36.000
20.000 20.000 22.000
16.000 19.000 19.000
18.000 19.000 13.000
12.000 18.000 20.000
9.000 9.000 14.000
14.000 12.000 16.000
17.000 19.000 17.000
18.000 16.000 9.000
15.000 16.000 20.000
14.000 20.000 12.000
7.000 18.000 12.000
8.000 16.000 12.000
26.000 19.000 13.000
17.000 18.000 11.000
15.000 13.000 12.000
17.000 9.000 6.000
12.000 12.000 13.000
9.000 5.000 6.000
6.000 13.000 8.000
12.000 5.000 9.000
5.000 4.000 3.000
5.000 10.000 6.000
6.000 3.000 2.000
15.000 5.000 13.000
10.000 6.000 15.000
3.000 10.000 10.000
7.000 4.000 13.000
2.000 6.000 6.000
10.000 3.000 10.000
6.000 4.000 6.000
10.000 4.000 8.000
5.000 2.000 1.000
3.000 7.000 5.000
10.000 2.000 6.000
4.000 5.000 8.000
10.000 2.000 8.000
3.000 3.000 7.000
9.000 1.000 8.000
7.000 7.000 9.000
10.000 7.000 5.000
10.000 6.000 3.000
12.000 8.000 2.000
11.000 7.000 8.000
13.000 9.000 8.000
11.000 5.000 8.000
19.000 9.000 11.000
18.000 5.000 9.000
18.000 10.000 12.000
22.000 16.000 16.000
23.000 19.000 11.000
23.000 20.000 31.000
22.000 34.000 38.000
25.000 38.000 32.000
27.000 55.000 45.000
