80.000 55.000 76.000
9.000 32.000 24.000
14.000 22.000 19.000
14.000 11.000 23.000
15.000 26.000 11.000
15.000 19.000 20.000
6.000 17.000 18.000
13.000 16.000 13.000
13.000 13.000 11.000
11.000 15.000 11.000
11.000 13.000 9.000
6.000 15.000 10.000
9.000 10.000 9.000
10.000 8.000 10.000
7.000 9.000 11.000
10.000 15.000 9.000
11.000 11.000 13.000
9.000 5.000 6.000
8.000 9.000 9.000
10.000 4.000 6.000
12.000 4.000 6.000
8.000 8.000 6.000
7.000 8.000 6.000
11.000 4.000 5.000
6.000 8.000 8.000
9.000 5.000 8.000
7.000 8.000 7.000
10.000 5.000 9.000
9.000 8.000 13.000
5.000 6.000 15.000
9.000 6.000 5.000
7.000 4.000 4.000
7.000 3.000 6.000
7.000 5.000 12.000
9.000 3.000 1.000
8.000 2.000 4.000
6.000 4.000 10.000
7.000 2.000 5.000
5.000 2.000 6.000
10.000 2.000 3.000
12.000 4.000 1.000
13.000 3.000 2.000
3.000 3.000 2.000
11.000 5.000 3.000
5.000 5.000 3.000
7.000 4.000 2.000
9.000 3.000 3.000
9.000 3.000 4.000
9.000 2.000 6.000
12.000 4.000 7.000
17.000 8.000 7.000
8.000 10.000 13.000
21.000 16.000 19.000
26.000 18.000 21.000
24.000 16.000 30.000
29.000 51.000 27.000
29.000 62.000 63.000
33.000 69.000 34.000
