118.000 124.000 130.000
9.000 42.000 43.000
33.000 34.000 9.000
14.000 32.000 29.000
33.000 19.000 22.000
18.000 20.000 10.000
16.000 12.000 15.000
9.000 15.000 17.000
11.000 6.000 14.000
13.000 12.000 13.000
7.000 13.000 19.000
16.000 13.000 9.000
11.000 19.000 10.000
15.000 8.000 7.000
12.000 14.000 14.000
11.000 15.000 11.000
8.000 8.000 11.000
13.000 11.000 5.000
7.000 6.000 5.000
9.000 9.000 3.000
11.000 5.000 8.000
7.000 7.000 6.000
9.000 8.000 5.000
8.000 8.000 6.000
8.000 4.000 5.000
8.000 7.000 7.000
7.000 6.000 12.000
10.000 8.000 8.000
6.000 13.000 9.000
5.000 4.000 11.000
8.000 4.000 13.000
8.000 2.000 9.000
8.000 3.000 5.000
11.000 2.000 13.000
8.000 4.000 6.000
6.000 1.000 13.000
11.000 2.000 5.000
5.000 1.000 2.000
5.000 6.000 3.000
7.000 3.000 8.000
4.000 4.000 2.000
10.000 4.000 4.000
10.000 6.000 7.000
8.000 4.000 1.000
7.000 9.000 5.000
6.000 6.000 2.000
16.000 8.000 2.000
4.000 5.000 4.000
10.000 2.000 6.000
7.000 5.000 4.000
6.000 6.000 5.000
10.000 12.000 14.000
8.000 9.000 13.000
20.000 16.000 15.000
11.000 19.000 20.000
32.000 35.000 35.000
23.000 42.000 33.000
26.000 60.000 33.000
