102.000 130.000 103.000
15.000 37.000 29.000
21.000 30.000 25.000
17.000 27.000 24.000
22.000 25.000 22.000
22.000 19.000 18.000
16.000 26.000 22.000
29.000 20.000 17.000
25.000 21.000 22.000
11.000 15.000 15.000
15.000 17.000 19.000
27.000 18.000 14.000
14.000 15.000 14.000
11.000 15.000 12.000
14.000 15.000 11.000
17.000 15.000 17.000
13.000 5.000 8.000
13.000 16.000 10.000
14.000 10.000 10.000
12.000 10.000 8.000
7.000 2.000 6.000
7.000 7.000 12.000
13.000 3.000 8.000
14.000 11.000 12.000
8.000 9.000 9.000
14.000 6.000 7.000
10.000 10.000 9.000
8.000 10.000 15.000
12.000 10.000 13.000
14.000 6.000 14.000
8.000 4.000 12.000
16.000 7.000 14.000
10.000 4.000 7.000
15.000 6.000 11.000
9.000 4.000 10.000
9.000 1.000 12.000
7.000 6.000 9.000
6.000 6.000 10.000
6.000 10.000 6.000
8.000 7.000 10.000
7.000 5.000 14.000
9.000 6.000 6.000
8.000 4.000 9.000
11.000 9.000 4.000
9.000 2.000 4.000
6.000 7.000 4.000
9.000 9.000 7.000
9.000 7.000 5.000
5.000 8.000 2.000
11.000 13.000 6.000
12.000 8.000 7.000
10.000 10.000 10.000
12.000 15.000 14.000
17.000 19.000 11.000
13.000 18.000 12.000
13.000 29.000 14.000
17.000 28.000 24.000
17.000 27.000 30.000
