100.000 96.000 159.000
11.000 36.000 36.000
27.000 38.000 19.000
20.000 37.000 14.000
26.000 28.000 20.000
21.000 23.000 15.000
13.000 21.000 16.000
20.000 20.000 21.000
18.000 14.000 15.000
21.000 18.000 19.000
16.000 9.000 16.000
15.000 22.000 9.000
17.000 18.000 16.000
7.000 24.000 11.000
21.000 18.000 16.000
17.000 13.000 10.000
17.000 8.000 7.000
15.000 22.000 12.000
12.000 8.000 17.000
22.000 12.000 5.000
11.000 6.000 7.000
14.000 11.000 7.000
15.000 7.000 3.000
10.000 11.000 5.000
9.000 11.000 7.000
13.000 8.000 9.000
9.000 5.000 9.000
13.000 11.000 13.000
12.000 3.000 13.000
12.000 6.000 12.000
11.000 8.000 9.000
11.000 3.000 12.000
9.000 4.000 11.000
10.000 5.000 8.000
6.000 8.000 11.000
11.000 4.000 7.000
13.000 2.000 6.000
11.000 12.000 6.000
5.000 4.000 11.000
12.000 9.000 8.000
7.000 8.000 8.000
11.000 5.000 12.000
3.000 10.000 6.000
8.000 6.000 10.000
17.000 7.000 5.000
7.000 4.000 2.000
6.000 2.000 5.000
7.000 4.000 4.000
9.000 10.000 3.000
5.000 7.000 7.000
9.000 7.000 5.000
13.000 10.000 11.000
14.000 8.000 17.000
16.000 15.000 17.000
12.000 21.000 16.000
15.000 22.000 17.000
14.000 37.000 14.000
23.000 45.000 18.000
