73.000 74.000 74.000
7.000 18.000 18.000
10.000 26.000 11.000
11.000 15.000 15.000
13.000 18.000 11.000
17.000 14.000 18.000
8.000 14.000 12.000
11.000 15.000 13.000
10.000 23.000 15.000
15.000 22.000 12.000
13.000 16.000 20.000
16.000 12.000 20.000
14.000 14.000 11.000
13.000 12.000 13.000
13.000 17.000 21.000
14.000 18.000 13.000
16.000 21.000 11.000
8.000 22.000 11.000
20.000 13.000 8.000
14.000 11.000 10.000
15.000 21.000 13.000
12.000 13.000 7.000
12.000 13.000 11.000
11.000 12.000 5.000
17.000 13.000 11.000
13.000 10.000 9.000
18.000 15.000 18.000
23.000 8.000 18.000
16.000 6.000 18.000
13.000 6.000 12.000
14.000 5.000 14.000
14.000 7.000 19.000
17.000 11.000 20.000
12.000 7.000 21.000
19.000 3.000 18.000
20.000 15.000 17.000
12.000 7.000 21.000
23.000 10.000 15.000
15.000 8.000 13.000
14.000 12.000 16.000
12.000 13.000 15.000
7.000 8.000 3.000
15.000 14.000 12.000
13.000 10.000 12.000
8.000 18.000 10.000
10.000 9.000 11.000
9.000 17.000 6.000
16.000 14.000 13.000
14.000 9.000 12.000
21.000 13.000 9.000
11.000 8.000 9.000
8.000 15.000 12.000
14.000 18.000 16.000
18.000 24.000 16.000
10.000 12.000 14.000
18.000 26.000 16.000
13.000 22.000 23.000
13.000 25.000 13.000
