83.000 57.000 84.000
8.000 34.000 19.000
19.000 33.000 14.000
12.000 25.000 21.000
11.000 17.000 21.000
25.000 26.000 15.000
15.000 18.000 26.000
18.000 22.000 14.000
9.000 15.000 21.000
13.000 12.000 19.000
26.000 15.000 12.000
14.000 18.000 15.000
15.000 18.000 12.000
9.000 12.000 12.000
7.000 16.000 8.000
10.000 7.000 12.000
12.000 10.000 9.000
10.000 12.000 6.000
17.000 9.000 12.000
10.000 8.000 7.000
9.000 9.000 7.000
16.000 10.000 3.000
8.000 5.000 5.000
10.000 9.000 9.000
6.000 7.000 12.000
6.000 4.000 8.000
7.000 9.000 9.000
5.000 7.000 6.000
3.000 7.000 7.000
5.000 5.000 12.000
7.000 5.000 12.000
9.000 5.000 10.000
10.000 3.000 8.000
6.000 3.000 12.000
9.000 4.000 9.000
7.000 2.000 11.000
10.000 1.000 12.000
9.000 6.000 9.000
6.000 3.000 6.000
6.000 6.000 3.000
5.000 6.000 8.000
6.000 7.000 8.000
15.000 8.000 7.000
11.000 9.000 8.000
13.000 11.000 10.000
10.000 9.000 10.000
19.000 8.000 4.000
14.000 9.000 2.000
10.000 16.000 8.000
10.000 7.000 6.000
13.000 8.000 10.000
11.000 17.000 12.000
12.000 13.000 15.000
14.000 19.000 14.000
29.000 24.000 18.000
16.000 32.000 17.000
23.000 33.000 25.000
20.000 62.000 38.000
