122.000 61.000 120.000
10.000 33.000 26.000
21.000 43.000 15.000
9.000 25.000 18.000
16.000 19.000 19.000
21.000 18.000 15.000
13.000 18.000 12.000
14.000 22.000 14.000
19.000 11.000 15.000
10.000 15.000 15.000
6.000 12.000 14.000
10.000 17.000 11.000
12.000 10.000 8.000
19.000 7.000 15.000
16.000 16.000 11.000
7.000 9.000 12.000
4.000 7.000 7.000
10.000 5.000 5.000
10.000 8.000 6.000
11.000 10.000 8.000
3.000 6.000 3.000
6.000 4.000 2.000
7.000 4.000 2.000
8.000 8.000 5.000
11.000 9.000 3.000
11.000 5.000 6.000
5.000 8.000 8.000
9.000 11.000 13.000
11.000 7.000 11.000
6.000 5.000 10.000
5.000 6.000 16.000
7.000 3.000 6.000
8.000 6.000 3.000
6.000 4.000 5.000
5.000 1.000 7.000
7.000 1.000 11.000
6.000 3.000 4.000
4.000 1.000 7.000
5.000 9.000 6.000
4.000 4.000 4.000
5.000 8.000 2.000
2.000 3.000 4.000
3.000 5.000 4.000
7.000 9.000 1.000
1.000 4.000 3.000
2.000 5.000 2.000
4.000 0.000 7.000
10.000 3.000 1.000
2.000 4.000 6.000
9.000 8.000 1.000
5.000 8.000 5.000
18.000 6.000 12.000
17.000 12.000 11.000
18.000 13.000 22.000
26.000 24.000 25.000
36.000 33.000 25.000
45.000 51.000 34.000
43.000 52.000 59.000
