97.000 72.000 70.000
3.000 29.000 34.000
16.000 23.000 14.000
13.000 19.000 24.000
14.000 20.000 19.000
16.000 12.000 9.000
8.000 12.000 12.000
15.000 23.000 11.000
12.000 10.000 7.000
11.000 7.000 17.000
7.000 10.000 11.000
16.000 14.000 17.000
6.000 12.000 10.000
5.000 16.000 13.000
9.000 20.000 13.000
9.000 9.000 9.000
6.000 15.000 10.000
12.000 15.000 9.000
10.000 9.000 8.000
11.000 9.000 9.000
10.000 6.000 3.000
8.000 3.000 5.000
12.000 7.000 10.000
9.000 8.000 5.000
10.000 8.000 7.000
7.000 5.000 5.000
10.000 7.000 3.000
8.000 8.000 8.000
6.000 8.000 14.000
8.000 6.000 15.000
11.000 3.000 14.000
6.000 9.000 7.000
8.000 3.000 11.000
11.000 2.000 7.000
6.000 2.000 6.000
6.000 4.000 6.000
7.000 1.000 5.000
4.000 1.000 3.000
5.000 4.000 3.000
9.000 5.000 9.000
2.000 6.000 7.000
11.000 3.000 5.000
13.000 2.000 5.000
10.000 6.000 10.000
13.000 5.000 4.000
8.000 2.000 3.000
12.000 5.000 5.000
15.000 5.000 4.000
16.000 4.000 1.000
19.000 7.000 6.000
17.000 14.000 12.000
11.000 15.000 12.000
22.000 23.000 26.000
20.000 33.000 21.000
19.000 25.000 24.000
19.000 36.000 44.000
27.000 43.000 39.000
23.000 63.000 43.000
