101.000 82.000 71.000
4.000 20.000 17.000
20.000 17.000 9.000
15.000 18.000 20.000
23.000 15.000 14.000
13.000 19.000 12.000
12.000 19.000 26.000
14.000 23.000 15.000
12.000 10.000 18.000
14.000 15.000 17.000
17.000 9.000 11.000
11.000 11.000 18.000
14.000 15.000 13.000
11.000 14.000 10.000
8.000 18.000 8.000
11.000 16.000 10.000
12.000 17.000 11.000
17.000 13.000 8.000
14.000 8.000 8.000
5.000 11.000 4.000
9.000 9.000 6.000
11.000 13.000 5.000
9.000 10.000 7.000
10.000 8.000 7.000
11.000 3.000 12.000
7.000 6.000 11.000
8.000 11.000 15.000
12.000 13.000 12.000
8.000 8.000 8.000
15.000 6.000 12.000
10.000 4.000 13.000
9.000 0.000 7.000
11.000 7.000 16.000
14.000 3.000 14.000
4.000 10.000 10.000
8.000 2.000 10.000
5.000 3.000 8.000
8.000 1.000 9.000
4.000 6.000 17.000
9.000 10.000 11.000
16.000 3.000 7.000
7.000 8.000 11.000
7.000 8.000 14.000
10.000 9.000 6.000
12.000 8.000 4.000
13.000 7.000 7.000
12.000 15.000 5.000
14.000 8.000 16.000
14.000 5.000 6.000
13.000 14.000 7.000
16.000 15.000 5.000
14.000 13.000 11.000
17.000 22.000 10.000
14.000 16.000 15.000
26.000 27.000 19.000
26.000 32.000 24.000
19.000 39.000 32.000
22.000 34.000 31.000
