119.000 94.000 157.000
12.000 20.000 27.000
8.000 38.000 17.000
8.000 29.000 22.000
19.000 31.000 15.000
18.000 21.000 12.000
13.000 29.000 19.000
14.000 25.000 24.000
11.000 21.000 11.000
14.000 15.000 16.000
9.000 18.000 17.000
18.000 24.000 10.000
14.000 14.000 11.000
12.000 19.000 14.000
15.000 18.000 10.000
10.000 19.000 9.000
17.000 10.000 11.000
21.000 11.000 8.000
11.000 11.000 10.000
10.000 9.000 7.000
12.000 7.000 7.000
17.000 4.000 11.000
17.000 10.000 9.000
16.000 8.000 9.000
10.000 4.000 18.000
15.000 4.000 13.000
11.000 4.000 13.000
12.000 14.000 19.000
12.000 7.000 17.000
17.000 10.000 12.000
8.000 9.000 18.000
11.000 6.000 12.000
17.000 2.000 14.000
12.000 5.000 20.000
11.000 6.000 14.000
10.000 6.000 10.000
9.000 4.000 10.000
5.000 3.000 10.000
2.000 9.000 9.000
4.000 10.000 6.000
11.000 9.000 7.000
13.000 10.000 10.000
8.000 11.000 6.000
6.000 13.000 7.000
12.000 13.000 6.000
7.000 12.000 8.000
10.000 10.000 5.000
8.000 9.000 12.000
9.000 12.000 7.000
9.000 10.000 15.000
13.000 4.000 7.000
13.000 8.000 13.000
6.000 8.000 8.000
13.000 8.000 13.000
17.000 13.000 17.000
21.000 20.000 20.000
14.000 25.000 18.000
13.000 18.000 20.000
