111.000 101.000 87.000
19.000 39.000 37.000
47.000 27.000 21.000
25.000 28.000 40.000
23.000 32.000 35.000
22.000 20.000 26.000
15.000 25.000 25.000
20.000 16.000 24.000
24.000 20.000 18.000
15.000 20.000 16.000
21.000 17.000 8.000
11.000 8.000 15.000
17.000 22.000 18.000
11.000 20.000 12.000
20.000 11.000 12.000
14.000 21.000 14.000
9.000 16.000 13.000
10.000 17.000 11.000
11.000 6.000 11.000
8.000 9.000 11.000
12.000 5.000 8.000
5.000 6.000 5.000
7.000 5.000 2.000
4.000 5.000 5.000
6.000 5.000 6.000
9.000 7.000 3.000
6.000 6.000 6.000
4.000 3.000 9.000
8.000 8.000 5.000
10.000 8.000 5.000
11.000 3.000 8.000
7.000 6.000 7.000
2.000 2.000 4.000
4.000 1.000 9.000
5.000 1.000 10.000
11.000 1.000 5.000
4.000 2.000 3.000
6.000 1.000 5.000
4.000 2.000 3.000
7.000 3.000 3.000
3.000 0.000 6.000
6.000 2.000 4.000
5.000 4.000 5.000
7.000 2.000 0.000
4.000 5.000 2.000
4.000 4.000 0.000
7.000 3.000 2.000
6.000 6.000 4.000
7.000 4.000 5.000
7.000 2.000 1.000
9.000 8.000 3.000
7.000 10.000 8.000
12.000 7.000 13.000
17.000 15.000 15.000
25.000 28.000 17.000
15.000 41.000 19.000
30.000 41.000 34.000
27.000 44.000 30.000
