52.000 59.000 58.000
4.000 10.000 12.000
13.000 16.000 13.000
11.000 12.000 17.000
11.000 18.000 18.000
18.000 8.000 9.000
11.000 17.000 15.000
14.000 13.000 16.000
6.000 18.000 14.000
18.000 21.000 13.000
10.000 15.000 11.000
13.000 17.000 16.000
23.000 22.000 17.000
19.000 16.000 17.000
13.000 12.000 11.000
17.000 22.000 18.000
12.000 23.000 11.000
10.000 8.000 3.000
15.000 16.000 8.000
15.000 17.000 9.000
11.000 12.000 14.000
23.000 15.000 5.000
17.000 19.000 12.000
13.000 16.000 15.000
24.000 14.000 10.000
14.000 11.000 7.000
19.000 11.000 24.000
16.000 16.000 8.000
19.000 17.000 18.000
14.000 10.000 18.000
15.000 6.000 17.000
19.000 8.000 20.000
16.000 8.000 17.000
10.000 9.000 25.000
16.000 14.000 30.000
19.000 6.000 19.000
14.000 4.000 16.000
21.000 7.000 9.000
16.000 9.000 20.000
20.000 10.000 24.000
19.000 6.000 13.000
13.000 12.000 13.000
12.000 12.000 12.000
14.000 16.000 15.000
10.000 15.000 14.000
8.000 21.000 7.000
10.000 16.000 15.000
12.000 25.000 11.000
13.000 15.000 8.000
12.000 15.000 11.000
14.000 12.000 14.000
20.000 12.000 15.000
21.000 17.000 11.000
16.000 20.000 12.000
7.000 22.000 16.000
6.000 29.000 10.000
14.000 16.000 11.000
8.000 22.000 10.000
