69.000 94.000 87.000
9.000 22.000 24.000
22.000 22.000 14.000
6.000 19.000 28.000
26.000 16.000 20.000
12.000 24.000 16.000
17.000 13.000 21.000
18.000 19.000 23.000
7.000 14.000 11.000
12.000 9.000 7.000
9.000 9.000 11.000
8.000 5.000 8.000
14.000 8.000 8.000
6.000 5.000 5.000
5.000 10.000 6.000
4.000 9.000 5.000
14.000 6.000 5.000
4.000 7.000 3.000
11.000 8.000 2.000
8.000 4.000 3.000
6.000 9.000 4.000
4.000 2.000 1.000
8.000 6.000 4.000
9.000 5.000 4.000
3.000 6.000 8.000
9.000 11.000 10.000
6.000 10.000 9.000
8.000 5.000 8.000
9.000 7.000 14.000
9.000 14.000 11.000
10.000 8.000 8.000
6.000 6.000 8.000
6.000 6.000 6.000
9.000 6.000 9.000
11.000 4.000 11.000
7.000 5.000 6.000
7.000 2.000 10.000
13.000 1.000 6.000
9.000 5.000 10.000
8.000 8.000 8.000
13.000 5.000 11.000
10.000 9.000 11.000
9.000 5.000 5.000
16.000 6.000 6.000
10.000 6.000 7.000
7.000 4.000 5.000
11.000 3.000 8.000
19.000 7.000 10.000
20.000 8.000 9.000
14.000 12.000 12.000
18.000 6.000 9.000
11.000 12.000 9.000
12.000 19.000 13.000
29.000 14.000 26.000
23.000 28.000 29.000
30.000 33.000 31.000
22.000 47.000 45.000
21.000 52.000 27.000
