86.000 64.000 68.000
12.000 33.000 29.000
25.000 34.000 20.000
19.000 15.000 25.000
20.000 21.000 23.000
15.000 22.000 23.000
12.000 22.000 24.000
18.000 23.000 12.000
9.000 11.000 13.000
18.000 14.000 13.000
12.000 6.000 6.000
13.000 8.000 10.000
15.000 13.000 11.000
9.000 7.000 12.000
5.000 7.000 11.000
6.000 6.000 6.000
8.000 13.000 10.000
5.000 7.000 5.000
8.000 5.000 4.000
3.000 1.000 5.000
6.000 4.000 0.000
4.000 2.000 4.000
7.000 3.000 3.000
5.000 3.000 3.000
3.000 4.000 4.000
3.000 3.000 4.000
6.000 2.000 1.000
6.000 5.000 6.000
3.000 3.000 6.000
6.000 12.000 10.000
7.000 2.000 4.000
2.000 7.000 6.000
3.000 3.000 4.000
7.000 2.000 2.000
3.000 2.000 2.000
6.000 2.000 2.000
1.000 0.000 5.000
6.000 5.000 3.000
1.000 2.000 4.000
1.000 4.000 3.000
3.000 3.000 5.000
4.000 6.000 5.000
4.000 3.000 4.000
3.000 2.000 2.000
6.000 0.000 2.000
5.000 5.000 2.000
8.000 3.000 4.000
4.000 2.000 3.000
10.000 5.000 2.000
7.000 3.000 2.000
11.000 6.000 7.000
14.000 5.000 6.000
23.000 6.000 13.000
33.000 14.000 21.000
22.000 20.000 28.000
40.000 37.000 47.000
44.000 57.000 57.000
47.000 90.000 63.000
