102.000 66.000 91.000
12.000 34.000 21.000
24.000 19.000 18.000
14.000 27.000 18.000
16.000 25.000 13.000
18.000 24.000 21.000
8.000 11.000 13.000
11.000 16.000 16.000
11.000 16.000 16.000
11.000 13.000 14.000
13.000 12.000 16.000
12.000 5.000 6.000
12.000 6.000 9.000
3.000 19.000 10.000
6.000 8.000 4.000
4.000 10.000 7.000
9.000 8.000 6.000
8.000 11.000 7.000
8.000 9.000 5.000
6.000 10.000 4.000
10.000 6.000 3.000
4.000 2.000 5.000
7.000 7.000 2.000
3.000 4.000 7.000
8.000 4.000 5.000
4.000 5.000 12.000
12.000 6.000 9.000
8.000 7.000 8.000
2.000 9.000 9.000
10.000 7.000 10.000
5.000 5.000 10.000
9.000 2.000 7.000
4.000 3.000 7.000
6.000 2.000 4.000
7.000 5.000 10.000
8.000 4.000 12.000
2.000 2.000 11.000
11.000 1.000 5.000
11.000 4.000 4.000
7.000 5.000 7.000
5.000 7.000 4.000
11.000 3.000 5.000
7.000 7.000 3.000
3.000 4.000 9.000
11.000 3.000 3.000
9.000 8.000 7.000
9.000 7.000 3.000
15.000 6.000 7.000
9.000 8.000 6.000
12.000 5.000 6.000
15.000 9.000 12.000
13.000 13.000 8.000
19.000 18.000 16.000
28.000 17.000 14.000
20.000 24.000 25.000
29.000 31.000 41.000
31.000 42.000 44.000
32.000 63.000 45.000
