63.000 56.000 78.000
12.000 18.000 11.000
11.000 18.000 10.000
10.000 16.000 7.000
10.000 9.000 13.000
11.000 14.000 7.000
15.000 10.000 13.000
14.000 13.000 11.000
19.000 14.000 8.000
21.000 17.000 10.000
11.000 18.000 10.000
20.000 24.000 7.000
16.000 14.000 7.000
12.000 11.000 4.000
9.000 12.000 12.000
7.000 12.000 11.000
9.000 16.000 14.000
13.000 14.000 10.000
14.000 11.000 3.000
14.000 12.000 10.000
13.000 13.000 8.000
19.000 12.000 8.000
7.000 10.000 14.000
12.000 12.000 13.000
8.000 4.000 12.000
17.000 8.000 11.000
13.000 10.000 10.000
11.000 12.000 13.000
10.000 7.000 18.000
9.000 9.000 12.000
11.000 8.000 14.000
11.000 10.000 14.000
21.000 8.000 21.000
13.000 10.000 20.000
14.000 2.000 16.000
13.000 7.000 18.000
12.000 9.000 17.000
12.000 6.000 17.000
11.000 9.000 8.000
13.000 2.000 21.000
18.000 7.000 18.000
11.000 13.000 20.000
12.000 12.000 16.000
16.000 11.000 22.000
10.000 13.000 14.000
14.000 23.000 17.000
11.000 12.000 14.000
19.000 24.000 11.000
23.000 22.000 18.000
12.000 21.000 13.000
17.000 15.000 14.000
19.000 27.000 21.000
10.000 22.000 19.000
23.000 23.000 16.000
14.000 15.000 19.000
18.000 20.000 20.000
16.000 18.000 13.000
13.000 25.000 15.000
