60.000 32.000 55.000
2.000 15.000 15.000
5.000 23.000 12.000
7.000 14.000 11.000
8.000 14.000 12.000
11.000 16.000 12.000
10.000 12.000 9.000
14.000 12.000 13.000
8.000 12.000 11.000
12.000 13.000 20.000
8.000 22.000 19.000
17.000 19.000 16.000
8.000 22.000 27.000
18.000 33.000 21.000
13.000 34.000 23.000
17.000 23.000 26.000
16.000 26.000 21.000
16.000 22.000 20.000
23.000 15.000 19.000
9.000 14.000 17.000
15.000 15.000 8.000
22.000 7.000 13.000
15.000 5.000 12.000
16.000 9.000 12.000
17.000 6.000 9.000
14.000 3.000 11.000
19.000 10.000 8.000
17.000 6.000 6.000
17.000 5.000 4.000
17.000 10.000 6.000
22.000 6.000 12.000
17.000 8.000 5.000
15.000 3.000 10.000
24.000 6.000 9.000
16.000 5.000 9.000
16.000 7.000 15.000
22.000 2.000 6.000
24.000 4.000 16.000
12.000 3.000 9.000
13.000 6.000 9.000
19.000 3.000 9.000
18.000 6.000 7.000
19.000 10.000 14.000
20.000 6.000 9.000
16.000 9.000 8.000
11.000 12.000 15.000
17.000 10.000 8.000
12.000 6.000 4.000
20.000 11.000 13.000
10.000 8.000 13.000
16.000 9.000 15.000
11.000 15.000 23.000
18.000 28.000 18.000
18.000 17.000 20.000
10.000 25.000 19.000
13.000 23.000 21.000
7.000 30.000 25.000
9.000 38.000 16.000
