71.000 81.000 75.000
6.000 27.000 17.000
20.000 23.000 14.000
13.000 22.000 15.000
23.000 18.000 21.000
17.000 20.000 14.000
17.000 15.000 17.000
29.000 16.000 18.000
16.000 17.000 17.000
15.000 14.000 12.000
16.000 19.000 14.000
14.000 15.000 12.000
12.000 21.000 15.000
10.000 23.000 25.000
10.000 14.000 13.000
20.000 13.000 15.000
13.000 9.000 5.000
14.000 13.000 8.000
11.000 12.000 11.000
7.000 6.000 8.000
11.000 10.000 8.000
10.000 12.000 6.000
14.000 11.000 11.000
10.000 9.000 3.000
9.000 5.000 11.000
18.000 7.000 9.000
18.000 12.000 9.000
11.000 10.000 12.000
7.000 10.000 12.000
7.000 15.000 17.000
10.000 12.000 9.000
11.000 9.000 13.000
11.000 2.000 8.000
9.000 5.000 6.000
8.000 0.000 14.000
9.000 4.000 9.000
14.000 4.000 11.000
7.000 4.000 14.000
4.000 10.000 12.000
10.000 4.000 10.000
15.000 8.000 9.000
5.000 2.000 8.000
10.000 6.000 9.000
10.000 4.000 10.000
5.000 9.000 6.000
11.000 9.000 5.000
14.000 5.000 7.000
12.000 13.000 2.000
10.000 12.000 7.000
8.000 12.000 14.000
11.000 3.000 18.000
16.000 6.000 9.000
18.000 14.000 12.000
22.000 19.000 22.000
17.000 22.000 18.000
17.000 35.000 20.000
18.000 32.000 27.000
23.000 45.000 27.000
