67.000 84.000 66.000
8.000 22.000 12.000
9.000 14.000 3.000
9.000 16.000 19.000
21.000 13.000 12.000
20.000 13.000 16.000
9.000 17.000 24.000
9.000 16.000 12.000
11.000 17.000 18.000
15.000 16.000 7.000
17.000 15.000 16.000
19.000 20.000 16.000
10.000 14.000 11.000
19.000 14.000 11.000
11.000 18.000 11.000
17.000 12.000 15.000
21.000 22.000 9.000
8.000 21.000 16.000
13.000 21.000 10.000
19.000 20.000 9.000
10.000 11.000 9.000
16.000 19.000 11.000
14.000 16.000 8.000
18.000 12.000 14.000
16.000 11.000 15.000
12.000 12.000 11.000
12.000 10.000 15.000
16.000 9.000 18.000
15.000 6.000 9.000
20.000 4.000 14.000
13.000 5.000 14.000
20.000 1.000 20.000
16.000 4.000 15.000
9.000 9.000 9.000
12.000 6.000 16.000
12.000 8.000 18.000
14.000 8.000 21.000
15.000 10.000 17.000
21.000 11.000 18.000
11.000 10.000 21.000
17.000 12.000 17.000
20.000 12.000 10.000
10.000 13.000 8.000
11.000 15.000 11.000
11.000 13.000 11.000
17.000 18.000 10.000
12.000 12.000 12.000
12.000 8.000 8.000
15.000 8.000 11.000
14.000 15.000 6.000
17.000 19.000 19.000
14.000 15.000 9.000
18.000 22.000 14.000
17.000 15.000 10.000
17.000 21.000 16.000
8.000 25.000 12.000
7.000 20.000 12.000
9.000 29.000 17.000
