88.000 73.000 71.000
13.000 23.000 28.000
27.000 21.000 27.000
13.000 26.000 11.000
14.000 18.000 22.000
19.000 17.000 11.000
15.000 19.000 13.000
17.000 10.000 17.000
6.000 16.000 18.000
6.000 11.000 11.000
11.000 11.000 14.000
20.000 7.000 13.000
6.000 10.000 6.000
8.000 10.000 7.000
10.000 13.000 3.000
11.000 7.000 4.000
10.000 5.000 9.000
15.000 11.000 6.000
7.000 17.000 11.000
7.000 10.000 7.000
14.000 10.000 6.000
3.000 9.000 8.000
8.000 4.000 5.000
12.000 12.000 10.000
7.000 5.000 11.000
7.000 6.000 4.000
6.000 9.000 11.000
7.000 9.000 9.000
6.000 8.000 15.000
9.000 5.000 10.000
11.000 5.000 11.000
7.000 6.000 7.000
6.000 6.000 11.000
4.000 2.000 11.000
11.000 5.000 8.000
8.000 0.000 5.000
9.000 2.000 12.000
8.000 2.000 6.000
10.000 4.000 10.000
12.000 4.000 7.000
14.000 4.000 6.000
11.000 9.000 7.000
10.000 13.000 8.000
10.000 7.000 6.000
13.000 10.000 5.000
14.000 9.000 3.000
11.000 10.000 7.000
7.000 11.000 5.000
11.000 6.000 5.000
16.000 8.000 5.000
16.000 10.000 15.000
23.000 12.000 16.000
15.000 22.000 20.000
24.000 19.000 18.000
27.000 34.000 29.000
17.000 27.000 21.000
30.000 46.000 32.000
35.000 41.000 48.000
