97.000 97.000 97.000
32.000 32.000 32.000
29.000 29.000 29.000
22.000 22.000 22.000
40.000 40.000 40.000
39.000 39.000 39.000
32.000 32.000 32.000
25.000 25.000 25.000
26.000 26.000 26.000
13.000 13.000 13.000
16.000 16.000 16.000
22.000 22.000 22.000
28.000 28.000 28.000
22.000 22.000 22.000
24.000 24.000 24.000
29.000 29.000 29.000
22.000 22.000 22.000
11.000 11.000 11.000
7.000 7.000 7.000
3.000 3.000 3.000
2.000 2.000 2.000
0.000 0.000 0.000
0.000 0.000 0.000
1.000 1.000 1.000
0.000 0.000 0.000
4.000 4.000 4.000
2.000 2.000 2.000
7.000 7.000 7.000
8.000 8.000 8.000
3.000 3.000 3.000
4.000 4.000 4.000
0.000 0.000 0.000
0.000 0.000 0.000
0.000 0.000 0.000
0.000 0.000 0.000
0.000 0.000 0.000
0.000 0.000 0.000
0.000 0.000 0.000
0.000 0.000 0.000
0.000 0.000 0.000
0.000 0.000 0.000
0.000 0.000 0.000
0.000 0.000 0.000
0.000 0.000 0.000
0.000 0.000 0.000
0.000 0.000 0.000
0.000 0.000 0.000
0.000 0.000 0.000
0.000 0.000 0.000
0.000 0.000 0.000
0.000 0.000 0.000
0.000 0.000 0.000
1.000 1.000 1.000
8.000 8.000 8.000
8.000 8.000 8.000
22.000 22.000 22.000
39.000 39.000 39.000
67.000 67.000 67.000
