81.000 50.000 73.000
7.000 17.000 8.000
9.000 20.000 9.000
7.000 7.000 11.000
16.000 14.000 8.000
9.000 25.000 6.000
4.000 7.000 11.000
14.000 12.000 12.000
6.000 16.000 12.000
12.000 11.000 5.000
6.000 9.000 10.000
6.000 7.000 12.000
8.000 8.000 10.000
12.000 12.000 5.000
5.000 11.000 5.000
8.000 7.000 6.000
10.000 12.000 7.000
15.000 11.000 3.000
12.000 12.000 7.000
5.000 15.000 9.000
8.000 11.000 4.000
18.000 11.000 6.000
8.000 11.000 5.000
13.000 9.000 8.000
10.000 15.000 10.000
8.000 12.000 12.000
11.000 14.000 18.000
14.000 7.000 13.000
13.000 8.000 22.000
17.000 13.000 17.000
18.000 7.000 12.000
15.000 9.000 10.000
18.000 2.000 16.000
13.000 7.000 24.000
15.000 7.000 16.000
18.000 6.000 21.000
11.000 6.000 17.000
11.000 5.000 11.000
16.000 8.000 19.000
15.000 10.000 13.000
10.000 5.000 13.000
12.000 9.000 10.000
18.000 13.000 14.000
16.000 6.000 10.000
9.000 14.000 6.000
15.000 13.000 10.000
16.000 12.000 15.000
14.000 11.000 14.000
8.000 14.000 16.000
10.000 19.000 6.000
11.000 10.000 12.000
13.000 21.000 16.000
13.000 26.000 12.000
21.000 28.000 20.000
26.000 24.000 25.000
24.000 39.000 25.000
14.000 34.000 17.000
15.000 42.000 21.000
