99.000 73.000 88.000
13.000 21.000 22.000
15.000 40.000 19.000
13.000 22.000 14.000
11.000 16.000 25.000
12.000 33.000 15.000
10.000 25.000 18.000
24.000 12.000 20.000
11.000 16.000 13.000
22.000 11.000 13.000
9.000 6.000 14.000
14.000 8.000 20.000
21.000 18.000 10.000
8.000 14.000 9.000
13.000 9.000 13.000
3.000 12.000 9.000
9.000 13.000 9.000
4.000 5.000 7.000
8.000 10.000 5.000
12.000 13.000 7.000
11.000 8.000 5.000
5.000 3.000 5.000
12.000 4.000 4.000
5.000 7.000 5.000
9.000 10.000 3.000
8.000 6.000 6.000
8.000 10.000 5.000
9.000 7.000 11.000
8.000 6.000 5.000
10.000 6.000 7.000
14.000 7.000 5.000
12.000 7.000 11.000
3.000 5.000 16.000
10.000 3.000 9.000
13.000 1.000 16.000
6.000 7.000 12.000
16.000 5.000 11.000
7.000 2.000 9.000
8.000 5.000 9.000
10.000 10.000 10.000
14.000 9.000 7.000
11.000 11.000 6.000
4.000 7.000 10.000
6.000 6.000 7.000
5.000 3.000 2.000
8.000 4.000 4.000
8.000 10.000 4.000
11.000 8.000 8.000
13.000 10.000 6.000
13.000 7.000 11.000
15.000 11.000 13.000
19.000 15.000 10.000
16.000 12.000 15.000
25.000 17.000 13.000
25.000 19.000 16.000
20.000 28.000 35.000
24.000 47.000 32.000
30.000 31.000 42.000
