93.000 93.000 93.000
42.000 42.000 42.000
23.000 23.000 23.000
22.000 22.000 22.000
18.000 18.000 18.000
27.000 27.000 27.000
23.000 23.000 23.000
23.000 23.000 23.000
19.000 19.000 19.000
15.000 15.000 15.000
11.000 11.000 11.000
16.000 16.000 16.000
14.000 14.000 14.000
14.000 14.000 14.000
11.000 11.000 11.000
15.000 15.000 15.000
15.000 15.000 15.000
8.000 8.000 8.000
2.000 2.000 2.000
4.000 4.000 4.000
3.000 3.000 3.000
2.000 2.000 2.000
4.000 4.000 4.000
1.000 1.000 1.000
3.000 3.000 3.000
6.000 6.000 6.000
4.000 4.000 4.000
6.000 6.000 6.000
4.000 4.000 4.000
7.000 7.000 7.000
4.000 4.000 4.000
6.000 6.000 6.000
2.000 2.000 2.000
0.000 0.000 0.000
0.000 0.000 0.000
0.000 0.000 0.000
0.000 0.000 0.000
0.000 0.000 0.000
0.000 0.000 0.000
0.000 0.000 0.000
0.000 0.000 0.000
0.000 0.000 0.000
0.000 0.000 0.000
0.000 0.000 0.000
0.000 0.000 0.000
0.000 0.000 0.000
0.000 0.000 0.000
0.000 0.000 0.000
0.000 0.000 0.000
0.000 0.000 0.000
0.000 0.000 0.000
1.000 1.000 1.000
0.000 0.000 0.000
5.000 5.000 5.000
11.000 11.000 11.000
20.000 20.000 20.000
52.000 52.000 52.000
97.000 97.000 97.000
