69.000 47.000 78.000
8.000 23.000 17.000
14.000 25.000 13.000
8.000 22.000 16.000
10.000 16.000 17.000
12.000 23.000 12.000
7.000 16.000 14.000
12.000 14.000 10.000
11.000 16.000 14.000
15.000 8.000 16.000
7.000 15.000 6.000
6.000 15.000 13.000
11.000 12.000 7.000
14.000 14.000 10.000
16.000 11.000 11.000
11.000 11.000 9.000
11.000 17.000 7.000
9.000 17.000 11.000
9.000 6.000 9.000
14.000 9.000 7.000
13.000 9.000 4.000
16.000 12.000 10.000
10.000 6.000 8.000
10.000 12.000 10.000
8.000 11.000 12.000
10.000 16.000 9.000
8.000 12.000 13.000
15.000 9.000 10.000
13.000 9.000 8.000
15.000 5.000 9.000
18.000 10.000 14.000
13.000 6.000 17.000
16.000 6.000 10.000
17.000 8.000 11.000
12.000 2.000 18.000
14.000 3.000 17.000
12.000 3.000 13.000
12.000 5.000 15.000
15.000 2.000 10.000
16.000 2.000 11.000
15.000 8.000 15.000
9.000 9.000 12.000
14.000 10.000 10.000
11.000 11.000 9.000
11.000 13.000 9.000
25.000 12.000 9.000
16.000 12.000 11.000
19.000 14.000 11.000
16.000 20.000 10.000
17.000 19.000 12.000
12.000 15.000 15.000
20.000 12.000 16.000
17.000 28.000 12.000
15.000 23.000 18.000
22.000 32.000 20.000
20.000 31.000 27.000
18.000 34.000 17.000
16.000 34.000 29.000
