77.000 83.000 51.000
11.000 25.000 38.000
22.000 27.000 24.000
30.000 26.000 35.000
25.000 14.000 25.000
22.000 15.000 19.000
14.000 19.000 13.000
15.000 16.000 12.000
16.000 10.000 22.000
15.000 9.000 13.000
16.000 14.000 16.000
16.000 11.000 7.000
15.000 14.000 13.000
13.000 23.000 16.000
16.000 21.000 15.000
13.000 17.000 20.000
16.000 14.000 20.000
5.000 16.000 13.000
10.000 9.000 8.000
7.000 8.000 3.000
5.000 3.000 4.000
14.000 5.000 5.000
7.000 0.000 0.000
3.000 2.000 5.000
5.000 6.000 3.000
13.000 8.000 8.000
9.000 11.000 8.000
7.000 9.000 13.000
6.000 11.000 8.000
10.000 8.000 12.000
6.000 10.000 4.000
3.000 5.000 6.000
2.000 5.000 6.000
4.000 5.000 5.000
3.000 0.000 3.000
4.000 2.000 3.000
7.000 1.000 2.000
4.000 0.000 2.000
4.000 1.000 3.000
6.000 1.000 5.000
1.000 4.000 4.000
4.000 3.000 4.000
7.000 4.000 5.000
6.000 1.000 0.000
5.000 2.000 4.000
4.000 4.000 4.000
3.000 3.000 2.000
5.000 3.000 2.000
10.000 5.000 3.000
8.000 2.000 5.000
10.000 4.000 2.000
11.000 5.000 3.000
15.000 8.000 14.000
13.000 8.000 13.000
23.000 20.000 17.000
31.000 24.000 24.000
50.000 52.000 35.000
31.000 69.000 64.000
