83.000 78.000 73.000
8.000 22.000 19.000
22.000 34.000 14.000
15.000 25.000 22.000
16.000 21.000 28.000
22.000 10.000 17.000
10.000 15.000 20.000
21.000 18.000 18.000
13.000 13.000 22.000
17.000 13.000 15.000
15.000 12.000 14.000
9.000 12.000 16.000
14.000 11.000 10.000
12.000 17.000 12.000
10.000 20.000 12.000
13.000 16.000 12.000
10.000 10.000 16.000
9.000 15.000 7.000
10.000 10.000 12.000
9.000 5.000 6.000
13.000 7.000 7.000
12.000 10.000 6.000
5.000 5.000 9.000
14.000 11.000 5.000
8.000 13.000 10.000
10.000 12.000 11.000
10.000 6.000 6.000
17.000 8.000 13.000
11.000 9.000 7.000
13.000 12.000 8.000
9.000 11.000 6.000
4.000 5.000 14.000
10.000 9.000 10.000
7.000 4.000 12.000
10.000 5.000 11.000
7.000 3.000 6.000
6.000 4.000 5.000
11.000 2.000 11.000
7.000 1.000 12.000
9.000 4.000 9.000
7.000 3.000 4.000
9.000 3.000 2.000
13.000 5.000 8.000
9.000 6.000 6.000
11.000 6.000 8.000
9.000 3.000 6.000
13.000 5.000 6.000
14.000 2.000 2.000
11.000 8.000 6.000
9.000 14.000 9.000
12.000 4.000 7.000
16.000 11.000 18.000
24.000 12.000 19.000
19.000 24.000 25.000
19.000 25.000 26.000
22.000 39.000 27.000
18.000 34.000 33.000
25.000 53.000 34.000
