84.000 76.000 81.000
15.000 23.000 21.000
18.000 26.000 16.000
11.000 17.000 24.000
20.000 19.000 13.000
17.000 18.000 17.000
13.000 24.000 26.000
20.000 14.000 13.000
10.000 8.000 19.000
13.000 8.000 11.000
11.000 14.000 12.000
9.000 16.000 12.000
17.000 19.000 11.000
13.000 16.000 12.000
11.000 10.000 10.000
11.000 10.000 13.000
8.000 10.000 12.000
12.000 12.000 7.000
17.000 9.000 5.000
10.000 8.000 7.000
16.000 6.000 8.000
4.000 14.000 6.000
4.000 4.000 5.000
10.000 9.000 6.000
12.000 16.000 2.000
6.000 10.000 9.000
12.000 7.000 11.000
8.000 9.000 16.000
12.000 5.000 8.000
11.000 12.000 14.000
9.000 8.000 13.000
13.000 4.000 10.000
8.000 3.000 8.000
9.000 6.000 20.000
14.000 9.000 14.000
8.000 4.000 14.000
11.000 0.000 11.000
10.000 0.000 11.000
13.000 3.000 4.000
12.000 5.000 6.000
10.000 8.000 6.000
9.000 9.000 5.000
9.000 4.000 13.000
11.000 11.000 6.000
10.000 15.000 3.000
10.000 5.000 7.000
16.000 10.000 3.000
10.000 8.000 3.000
16.000 9.000 8.000
16.000 15.000 8.000
12.000 10.000 13.000
14.000 12.000 15.000
10.000 16.000 13.000
18.000 22.000 24.000
22.000 27.000 19.000
22.000 28.000 28.000
15.000 43.000 37.000
31.000 29.000 32.000
