117.000 84.000 73.000
9.000 25.000 20.000
21.000 24.000 12.000
15.000 22.000 27.000
25.000 22.000 27.000
12.000 34.000 22.000
10.000 34.000 20.000
14.000 20.000 29.000
17.000 18.000 17.000
22.000 23.000 11.000
14.000 17.000 18.000
24.000 17.000 14.000
18.000 22.000 11.000
16.000 16.000 17.000
18.000 11.000 7.000
10.000 13.000 12.000
9.000 17.000 10.000
9.000 10.000 10.000
14.000 4.000 8.000
14.000 11.000 5.000
8.000 13.000 7.000
13.000 11.000 4.000
11.000 8.000 9.000
8.000 10.000 3.000
9.000 5.000 6.000
8.000 6.000 6.000
3.000 3.000 7.000
10.000 4.000 7.000
8.000 4.000 13.000
12.000 2.000 7.000
6.000 9.000 6.000
7.000 3.000 6.000
7.000 0.000 9.000
6.000 4.000 13.000
6.000 3.000 9.000
5.000 2.000 15.000
13.000 5.000 7.000
3.000 4.000 7.000
12.000 2.000 10.000
8.000 4.000 9.000
9.000 4.000 11.000
7.000 6.000 7.000
8.000 4.000 9.000
6.000 6.000 7.000
8.000 4.000 3.000
10.000 6.000 6.000
9.000 10.000 8.000
11.000 3.000 3.000
13.000 7.000 7.000
16.000 8.000 4.000
11.000 12.000 6.000
13.000 11.000 11.000
19.000 12.000 10.000
22.000 15.000 13.000
14.000 25.000 22.000
20.000 33.000 24.000
14.000 30.000 32.000
25.000 42.000 34.000
