70.000 68.000 68.000
7.000 13.000 15.000
13.000 19.000 10.000
7.000 16.000 17.000
12.000 27.000 11.000
14.000 18.000 15.000
11.000 26.000 12.000
16.000 15.000 12.000
14.000 18.000 19.000
19.000 24.000 13.000
7.000 15.000 12.000
11.000 14.000 8.000
4.000 14.000 8.000
12.000 14.000 8.000
19.000 15.000 10.000
6.000 13.000 9.000
9.000 10.000 8.000
8.000 10.000 17.000
19.000 20.000 14.000
13.000 14.000 14.000
13.000 16.000 11.000
14.000 9.000 15.000
16.000 11.000 2.000
9.000 13.000 11.000
10.000 4.000 13.000
20.000 11.000 10.000
13.000 5.000 14.000
12.000 9.000 17.000
18.000 10.000 19.000
17.000 10.000 17.000
18.000 14.000 13.000
16.000 5.000 11.000
8.000 4.000 23.000
12.000 7.000 22.000
17.000 9.000 22.000
12.000 5.000 19.000
12.000 4.000 17.000
13.000 11.000 21.000
18.000 6.000 15.000
9.000 15.000 13.000
15.000 8.000 16.000
14.000 16.000 8.000
15.000 14.000 17.000
21.000 13.000 9.000
14.000 10.000 8.000
17.000 10.000 14.000
12.000 12.000 16.000
18.000 13.000 17.000
12.000 14.000 10.000
13.000 16.000 8.000
21.000 18.000 7.000
15.000 19.000 13.000
19.000 14.000 20.000
10.000 16.000 20.000
12.000 27.000 14.000
14.000 27.000 13.000
7.000 19.000 13.000
10.000 28.000 20.000
