210.000 199.000 220.000
32.000 98.000 77.000
70.000 53.000 34.000
33.000 36.000 39.000
30.000 21.000 31.000
26.000 20.000 20.000
13.000 18.000 13.000
14.000 8.000 12.000
11.000 8.000 11.000
9.000 9.000 6.000
7.000 8.000 5.000
10.000 4.000 9.000
8.000 8.000 4.000
8.000 5.000 10.000
5.000 13.000 8.000
9.000 7.000 11.000
13.000 11.000 6.000
8.000 7.000 6.000
4.000 6.000 5.000
6.000 4.000 4.000
5.000 1.000 5.000
6.000 4.000 1.000
6.000 2.000 4.000
4.000 3.000 3.000
8.000 8.000 4.000
5.000 6.000 7.000
5.000 5.000 2.000
5.000 6.000 9.000
4.000 8.000 8.000
7.000 9.000 7.000
6.000 6.000 7.000
4.000 6.000 4.000
5.000 1.000 3.000
8.000 1.000 7.000
2.000 1.000 5.000
6.000 0.000 4.000
4.000 2.000 2.000
2.000 1.000 2.000
0.000 1.000 1.000
1.000 2.000 1.000
2.000 2.000 2.000
4.000 1.000 2.000
2.000 4.000 1.000
0.000 1.000 3.000
3.000 2.000 2.000
1.000 1.000 1.000
0.000 1.000 0.000
5.000 1.000 2.000
1.000 0.000 3.000
7.000 1.000 1.000
6.000 1.000 2.000
5.000 3.000 7.000
10.000 4.000 10.000
13.000 15.000 12.000
15.000 15.000 15.000
24.000 29.000 23.000
26.000 47.000 37.000
42.000 44.000 38.000
