91.000 83.000 78.000
15.000 31.000 22.000
21.000 35.000 18.000
17.000 34.000 29.000
24.000 13.000 26.000
20.000 19.000 17.000
20.000 21.000 18.000
19.000 16.000 25.000
15.000 20.000 13.000
18.000 16.000 14.000
14.000 12.000 18.000
18.000 10.000 19.000
20.000 18.000 14.000
19.000 23.000 17.000
16.000 17.000 17.000
10.000 22.000 16.000
11.000 15.000 15.000
22.000 18.000 12.000
18.000 21.000 10.000
13.000 7.000 15.000
16.000 7.000 6.000
10.000 7.000 10.000
10.000 11.000 7.000
13.000 8.000 5.000
11.000 13.000 9.000
7.000 8.000 8.000
11.000 11.000 7.000
5.000 9.000 10.000
7.000 6.000 7.000
7.000 9.000 9.000
6.000 2.000 7.000
10.000 4.000 7.000
6.000 4.000 10.000
5.000 2.000 4.000
4.000 1.000 8.000
5.000 3.000 10.000
8.000 1.000 18.000
6.000 1.000 9.000
11.000 7.000 4.000
5.000 2.000 5.000
7.000 3.000 7.000
10.000 2.000 3.000
3.000 8.000 6.000
9.000 7.000 3.000
10.000 5.000 6.000
4.000 6.000 5.000
4.000 5.000 4.000
4.000 5.000 5.000
18.000 6.000 6.000
8.000 7.000 9.000
9.000 6.000 10.000
14.000 12.000 8.000
19.000 13.000 7.000
18.000 16.000 8.000
9.000 29.000 13.000
23.000 32.000 22.000
22.000 33.000 35.000
31.000 46.000 36.000
