76.000 89.000 114.000
13.000 29.000 32.000
20.000 32.000 13.000
8.000 37.000 28.000
18.000 24.000 34.000
23.000 22.000 22.000
11.000 28.000 24.000
15.000 24.000 18.000
17.000 18.000 24.000
14.000 17.000 22.000
11.000 21.000 14.000
16.000 15.000 14.000
15.000 13.000 18.000
11.000 18.000 11.000
16.000 18.000 7.000
10.000 13.000 11.000
9.000 7.000 6.000
11.000 12.000 10.000
9.000 4.000 8.000
10.000 12.000 15.000
11.000 10.000 6.000
14.000 8.000 7.000
10.000 8.000 5.000
14.000 13.000 8.000
9.000 7.000 6.000
12.000 6.000 12.000
15.000 9.000 3.000
17.000 4.000 7.000
14.000 10.000 7.000
15.000 5.000 8.000
8.000 6.000 8.000
15.000 4.000 13.000
11.000 4.000 11.000
7.000 3.000 9.000
6.000 2.000 12.000
13.000 4.000 9.000
8.000 1.000 6.000
14.000 4.000 8.000
15.000 7.000 9.000
6.000 5.000 8.000
12.000 4.000 3.000
3.000 9.000 4.000
9.000 10.000 6.000
17.000 6.000 3.000
11.000 2.000 2.000
13.000 7.000 6.000
12.000 11.000 5.000
7.000 5.000 6.000
13.000 6.000 5.000
10.000 6.000 11.000
10.000 10.000 12.000
15.000 8.000 13.000
15.000 14.000 13.000
16.000 15.000 19.000
19.000 22.000 22.000
14.000 34.000 25.000
15.000 31.000 39.000
11.000 38.000 29.000
