61.000 20.000 64.000
10.000 13.000 10.000
7.000 19.000 4.000
5.000 12.000 8.000
8.000 13.000 8.000
8.000 8.000 4.000
3.000 10.000 4.000
6.000 7.000 6.000
4.000 6.000 5.000
6.000 4.000 1.000
3.000 5.000 7.000
6.000 3.000 4.000
7.000 8.000 4.000
9.000 15.000 2.000
5.000 5.000 3.000
6.000 3.000 3.000
7.000 4.000 6.000
4.000 6.000 6.000
5.000 3.000 8.000
5.000 5.000 4.000
5.000 6.000 8.000
7.000 5.000 5.000
9.000 4.000 5.000
4.000 4.000 0.000
6.000 5.000 9.000
6.000 5.000 8.000
10.000 7.000 11.000
5.000 4.000 13.000
4.000 3.000 9.000
7.000 7.000 9.000
10.000 8.000 11.000
11.000 6.000 4.000
16.000 4.000 10.000
5.000 3.000 9.000
13.000 1.000 16.000
14.000 2.000 10.000
14.000 2.000 11.000
11.000 3.000 18.000
14.000 8.000 10.000
13.000 3.000 9.000
20.000 5.000 19.000
22.000 5.000 21.000
23.000 9.000 10.000
14.000 6.000 10.000
24.000 8.000 7.000
19.000 10.000 6.000
21.000 12.000 16.000
27.000 18.000 11.000
20.000 18.000 20.000
28.000 14.000 22.000
22.000 21.000 21.000
22.000 15.000 26.000
35.000 23.000 21.000
25.000 19.000 38.000
35.000 42.000 33.000
24.000 37.000 58.000
24.000 45.000 32.000
30.000 58.000 43.000
