175.000 121.000 147.000
9.000 43.000 30.000
25.000 30.000 20.000
10.000 29.000 36.000
27.000 27.000 18.000
19.000 19.000 20.000
15.000 25.000 10.000
14.000 25.000 29.000
17.000 23.000 13.000
10.000 20.000 14.000
9.000 11.000 11.000
11.000 15.000 18.000
11.000 11.000 13.000
12.000 10.000 5.000
17.000 14.000 5.000
9.000 16.000 4.000
12.000 14.000 7.000
11.000 8.000 8.000
15.000 18.000 11.000
14.000 4.000 16.000
11.000 8.000 8.000
7.000 3.000 4.000
7.000 8.000 9.000
18.000 8.000 10.000
11.000 7.000 18.000
7.000 3.000 15.000
11.000 5.000 11.000
9.000 8.000 17.000
6.000 6.000 9.000
9.000 11.000 5.000
14.000 5.000 14.000
6.000 5.000 10.000
10.000 3.000 5.000
5.000 3.000 10.000
9.000 3.000 10.000
10.000 5.000 12.000
4.000 3.000 4.000
5.000 6.000 12.000
4.000 4.000 5.000
3.000 8.000 9.000
7.000 6.000 8.000
6.000 8.000 2.000
2.000 4.000 3.000
7.000 5.000 6.000
5.000 6.000 6.000
3.000 9.000 2.000
3.000 9.000 0.000
5.000 4.000 4.000
14.000 7.000 1.000
6.000 9.000 9.000
6.000 8.000 6.000
17.000 6.000 10.000
7.000 6.000 20.000
15.000 11.000 13.000
25.000 17.000 11.000
18.000 22.000 26.000
17.000 32.000 11.000
23.000 30.000 30.000
