111.000 96.000 75.000
13.000 28.000 23.000
19.000 34.000 11.000
15.000 16.000 26.000
17.000 19.000 20.000
10.000 22.000 10.000
13.000 22.000 20.000
13.000 17.000 15.000
11.000 18.000 12.000
13.000 14.000 13.000
14.000 13.000 19.000
16.000 17.000 8.000
19.000 12.000 12.000
13.000 12.000 10.000
9.000 12.000 15.000
11.000 15.000 16.000
10.000 11.000 8.000
9.000 16.000 6.000
10.000 11.000 8.000
9.000 9.000 10.000
9.000 8.000 4.000
15.000 11.000 10.000
5.000 6.000 8.000
14.000 8.000 8.000
8.000 10.000 8.000
16.000 4.000 4.000
13.000 8.000 8.000
9.000 5.000 10.000
11.000 8.000 12.000
10.000 5.000 10.000
12.000 8.000 12.000
6.000 7.000 9.000
6.000 6.000 17.000
6.000 5.000 7.000
8.000 7.000 12.000
6.000 8.000 11.000
11.000 2.000 6.000
9.000 2.000 12.000
11.000 7.000 10.000
10.000 5.000 14.000
13.000 5.000 8.000
5.000 5.000 10.000
7.000 8.000 7.000
8.000 5.000 9.000
13.000 12.000 15.000
13.000 8.000 9.000
7.000 8.000 6.000
5.000 11.000 8.000
10.000 12.000 5.000
18.000 11.000 4.000
13.000 12.000 5.000
23.000 10.000 15.000
19.000 15.000 14.000
21.000 12.000 11.000
22.000 28.000 16.000
28.000 31.000 23.000
24.000 30.000 27.000
23.000 35.000 24.000
