75.000 77.000 74.000
15.000 29.000 23.000
24.000 33.000 16.000
13.000 12.000 19.000
17.000 19.000 17.000
23.000 12.000 16.000
11.000 11.000 19.000
14.000 15.000 19.000
16.000 14.000 12.000
18.000 17.000 19.000
8.000 6.000 14.000
12.000 13.000 8.000
11.000 11.000 14.000
8.000 14.000 14.000
13.000 19.000 10.000
6.000 10.000 14.000
16.000 16.000 14.000
6.000 14.000 7.000
17.000 8.000 4.000
6.000 3.000 7.000
8.000 6.000 7.000
13.000 5.000 8.000
9.000 8.000 9.000
9.000 10.000 10.000
5.000 6.000 4.000
11.000 10.000 6.000
5.000 4.000 2.000
4.000 4.000 4.000
6.000 12.000 3.000
8.000 4.000 14.000
6.000 8.000 7.000
7.000 10.000 6.000
7.000 6.000 5.000
3.000 3.000 6.000
7.000 1.000 6.000
4.000 1.000 9.000
8.000 3.000 3.000
6.000 3.000 6.000
6.000 1.000 10.000
4.000 0.000 7.000
7.000 3.000 7.000
6.000 6.000 8.000
4.000 3.000 3.000
4.000 2.000 1.000
5.000 3.000 2.000
6.000 4.000 3.000
8.000 2.000 2.000
12.000 8.000 5.000
8.000 3.000 13.000
9.000 7.000 6.000
12.000 11.000 5.000
16.000 6.000 15.000
23.000 8.000 10.000
27.000 23.000 16.000
24.000 18.000 28.000
29.000 49.000 22.000
34.000 42.000 42.000
32.000 62.000 46.000
