87.000 60.000 74.000
9.000 29.000 29.000
13.000 32.000 17.000
20.000 22.000 21.000
17.000 19.000 24.000
12.000 27.000 20.000
16.000 15.000 16.000
16.000 20.000 16.000
19.000 9.000 16.000
9.000 18.000 15.000
19.000 10.000 16.000
16.000 16.000 18.000
17.000 15.000 11.000
8.000 19.000 13.000
13.000 7.000 10.000
7.000 10.000 16.000
11.000 8.000 8.000
11.000 9.000 9.000
6.000 8.000 6.000
8.000 5.000 3.000
10.000 5.000 5.000
11.000 4.000 3.000
6.000 5.000 3.000
9.000 5.000 1.000
5.000 4.000 6.000
6.000 6.000 3.000
2.000 6.000 10.000
5.000 5.000 10.000
3.000 6.000 5.000
4.000 8.000 6.000
4.000 9.000 4.000
2.000 5.000 6.000
10.000 3.000 3.000
5.000 3.000 5.000
9.000 2.000 6.000
4.000 2.000 2.000
6.000 0.000 5.000
6.000 1.000 3.000
7.000 1.000 2.000
3.000 5.000 3.000
3.000 1.000 5.000
5.000 5.000 4.000
9.000 3.000 1.000
5.000 1.000 2.000
6.000 2.000 3.000
4.000 1.000 0.000
10.000 5.000 0.000
11.000 1.000 1.000
11.000 3.000 7.000
16.000 4.000 5.000
15.000 4.000 6.000
16.000 5.000 7.000
16.000 16.000 14.000
22.000 15.000 23.000
23.000 29.000 37.000
29.000 32.000 40.000
26.000 55.000 54.000
36.000 74.000 61.000
