161.000 161.000 161.000
50.000 50.000 50.000
30.000 30.000 30.000
26.000 26.000 26.000
17.000 17.000 17.000
18.000 18.000 18.000
14.000 14.000 14.000
9.000 9.000 9.000
13.000 13.000 13.000
17.000 17.000 17.000
15.000 15.000 15.000
15.000 15.000 15.000
15.000 15.000 15.000
10.000 10.000 10.000
16.000 16.000 16.000
13.000 13.000 13.000
12.000 12.000 12.000
9.000 9.000 9.000
6.000 6.000 6.000
1.000 1.000 1.000
5.000 5.000 5.000
3.000 3.000 3.000
0.000 0.000 0.000
2.000 2.000 2.000
7.000 7.000 7.000
4.000 4.000 4.000
8.000 8.000 8.000
9.000 9.000 9.000
9.000 9.000 9.000
5.000 5.000 5.000
1.000 1.000 1.000
6.000 6.000 6.000
3.000 3.000 3.000
1.000 1.000 1.000
1.000 1.000 1.000
0.000 0.000 0.000
0.000 0.000 0.000
0.000 0.000 0.000
0.000 0.000 0.000
0.000 0.000 0.000
0.000 0.000 0.000
0.000 0.000 0.000
0.000 0.000 0.000
0.000 0.000 0.000
0.000 0.000 0.000
0.000 0.000 0.000
0.000 0.000 0.000
0.000 0.000 0.000
0.000 0.000 0.000
0.000 0.000 0.000
0.000 0.000 0.000
0.000 0.000 0.000
1.000 1.000 1.000
2.000 2.000 2.000
11.000 11.000 11.000
30.000 30.000 30.000
48.000 48.000 48.000
65.000 65.000 65.000
