92.000 67.000 76.000
15.000 25.000 21.000
19.000 32.000 16.000
4.000 20.000 23.000
19.000 19.000 18.000
22.000 15.000 16.000
14.000 18.000 20.000
13.000 20.000 20.000
8.000 11.000 17.000
22.000 16.000 22.000
11.000 17.000 13.000
15.000 15.000 13.000
11.000 12.000 16.000
9.000 12.000 13.000
12.000 19.000 16.000
12.000 10.000 7.000
13.000 15.000 9.000
11.000 5.000 8.000
14.000 7.000 8.000
2.000 9.000 7.000
12.000 5.000 8.000
6.000 5.000 7.000
13.000 11.000 5.000
9.000 11.000 6.000
16.000 8.000 6.000
9.000 6.000 7.000
3.000 8.000 11.000
8.000 13.000 8.000
14.000 6.000 8.000
7.000 4.000 8.000
9.000 4.000 6.000
7.000 7.000 9.000
10.000 6.000 3.000
6.000 6.000 10.000
5.000 7.000 4.000
8.000 4.000 9.000
3.000 3.000 3.000
9.000 2.000 7.000
9.000 2.000 12.000
4.000 3.000 8.000
9.000 3.000 3.000
11.000 8.000 6.000
7.000 5.000 7.000
6.000 2.000 3.000
10.000 5.000 6.000
7.000 8.000 4.000
10.000 8.000 2.000
5.000 2.000 6.000
13.000 6.000 3.000
14.000 4.000 7.000
12.000 7.000 8.000
17.000 16.000 8.000
23.000 17.000 10.000
17.000 16.000 26.000
13.000 25.000 22.000
23.000 27.000 24.000
26.000 55.000 39.000
20.000 61.000 44.000
