175.000 130.000 141.000
13.000 28.000 24.000
17.000 33.000 15.000
7.000 37.000 22.000
19.000 29.000 21.000
26.000 16.000 14.000
21.000 28.000 15.000
17.000 22.000 22.000
12.000 27.000 22.000
11.000 21.000 18.000
18.000 16.000 24.000
14.000 16.000 24.000
11.000 12.000 10.000
19.000 14.000 8.000
12.000 22.000 7.000
10.000 22.000 8.000
13.000 17.000 17.000
9.000 8.000 16.000
17.000 12.000 9.000
20.000 7.000 11.000
17.000 4.000 10.000
13.000 7.000 10.000
12.000 5.000 12.000
16.000 6.000 5.000
14.000 7.000 12.000
10.000 10.000 11.000
7.000 5.000 10.000
11.000 12.000 12.000
11.000 9.000 12.000
11.000 3.000 13.000
9.000 2.000 11.000
10.000 6.000 11.000
10.000 2.000 6.000
7.000 3.000 10.000
10.000 4.000 9.000
11.000 4.000 13.000
6.000 5.000 11.000
6.000 4.000 14.000
11.000 8.000 7.000
7.000 6.000 12.000
10.000 9.000 8.000
3.000 13.000 6.000
10.000 9.000 6.000
6.000 5.000 6.000
13.000 9.000 2.000
7.000 5.000 6.000
10.000 9.000 8.000
9.000 7.000 1.000
10.000 7.000 3.000
7.000 9.000 4.000
15.000 10.000 6.000
12.000 11.000 6.000
17.000 14.000 9.000
8.000 9.000 15.000
13.000 21.000 8.000
22.000 26.000 12.000
15.000 25.000 19.000
11.000 28.000 26.000
