115.000 119.000 103.000
11.000 31.000 30.000
18.000 30.000 9.000
10.000 34.000 26.000
20.000 25.000 15.000
18.000 20.000 19.000
16.000 18.000 25.000
29.000 15.000 23.000
7.000 16.000 17.000
19.000 19.000 10.000
17.000 19.000 15.000
23.000 12.000 18.000
15.000 18.000 15.000
16.000 11.000 12.000
20.000 14.000 12.000
7.000 16.000 10.000
8.000 18.000 9.000
12.000 15.000 9.000
10.000 9.000 13.000
14.000 14.000 10.000
12.000 10.000 7.000
15.000 9.000 10.000
13.000 9.000 11.000
14.000 13.000 10.000
18.000 12.000 11.000
12.000 14.000 11.000
15.000 6.000 12.000
13.000 8.000 15.000
10.000 8.000 20.000
16.000 6.000 21.000
8.000 3.000 18.000
9.000 3.000 16.000
12.000 8.000 17.000
6.000 5.000 9.000
13.000 1.000 18.000
10.000 3.000 16.000
13.000 7.000 10.000
12.000 5.000 12.000
16.000 8.000 8.000
9.000 11.000 16.000
9.000 8.000 11.000
12.000 6.000 9.000
12.000 16.000 7.000
6.000 14.000 7.000
15.000 10.000 7.000
9.000 15.000 7.000
12.000 11.000 10.000
15.000 7.000 10.000
14.000 13.000 6.000
15.000 12.000 8.000
16.000 11.000 11.000
12.000 16.000 8.000
14.000 18.000 12.000
10.000 12.000 14.000
13.000 14.000 13.000
15.000 17.000 10.000
8.000 19.000 12.000
11.000 15.000 14.000
