70.000 70.000 71.000
12.000 17.000 14.000
16.000 24.000 9.000
5.000 12.000 17.000
18.000 20.000 20.000
13.000 14.000 8.000
10.000 29.000 10.000
15.000 13.000 18.000
4.000 13.000 10.000
14.000 13.000 16.000
9.000 11.000 15.000
7.000 18.000 4.000
13.000 15.000 7.000
17.000 9.000 11.000
11.000 18.000 12.000
14.000 6.000 9.000
9.000 13.000 10.000
15.000 8.000 7.000
6.000 12.000 11.000
17.000 12.000 8.000
15.000 8.000 7.000
13.000 11.000 9.000
6.000 7.000 9.000
8.000 8.000 4.000
13.000 6.000 12.000
8.000 8.000 4.000
8.000 11.000 12.000
12.000 12.000 14.000
17.000 7.000 16.000
16.000 12.000 8.000
17.000 11.000 7.000
9.000 9.000 16.000
14.000 4.000 17.000
14.000 9.000 14.000
18.000 6.000 16.000
16.000 7.000 19.000
9.000 5.000 14.000
12.000 4.000 10.000
13.000 10.000 14.000
12.000 2.000 11.000
20.000 7.000 16.000
13.000 8.000 14.000
11.000 9.000 17.000
12.000 8.000 12.000
13.000 16.000 7.000
22.000 10.000 15.000
15.000 9.000 12.000
18.000 13.000 17.000
6.000 15.000 11.000
14.000 22.000 17.000
21.000 15.000 16.000
11.000 19.000 14.000
13.000 30.000 15.000
18.000 18.000 17.000
17.000 21.000 17.000
21.000 28.000 23.000
12.000 40.000 35.000
14.000 24.000 21.000
