231.000 211.000 218.000
18.000 85.000 62.000
65.000 45.000 18.000
23.000 29.000 38.000
34.000 18.000 35.000
21.000 16.000 20.000
15.000 14.000 20.000
14.000 23.000 17.000
9.000 13.000 9.000
10.000 19.000 10.000
9.000 7.000 8.000
10.000 12.000 6.000
8.000 5.000 7.000
6.000 6.000 8.000
9.000 10.000 6.000
7.000 2.000 4.000
6.000 6.000 3.000
7.000 5.000 8.000
4.000 2.000 5.000
6.000 5.000 2.000
7.000 5.000 3.000
7.000 3.000 5.000
6.000 1.000 3.000
9.000 2.000 2.000
4.000 5.000 5.000
4.000 1.000 6.000
10.000 5.000 3.000
7.000 1.000 4.000
6.000 6.000 10.000
4.000 6.000 10.000
7.000 5.000 7.000
5.000 3.000 6.000
5.000 2.000 7.000
2.000 3.000 6.000
4.000 1.000 6.000
2.000 3.000 3.000
7.000 2.000 12.000
4.000 4.000 6.000
2.000 5.000 8.000
3.000 3.000 3.000
5.000 5.000 5.000
4.000 7.000 2.000
5.000 2.000 7.000
4.000 6.000 6.000
5.000 7.000 4.000
1.000 3.000 0.000
7.000 6.000 1.000
5.000 3.000 9.000
5.000 4.000 2.000
4.000 4.000 3.000
12.000 4.000 6.000
4.000 5.000 11.000
13.000 4.000 12.000
14.000 3.000 11.000
20.000 7.000 20.000
33.000 23.000 27.000
30.000 26.000 34.000
34.000 39.000 35.000
