98.000 76.000 114.000
17.000 34.000 36.000
38.000 40.000 27.000
15.000 32.000 15.000
22.000 25.000 22.000
34.000 26.000 19.000
12.000 23.000 25.000
18.000 17.000 24.000
25.000 22.000 11.000
15.000 14.000 25.000
7.000 16.000 15.000
16.000 19.000 16.000
21.000 12.000 15.000
8.000 10.000 9.000
17.000 12.000 9.000
8.000 15.000 9.000
11.000 11.000 6.000
9.000 8.000 2.000
7.000 5.000 7.000
9.000 6.000 5.000
8.000 7.000 4.000
6.000 8.000 4.000
4.000 6.000 4.000
5.000 3.000 3.000
8.000 9.000 8.000
6.000 4.000 5.000
7.000 3.000 6.000
9.000 8.000 9.000
3.000 7.000 9.000
7.000 3.000 7.000
5.000 2.000 7.000
6.000 7.000 9.000
6.000 2.000 6.000
5.000 4.000 12.000
9.000 6.000 11.000
6.000 3.000 8.000
2.000 1.000 7.000
9.000 1.000 6.000
6.000 3.000 4.000
10.000 3.000 5.000
8.000 3.000 8.000
6.000 7.000 6.000
11.000 10.000 7.000
9.000 3.000 3.000
8.000 6.000 4.000
7.000 10.000 4.000
13.000 7.000 3.000
6.000 6.000 12.000
21.000 8.000 1.000
6.000 4.000 5.000
8.000 8.000 12.000
12.000 10.000 10.000
16.000 11.000 16.000
13.000 21.000 16.000
17.000 16.000 13.000
15.000 41.000 34.000
25.000 44.000 23.000
34.000 39.000 30.000
