108.000 62.000 59.000
7.000 28.000 22.000
12.000 25.000 12.000
9.000 17.000 21.000
12.000 12.000 18.000
16.000 10.000 10.000
6.000 13.000 17.000
10.000 13.000 17.000
10.000 11.000 14.000
11.000 9.000 10.000
13.000 9.000 8.000
8.000 16.000 7.000
8.000 10.000 5.000
12.000 10.000 10.000
11.000 13.000 10.000
8.000 16.000 9.000
7.000 12.000 9.000
9.000 10.000 4.000
5.000 7.000 6.000
12.000 9.000 4.000
8.000 3.000 7.000
7.000 6.000 4.000
9.000 4.000 4.000
8.000 7.000 5.000
11.000 9.000 9.000
8.000 9.000 10.000
8.000 7.000 4.000
9.000 7.000 10.000
9.000 5.000 7.000
9.000 9.000 8.000
12.000 10.000 13.000
8.000 6.000 9.000
11.000 5.000 8.000
12.000 6.000 6.000
9.000 5.000 11.000
6.000 3.000 20.000
9.000 5.000 10.000
11.000 4.000 6.000
10.000 3.000 8.000
8.000 9.000 10.000
9.000 9.000 6.000
11.000 10.000 6.000
13.000 1.000 6.000
16.000 5.000 9.000
12.000 5.000 7.000
14.000 8.000 5.000
18.000 9.000 4.000
21.000 13.000 8.000
14.000 12.000 6.000
22.000 3.000 6.000
21.000 11.000 9.000
15.000 13.000 14.000
24.000 20.000 15.000
32.000 18.000 19.000
20.000 42.000 26.000
28.000 39.000 42.000
32.000 42.000 39.000
22.000 57.000 37.000
