109.000 73.000 83.000
9.000 22.000 30.000
17.000 25.000 8.000
8.000 21.000 22.000
21.000 29.000 20.000
19.000 14.000 16.000
12.000 26.000 11.000
23.000 12.000 20.000
9.000 19.000 17.000
11.000 17.000 20.000
15.000 21.000 18.000
23.000 16.000 15.000
13.000 12.000 9.000
17.000 21.000 20.000
13.000 12.000 10.000
12.000 21.000 16.000
15.000 17.000 18.000
15.000 17.000 7.000
17.000 11.000 5.000
15.000 12.000 9.000
11.000 11.000 4.000
10.000 4.000 12.000
11.000 8.000 2.000
10.000 9.000 7.000
10.000 14.000 13.000
11.000 10.000 8.000
11.000 6.000 14.000
8.000 8.000 8.000
14.000 7.000 10.000
9.000 3.000 15.000
8.000 5.000 8.000
7.000 7.000 10.000
8.000 1.000 8.000
11.000 3.000 14.000
10.000 5.000 13.000
8.000 5.000 5.000
4.000 4.000 14.000
9.000 3.000 9.000
5.000 6.000 9.000
4.000 4.000 3.000
5.000 5.000 12.000
14.000 7.000 7.000
8.000 6.000 6.000
8.000 8.000 1.000
12.000 9.000 4.000
8.000 3.000 6.000
5.000 7.000 3.000
15.000 12.000 4.000
19.000 8.000 9.000
8.000 11.000 8.000
20.000 14.000 9.000
19.000 11.000 9.000
23.000 22.000 14.000
19.000 11.000 14.000
27.000 22.000 21.000
8.000 31.000 29.000
18.000 38.000 22.000
14.000 36.000 20.000
