83.000 66.000 69.000
7.000 20.000 27.000
11.000 22.000 12.000
12.000 19.000 11.000
20.000 14.000 22.000
13.000 21.000 13.000
12.000 7.000 9.000
17.000 14.000 14.000
5.000 6.000 10.000
7.000 9.000 5.000
9.000 11.000 8.000
12.000 7.000 8.000
3.000 5.000 5.000
6.000 7.000 5.000
9.000 9.000 8.000
8.000 7.000 9.000
12.000 6.000 4.000
11.000 5.000 7.000
7.000 8.000 4.000
5.000 5.000 5.000
12.000 6.000 4.000
7.000 7.000 3.000
11.000 9.000 3.000
11.000 14.000 5.000
6.000 5.000 4.000
12.000 6.000 4.000
7.000 7.000 6.000
5.000 6.000 7.000
7.000 3.000 12.000
10.000 7.000 9.000
17.000 10.000 12.000
10.000 8.000 11.000
4.000 1.000 9.000
12.000 2.000 8.000
11.000 6.000 9.000
9.000 2.000 12.000
12.000 4.000 5.000
8.000 4.000 5.000
8.000 3.000 4.000
11.000 4.000 10.000
10.000 3.000 6.000
8.000 4.000 6.000
17.000 4.000 5.000
13.000 5.000 5.000
11.000 3.000 2.000
12.000 7.000 6.000
15.000 4.000 2.000
11.000 6.000 5.000
16.000 6.000 3.000
12.000 10.000 7.000
19.000 10.000 13.000
9.000 11.000 12.000
20.000 19.000 11.000
23.000 19.000 19.000
30.000 40.000 30.000
23.000 44.000 50.000
38.000 61.000 43.000
36.000 73.000 38.000
