86.000 122.000 106.000
17.000 28.000 20.000
20.000 31.000 22.000
17.000 24.000 26.000
18.000 25.000 16.000
19.000 27.000 22.000
18.000 18.000 25.000
13.000 33.000 25.000
13.000 22.000 14.000
16.000 16.000 11.000
9.000 15.000 16.000
9.000 13.000 14.000
13.000 17.000 11.000
16.000 14.000 10.000
20.000 12.000 12.000
6.000 20.000 14.000
17.000 18.000 8.000
11.000 5.000 10.000
13.000 8.000 7.000
18.000 10.000 6.000
15.000 6.000 6.000
11.000 6.000 4.000
13.000 9.000 6.000
14.000 12.000 8.000
14.000 5.000 11.000
12.000 5.000 6.000
17.000 7.000 7.000
17.000 8.000 9.000
10.000 6.000 12.000
11.000 9.000 14.000
17.000 8.000 16.000
10.000 3.000 13.000
7.000 5.000 16.000
6.000 4.000 16.000
8.000 3.000 11.000
4.000 0.000 6.000
15.000 9.000 13.000
13.000 6.000 15.000
10.000 3.000 11.000
12.000 2.000 7.000
8.000 6.000 6.000
9.000 11.000 9.000
15.000 11.000 12.000
7.000 5.000 4.000
6.000 6.000 11.000
4.000 9.000 3.000
11.000 6.000 2.000
15.000 12.000 3.000
15.000 8.000 7.000
10.000 13.000 11.000
8.000 13.000 5.000
10.000 18.000 15.000
10.000 16.000 12.000
19.000 16.000 10.000
15.000 14.000 17.000
20.000 22.000 26.000
12.000 27.000 20.000
21.000 40.000 19.000
