90.000 47.000 58.000
9.000 19.000 20.000
17.000 19.000 12.000
11.000 22.000 16.000
14.000 22.000 11.000
15.000 16.000 12.000
6.000 16.000 14.000
17.000 12.000 10.000
10.000 7.000 2.000
2.000 8.000 8.000
8.000 9.000 7.000
7.000 5.000 14.000
15.000 7.000 8.000
5.000 9.000 8.000
15.000 3.000 6.000
10.000 7.000 7.000
15.000 7.000 3.000
7.000 12.000 1.000
13.000 6.000 1.000
12.000 10.000 6.000
9.000 11.000 7.000
12.000 6.000 4.000
11.000 11.000 6.000
13.000 10.000 5.000
11.000 8.000 5.000
10.000 10.000 5.000
13.000 10.000 4.000
15.000 13.000 7.000
13.000 6.000 4.000
11.000 4.000 10.000
17.000 7.000 8.000
10.000 4.000 8.000
18.000 5.000 6.000
5.000 7.000 10.000
13.000 2.000 8.000
8.000 2.000 3.000
9.000 5.000 12.000
17.000 2.000 13.000
18.000 0.000 13.000
9.000 3.000 6.000
8.000 8.000 5.000
15.000 2.000 7.000
9.000 2.000 7.000
8.000 7.000 11.000
8.000 0.000 8.000
11.000 7.000 8.000
11.000 10.000 8.000
14.000 10.000 8.000
11.000 2.000 4.000
5.000 13.000 9.000
10.000 14.000 10.000
10.000 14.000 10.000
13.000 22.000 12.000
11.000 30.000 19.000
19.000 38.000 26.000
24.000 41.000 52.000
22.000 54.000 39.000
23.000 63.000 54.000
