94.000 72.000 91.000
15.000 28.000 30.000
24.000 23.000 14.000
20.000 15.000 13.000
18.000 29.000 29.000
16.000 17.000 12.000
12.000 23.000 22.000
18.000 15.000 13.000
6.000 11.000 12.000
8.000 18.000 19.000
15.000 7.000 10.000
10.000 10.000 7.000
12.000 14.000 14.000
11.000 11.000 8.000
6.000 7.000 10.000
7.000 10.000 8.000
11.000 10.000 6.000
3.000 8.000 5.000
9.000 5.000 5.000
7.000 4.000 2.000
11.000 5.000 1.000
5.000 7.000 6.000
12.000 2.000 3.000
3.000 7.000 12.000
2.000 8.000 3.000
2.000 5.000 4.000
8.000 8.000 8.000
10.000 4.000 8.000
4.000 8.000 10.000
6.000 9.000 6.000
6.000 5.000 10.000
6.000 5.000 6.000
7.000 4.000 14.000
5.000 4.000 7.000
10.000 1.000 5.000
6.000 0.000 12.000
8.000 4.000 4.000
2.000 7.000 13.000
3.000 4.000 9.000
8.000 1.000 4.000
4.000 5.000 2.000
6.000 5.000 6.000
4.000 7.000 6.000
5.000 7.000 6.000
6.000 4.000 1.000
6.000 7.000 3.000
8.000 7.000 3.000
7.000 9.000 8.000
14.000 7.000 8.000
20.000 7.000 7.000
13.000 3.000 9.000
16.000 14.000 10.000
22.000 12.000 22.000
26.000 23.000 22.000
31.000 27.000 25.000
30.000 31.000 28.000
37.000 45.000 36.000
43.000 61.000 50.000
