66.000 52.000 91.000
8.000 22.000 16.000
16.000 17.000 13.000
12.000 17.000 15.000
10.000 13.000 8.000
11.000 20.000 14.000
13.000 15.000 10.000
13.000 10.000 12.000
8.000 16.000 8.000
14.000 11.000 9.000
13.000 6.000 11.000
11.000 14.000 5.000
22.000 9.000 10.000
8.000 14.000 8.000
10.000 12.000 7.000
12.000 7.000 7.000
5.000 7.000 8.000
11.000 8.000 1.000
9.000 16.000 5.000
5.000 5.000 6.000
9.000 6.000 6.000
9.000 17.000 7.000
10.000 7.000 7.000
11.000 6.000 10.000
10.000 6.000 5.000
6.000 3.000 13.000
6.000 15.000 5.000
9.000 7.000 11.000
8.000 7.000 16.000
8.000 5.000 18.000
11.000 9.000 7.000
9.000 7.000 6.000
8.000 4.000 16.000
15.000 4.000 10.000
10.000 5.000 9.000
11.000 5.000 14.000
12.000 2.000 11.000
12.000 3.000 20.000
12.000 2.000 10.000
10.000 6.000 14.000
8.000 7.000 7.000
12.000 7.000 8.000
11.000 12.000 11.000
13.000 4.000 4.000
18.000 9.000 5.000
14.000 6.000 7.000
19.000 6.000 4.000
18.000 19.000 9.000
12.000 19.000 8.000
20.000 11.000 12.000
20.000 22.000 22.000
18.000 17.000 18.000
13.000 18.000 20.000
16.000 28.000 17.000
25.000 21.000 22.000
22.000 41.000 39.000
30.000 48.000 29.000
26.000 38.000 35.000
