83.000 80.000 69.000
17.000 31.000 35.000
30.000 41.000 16.000
15.000 37.000 31.000
26.000 28.000 25.000
22.000 24.000 34.000
21.000 19.000 21.000
26.000 16.000 20.000
12.000 24.000 29.000
13.000 4.000 16.000
17.000 13.000 18.000
13.000 11.000 13.000
17.000 7.000 10.000
14.000 10.000 11.000
5.000 10.000 8.000
5.000 12.000 10.000
10.000 5.000 4.000
11.000 12.000 3.000
10.000 5.000 4.000
6.000 9.000 7.000
6.000 4.000 4.000
8.000 2.000 2.000
9.000 4.000 5.000
5.000 5.000 2.000
5.000 6.000 6.000
7.000 8.000 5.000
6.000 9.000 11.000
3.000 9.000 12.000
5.000 5.000 10.000
3.000 6.000 4.000
5.000 5.000 6.000
10.000 2.000 11.000
8.000 3.000 7.000
6.000 4.000 3.000
7.000 2.000 8.000
2.000 4.000 4.000
6.000 4.000 1.000
8.000 2.000 1.000
7.000 1.000 2.000
6.000 1.000 6.000
2.000 4.000 3.000
4.000 0.000 5.000
2.000 4.000 1.000
3.000 3.000 3.000
7.000 3.000 0.000
7.000 4.000 3.000
7.000 3.000 1.000
4.000 3.000 2.000
7.000 4.000 5.000
8.000 2.000 7.000
6.000 5.000 3.000
16.000 9.000 6.000
14.000 14.000 18.000
27.000 13.000 10.000
23.000 24.000 23.000
26.000 31.000 22.000
35.000 58.000 38.000
26.000 68.000 58.000
