96.000 96.000 96.000
31.000 31.000 31.000
28.000 28.000 28.000
17.000 17.000 17.000
25.000 25.000 25.000
21.000 21.000 21.000
22.000 22.000 22.000
22.000 22.000 22.000
15.000 15.000 15.000
12.000 12.000 12.000
10.000 10.000 10.000
7.000 7.000 7.000
16.000 16.000 16.000
24.000 24.000 24.000
24.000 24.000 24.000
21.000 21.000 21.000
17.000 17.000 17.000
10.000 10.000 10.000
4.000 4.000 4.000
3.000 3.000 3.000
1.000 1.000 1.000
1.000 1.000 1.000
0.000 0.000 0.000
3.000 3.000 3.000
3.000 3.000 3.000
5.000 5.000 5.000
2.000 2.000 2.000
6.000 6.000 6.000
7.000 7.000 7.000
5.000 5.000 5.000
4.000 4.000 4.000
2.000 2.000 2.000
2.000 2.000 2.000
0.000 0.000 0.000
0.000 0.000 0.000
0.000 0.000 0.000
0.000 0.000 0.000
0.000 0.000 0.000
0.000 0.000 0.000
0.000 0.000 0.000
0.000 0.000 0.000
0.000 0.000 0.000
0.000 0.000 0.000
0.000 0.000 0.000
0.000 0.000 0.000
0.000 0.000 0.000
0.000 0.000 0.000
0.000 0.000 0.000
0.000 0.000 0.000
0.000 0.000 0.000
0.000 0.000 0.000
0.000 0.000 0.000
0.000 0.000 0.000
5.000 5.000 5.000
9.000 9.000 9.000
48.000 48.000 48.000
61.000 61.000 61.000
71.000 71.000 71.000
