108.000 77.000 72.000
15.000 33.000 20.000
29.000 26.000 9.000
19.000 16.000 16.000
15.000 12.000 18.000
24.000 21.000 22.000
13.000 15.000 29.000
14.000 19.000 17.000
11.000 26.000 12.000
13.000 11.000 14.000
10.000 8.000 11.000
12.000 10.000 7.000
9.000 7.000 10.000
5.000 14.000 11.000
5.000 13.000 15.000
8.000 11.000 10.000
12.000 12.000 5.000
8.000 5.000 8.000
6.000 3.000 4.000
7.000 13.000 9.000
9.000 10.000 10.000
8.000 3.000 5.000
7.000 8.000 6.000
8.000 7.000 3.000
6.000 10.000 3.000
11.000 12.000 8.000
4.000 7.000 4.000
7.000 8.000 8.000
13.000 3.000 17.000
6.000 14.000 10.000
7.000 1.000 11.000
7.000 5.000 3.000
8.000 5.000 7.000
8.000 5.000 7.000
4.000 3.000 9.000
2.000 2.000 6.000
4.000 1.000 5.000
5.000 8.000 8.000
7.000 3.000 10.000
1.000 5.000 3.000
8.000 5.000 8.000
7.000 2.000 7.000
10.000 5.000 2.000
12.000 1.000 6.000
7.000 3.000 8.000
8.000 3.000 2.000
5.000 4.000 5.000
6.000 2.000 4.000
9.000 4.000 1.000
10.000 6.000 5.000
7.000 3.000 10.000
21.000 10.000 9.000
20.000 10.000 20.000
35.000 18.000 13.000
27.000 28.000 22.000
24.000 36.000 25.000
30.000 55.000 38.000
42.000 54.000 43.000
