247.000 12.000 12.000
21.000 75.000 78.000
70.000 59.000 41.000
16.000 23.000 32.000
36.000 37.000 34.000
29.000 24.000 13.000
13.000 17.000 18.000
15.000 9.000 13.000
12.000 11.000 13.000
16.000 14.000 12.000
11.000 8.000 8.000
11.000 8.000 10.000
14.000 10.000 8.000
10.000 7.000 12.000
13.000 5.000 7.000
7.000 11.000 5.000
12.000 10.000 10.000
7.000 6.000 3.000
10.000 7.000 6.000
5.000 2.000 4.000
5.000 0.000 5.000
6.000 0.000 0.000
4.000 5.000 3.000
13.000 2.000 4.000
9.000 3.000 4.000
4.000 5.000 9.000
7.000 6.000 6.000
3.000 6.000 10.000
8.000 8.000 11.000
6.000 8.000 7.000
7.000 5.000 6.000
5.000 4.000 8.000
9.000 2.000 2.000
4.000 0.000 4.000
3.000 0.000 3.000
4.000 0.000 1.000
1.000 1.000 2.000
2.000 2.000 0.000
0.000 0.000 0.000
3.000 0.000 3.000
2.000 2.000 1.000
1.000 3.000 0.000
2.000 1.000 0.000
0.000 3.000 1.000
3.000 2.000 1.000
4.000 2.000 0.000
4.000 3.000 0.000
3.000 4.000 2.000
3.000 0.000 2.000
5.000 0.000 3.000
5.000 1.000 2.000
5.000 5.000 10.000
4.000 3.000 4.000
7.000 11.000 8.000
6.000 11.000 10.000
12.000 23.000 18.000
25.000 28.000 24.000
24.000 37.000 42.000
