78.000 68.000 69.000
7.000 21.000 12.000
9.000 20.000 11.000
4.000 20.000 22.000
16.000 14.000 12.000
12.000 14.000 8.000
10.000 16.000 6.000
14.000 14.000 14.000
14.000 7.000 9.000
9.000 3.000 13.000
6.000 9.000 9.000
4.000 6.000 8.000
6.000 8.000 5.000
8.000 10.000 9.000
4.000 12.000 5.000
7.000 8.000 6.000
5.000 11.000 8.000
7.000 8.000 8.000
9.000 9.000 6.000
8.000 14.000 5.000
4.000 5.000 3.000
7.000 8.000 4.000
8.000 6.000 3.000
7.000 6.000 5.000
5.000 7.000 3.000
5.000 9.000 8.000
12.000 5.000 5.000
6.000 5.000 19.000
9.000 7.000 8.000
9.000 10.000 5.000
7.000 6.000 13.000
6.000 6.000 9.000
9.000 5.000 14.000
15.000 3.000 7.000
11.000 4.000 10.000
8.000 4.000 13.000
7.000 3.000 12.000
16.000 4.000 10.000
12.000 5.000 9.000
10.000 2.000 8.000
9.000 5.000 12.000
3.000 7.000 5.000
10.000 2.000 5.000
10.000 7.000 5.000
8.000 16.000 8.000
11.000 5.000 9.000
6.000 8.000 5.000
10.000 10.000 6.000
18.000 10.000 12.000
16.000 11.000 10.000
14.000 7.000 11.000
19.000 19.000 14.000
24.000 15.000 16.000
20.000 20.000 15.000
15.000 24.000 32.000
23.000 43.000 42.000
39.000 49.000 40.000
36.000 58.000 40.000
