81.000 70.000 84.000
3.000 23.000 18.000
11.000 18.000 15.000
7.000 20.000 24.000
19.000 21.000 15.000
20.000 18.000 10.000
11.000 16.000 13.000
18.000 13.000 6.000
12.000 22.000 13.000
14.000 17.000 16.000
16.000 14.000 13.000
14.000 19.000 10.000
13.000 17.000 9.000
10.000 13.000 19.000
14.000 19.000 11.000
13.000 14.000 15.000
13.000 12.000 7.000
11.000 17.000 12.000
12.000 15.000 9.000
12.000 14.000 15.000
16.000 16.000 5.000
13.000 10.000 5.000
11.000 12.000 15.000
15.000 19.000 8.000
13.000 7.000 9.000
11.000 8.000 9.000
12.000 20.000 18.000
22.000 4.000 10.000
7.000 7.000 17.000
12.000 6.000 14.000
12.000 9.000 22.000
15.000 7.000 26.000
15.000 5.000 13.000
10.000 5.000 14.000
18.000 2.000 22.000
12.000 5.000 21.000
9.000 11.000 13.000
14.000 6.000 18.000
19.000 13.000 11.000
13.000 9.000 9.000
9.000 14.000 9.000
15.000 14.000 12.000
19.000 12.000 12.000
10.000 11.000 6.000
12.000 13.000 7.000
18.000 18.000 11.000
15.000 16.000 12.000
19.000 16.000 10.000
12.000 14.000 8.000
9.000 10.000 6.000
11.000 10.000 16.000
14.000 14.000 13.000
12.000 10.000 9.000
17.000 14.000 11.000
21.000 17.000 20.000
15.000 16.000 19.000
21.000 26.000 25.000
10.000 23.000 21.000
