73.000 54.000 74.000
9.000 27.000 8.000
12.000 17.000 10.000
5.000 24.000 14.000
24.000 19.000 11.000
7.000 18.000 11.000
16.000 14.000 17.000
19.000 19.000 13.000
13.000 13.000 14.000
15.000 15.000 14.000
7.000 17.000 18.000
11.000 15.000 14.000
11.000 16.000 8.000
11.000 14.000 14.000
17.000 21.000 19.000
17.000 20.000 12.000
19.000 15.000 10.000
17.000 15.000 11.000
12.000 10.000 6.000
13.000 16.000 8.000
8.000 14.000 7.000
14.000 16.000 8.000
13.000 12.000 11.000
16.000 11.000 14.000
4.000 10.000 10.000
14.000 11.000 7.000
10.000 7.000 11.000
20.000 8.000 12.000
13.000 12.000 16.000
21.000 7.000 13.000
15.000 7.000 17.000
11.000 4.000 24.000
18.000 7.000 15.000
12.000 3.000 18.000
14.000 6.000 15.000
14.000 8.000 18.000
14.000 2.000 16.000
10.000 12.000 18.000
15.000 7.000 22.000
19.000 9.000 16.000
12.000 14.000 10.000
10.000 9.000 10.000
12.000 14.000 13.000
13.000 8.000 10.000
11.000 21.000 13.000
16.000 11.000 12.000
9.000 10.000 9.000
15.000 9.000 5.000
9.000 16.000 5.000
15.000 11.000 7.000
17.000 16.000 6.000
18.000 20.000 13.000
16.000 18.000 7.000
26.000 25.000 10.000
13.000 25.000 16.000
16.000 28.000 22.000
10.000 28.000 19.000
12.000 21.000 11.000
