80.000 78.000 62.000
10.000 30.000 36.000
25.000 18.000 20.000
10.000 19.000 21.000
20.000 20.000 21.000
14.000 16.000 20.000
18.000 24.000 19.000
11.000 11.000 20.000
14.000 18.000 16.000
16.000 8.000 15.000
5.000 15.000 9.000
16.000 12.000 12.000
12.000 11.000 12.000
8.000 8.000 15.000
11.000 12.000 9.000
11.000 12.000 8.000
10.000 13.000 6.000
11.000 13.000 6.000
9.000 5.000 8.000
13.000 6.000 7.000
11.000 4.000 3.000
9.000 8.000 4.000
7.000 6.000 4.000
6.000 11.000 5.000
5.000 0.000 9.000
2.000 4.000 9.000
8.000 2.000 4.000
7.000 3.000 13.000
5.000 7.000 10.000
5.000 7.000 9.000
5.000 2.000 11.000
4.000 5.000 6.000
8.000 2.000 4.000
4.000 0.000 7.000
4.000 2.000 4.000
9.000 2.000 8.000
7.000 3.000 7.000
5.000 3.000 7.000
6.000 5.000 4.000
7.000 6.000 2.000
10.000 4.000 4.000
3.000 4.000 5.000
11.000 6.000 4.000
10.000 3.000 0.000
6.000 4.000 4.000
7.000 8.000 2.000
10.000 5.000 3.000
9.000 7.000 3.000
5.000 8.000 9.000
9.000 12.000 8.000
10.000 2.000 12.000
17.000 10.000 15.000
16.000 12.000 27.000
28.000 21.000 34.000
25.000 24.000 34.000
33.000 38.000 37.000
37.000 53.000 43.000
23.000 50.000 49.000
