96.000 89.000 88.000
13.000 32.000 32.000
16.000 24.000 17.000
8.000 21.000 15.000
14.000 17.000 23.000
21.000 22.000 19.000
22.000 11.000 16.000
17.000 15.000 24.000
19.000 20.000 15.000
23.000 16.000 15.000
6.000 12.000 10.000
10.000 20.000 15.000
21.000 17.000 9.000
18.000 17.000 7.000
16.000 14.000 8.000
13.000 14.000 14.000
9.000 19.000 13.000
12.000 10.000 15.000
10.000 5.000 11.000
9.000 8.000 8.000
10.000 7.000 4.000
8.000 9.000 6.000
10.000 9.000 7.000
8.000 5.000 13.000
7.000 15.000 5.000
7.000 10.000 11.000
7.000 13.000 9.000
12.000 8.000 11.000
11.000 14.000 17.000
15.000 10.000 14.000
11.000 11.000 10.000
15.000 5.000 13.000
14.000 6.000 17.000
12.000 0.000 17.000
9.000 7.000 14.000
12.000 2.000 10.000
10.000 6.000 13.000
7.000 4.000 12.000
7.000 4.000 4.000
11.000 9.000 11.000
7.000 11.000 14.000
8.000 3.000 7.000
12.000 10.000 7.000
11.000 6.000 2.000
7.000 4.000 4.000
10.000 7.000 8.000
12.000 12.000 8.000
9.000 7.000 5.000
9.000 14.000 6.000
9.000 13.000 9.000
12.000 4.000 5.000
11.000 14.000 11.000
15.000 14.000 8.000
15.000 14.000 7.000
19.000 17.000 20.000
28.000 26.000 27.000
24.000 46.000 20.000
31.000 34.000 28.000
