108.000 75.000 91.000
12.000 31.000 17.000
20.000 26.000 12.000
9.000 18.000 22.000
13.000 20.000 12.000
17.000 21.000 12.000
20.000 16.000 18.000
14.000 6.000 18.000
5.000 18.000 14.000
7.000 11.000 11.000
12.000 11.000 15.000
11.000 11.000 7.000
13.000 19.000 6.000
8.000 3.000 11.000
13.000 13.000 14.000
4.000 12.000 10.000
9.000 8.000 3.000
10.000 6.000 3.000
12.000 5.000 7.000
10.000 10.000 8.000
10.000 10.000 10.000
8.000 7.000 3.000
11.000 9.000 4.000
7.000 9.000 1.000
5.000 12.000 8.000
4.000 7.000 8.000
9.000 9.000 6.000
6.000 9.000 9.000
6.000 9.000 4.000
6.000 6.000 11.000
11.000 6.000 11.000
8.000 6.000 11.000
13.000 5.000 16.000
7.000 1.000 8.000
8.000 7.000 8.000
13.000 5.000 12.000
16.000 7.000 12.000
10.000 5.000 9.000
6.000 1.000 8.000
8.000 4.000 8.000
9.000 3.000 11.000
17.000 6.000 12.000
18.000 8.000 4.000
14.000 6.000 8.000
13.000 11.000 16.000
11.000 10.000 4.000
15.000 9.000 9.000
14.000 7.000 7.000
19.000 6.000 9.000
9.000 8.000 6.000
20.000 12.000 14.000
19.000 21.000 6.000
12.000 20.000 17.000
25.000 23.000 20.000
22.000 29.000 25.000
16.000 37.000 28.000
18.000 41.000 30.000
27.000 50.000 38.000
