52.000 90.000 73.000
5.000 24.000 12.000
17.000 23.000 11.000
15.000 19.000 20.000
15.000 14.000 15.000
15.000 15.000 14.000
16.000 22.000 17.000
22.000 16.000 15.000
11.000 15.000 14.000
12.000 22.000 14.000
18.000 11.000 14.000
14.000 14.000 10.000
15.000 7.000 14.000
17.000 15.000 16.000
11.000 16.000 9.000
17.000 14.000 13.000
12.000 15.000 10.000
12.000 17.000 11.000
13.000 11.000 11.000
16.000 8.000 10.000
15.000 12.000 9.000
10.000 12.000 9.000
10.000 18.000 8.000
16.000 9.000 9.000
7.000 10.000 7.000
9.000 10.000 11.000
6.000 8.000 10.000
9.000 7.000 8.000
14.000 10.000 12.000
10.000 7.000 11.000
13.000 6.000 14.000
15.000 5.000 9.000
16.000 8.000 17.000
15.000 8.000 15.000
8.000 8.000 17.000
17.000 7.000 18.000
10.000 7.000 19.000
11.000 2.000 13.000
6.000 7.000 12.000
12.000 6.000 11.000
12.000 5.000 10.000
15.000 6.000 8.000
7.000 12.000 14.000
10.000 12.000 10.000
16.000 11.000 16.000
13.000 8.000 13.000
19.000 6.000 7.000
18.000 13.000 11.000
18.000 15.000 6.000
22.000 21.000 8.000
12.000 15.000 9.000
11.000 11.000 11.000
13.000 15.000 13.000
15.000 32.000 13.000
16.000 26.000 14.000
16.000 37.000 13.000
12.000 26.000 25.000
14.000 27.000 21.000
