115.000 90.000 129.000
11.000 39.000 20.000
18.000 36.000 19.000
13.000 27.000 25.000
25.000 23.000 18.000
18.000 25.000 17.000
6.000 12.000 17.000
24.000 19.000 21.000
13.000 15.000 18.000
22.000 12.000 10.000
8.000 21.000 15.000
20.000 16.000 10.000
12.000 10.000 15.000
11.000 15.000 13.000
11.000 8.000 17.000
11.000 14.000 5.000
19.000 14.000 7.000
9.000 10.000 10.000
10.000 6.000 7.000
11.000 12.000 2.000
7.000 8.000 5.000
10.000 6.000 2.000
2.000 9.000 9.000
12.000 6.000 5.000
14.000 3.000 7.000
11.000 7.000 11.000
9.000 9.000 10.000
9.000 6.000 12.000
8.000 6.000 6.000
6.000 6.000 7.000
5.000 7.000 9.000
13.000 1.000 7.000
7.000 6.000 11.000
4.000 2.000 5.000
10.000 1.000 9.000
3.000 0.000 10.000
5.000 8.000 7.000
5.000 5.000 11.000
13.000 4.000 9.000
6.000 3.000 6.000
3.000 1.000 5.000
8.000 7.000 6.000
6.000 7.000 2.000
6.000 5.000 5.000
6.000 10.000 4.000
10.000 7.000 2.000
13.000 6.000 12.000
9.000 3.000 3.000
10.000 6.000 7.000
13.000 5.000 10.000
10.000 6.000 9.000
15.000 19.000 8.000
12.000 19.000 17.000
11.000 16.000 19.000
18.000 22.000 22.000
20.000 27.000 21.000
24.000 36.000 24.000
27.000 52.000 35.000
