80.000 81.000 80.000
7.000 36.000 18.000
11.000 17.000 12.000
5.000 21.000 27.000
17.000 23.000 18.000
14.000 23.000 17.000
8.000 17.000 21.000
21.000 19.000 9.000
11.000 27.000 17.000
7.000 9.000 14.000
10.000 14.000 14.000
17.000 17.000 11.000
6.000 16.000 12.000
12.000 20.000 12.000
16.000 14.000 9.000
7.000 15.000 10.000
19.000 16.000 11.000
10.000 20.000 13.000
16.000 12.000 9.000
14.000 9.000 3.000
13.000 6.000 7.000
10.000 9.000 10.000
14.000 5.000 9.000
19.000 6.000 7.000
18.000 11.000 7.000
9.000 8.000 5.000
9.000 5.000 11.000
11.000 8.000 8.000
13.000 9.000 12.000
15.000 4.000 14.000
11.000 6.000 10.000
12.000 3.000 5.000
13.000 8.000 22.000
6.000 4.000 8.000
21.000 3.000 12.000
10.000 1.000 14.000
11.000 6.000 5.000
11.000 8.000 12.000
12.000 3.000 10.000
14.000 4.000 10.000
6.000 10.000 9.000
9.000 11.000 15.000
11.000 8.000 8.000
12.000 10.000 10.000
13.000 10.000 8.000
7.000 8.000 6.000
12.000 9.000 11.000
19.000 8.000 7.000
11.000 5.000 6.000
8.000 7.000 5.000
7.000 7.000 10.000
9.000 14.000 20.000
13.000 19.000 14.000
19.000 10.000 9.000
19.000 23.000 24.000
15.000 33.000 23.000
24.000 29.000 28.000
13.000 47.000 29.000
