90.000 69.000 115.000
11.000 30.000 21.000
24.000 26.000 14.000
10.000 22.000 16.000
19.000 23.000 13.000
17.000 15.000 12.000
20.000 13.000 11.000
20.000 24.000 8.000
10.000 20.000 14.000
16.000 13.000 8.000
9.000 12.000 3.000
11.000 8.000 14.000
11.000 18.000 9.000
9.000 24.000 9.000
11.000 14.000 11.000
15.000 11.000 8.000
9.000 10.000 12.000
14.000 12.000 12.000
14.000 17.000 16.000
16.000 10.000 7.000
11.000 13.000 9.000
17.000 5.000 8.000
10.000 9.000 9.000
6.000 5.000 14.000
15.000 8.000 7.000
3.000 9.000 11.000
5.000 4.000 10.000
13.000 11.000 15.000
10.000 6.000 15.000
16.000 7.000 19.000
12.000 4.000 14.000
7.000 5.000 15.000
13.000 3.000 16.000
7.000 7.000 13.000
5.000 3.000 12.000
9.000 6.000 11.000
7.000 3.000 14.000
4.000 8.000 14.000
20.000 0.000 11.000
6.000 4.000 13.000
6.000 14.000 9.000
13.000 10.000 13.000
9.000 9.000 6.000
11.000 14.000 10.000
13.000 11.000 15.000
16.000 15.000 13.000
12.000 17.000 11.000
6.000 18.000 7.000
13.000 7.000 7.000
9.000 17.000 9.000
13.000 11.000 15.000
14.000 12.000 10.000
19.000 13.000 13.000
18.000 20.000 13.000
20.000 19.000 23.000
16.000 12.000 19.000
21.000 32.000 19.000
15.000 40.000 22.000
