82.000 60.000 86.000
9.000 14.000 14.000
12.000 15.000 15.000
7.000 25.000 11.000
16.000 15.000 12.000
14.000 15.000 12.000
12.000 15.000 10.000
10.000 10.000 10.000
6.000 16.000 8.000
11.000 7.000 11.000
8.000 13.000 14.000
14.000 12.000 3.000
6.000 8.000 7.000
9.000 11.000 4.000
11.000 11.000 6.000
11.000 10.000 7.000
4.000 11.000 4.000
6.000 14.000 3.000
12.000 14.000 2.000
11.000 9.000 6.000
16.000 8.000 7.000
6.000 8.000 7.000
13.000 4.000 4.000
10.000 7.000 7.000
7.000 11.000 7.000
11.000 7.000 13.000
16.000 7.000 10.000
8.000 10.000 6.000
13.000 4.000 10.000
19.000 14.000 11.000
14.000 8.000 19.000
11.000 5.000 17.000
11.000 6.000 13.000
9.000 4.000 9.000
8.000 8.000 15.000
15.000 7.000 22.000
9.000 2.000 12.000
17.000 1.000 10.000
12.000 6.000 17.000
12.000 9.000 14.000
13.000 5.000 14.000
15.000 14.000 5.000
12.000 7.000 11.000
22.000 13.000 12.000
17.000 9.000 18.000
14.000 24.000 9.000
18.000 18.000 14.000
17.000 12.000 8.000
19.000 15.000 22.000
28.000 14.000 13.000
18.000 16.000 11.000
17.000 26.000 11.000
11.000 24.000 15.000
20.000 26.000 22.000
22.000 35.000 17.000
28.000 23.000 29.000
26.000 38.000 28.000
16.000 38.000 28.000
