88.000 51.000 77.000
9.000 19.000 17.000
16.000 16.000 9.000
15.000 20.000 18.000
14.000 19.000 18.000
18.000 21.000 17.000
22.000 25.000 20.000
13.000 19.000 14.000
12.000 14.000 11.000
15.000 10.000 12.000
10.000 17.000 9.000
8.000 12.000 17.000
5.000 10.000 9.000
4.000 11.000 6.000
13.000 18.000 9.000
7.000 10.000 14.000
14.000 13.000 12.000
12.000 13.000 9.000
18.000 18.000 11.000
10.000 12.000 7.000
11.000 9.000 7.000
11.000 5.000 9.000
5.000 15.000 10.000
11.000 9.000 6.000
15.000 10.000 14.000
10.000 11.000 9.000
13.000 5.000 15.000
8.000 7.000 15.000
15.000 8.000 15.000
16.000 16.000 11.000
17.000 3.000 15.000
13.000 9.000 20.000
9.000 8.000 7.000
14.000 7.000 15.000
10.000 5.000 13.000
13.000 4.000 11.000
13.000 4.000 14.000
24.000 1.000 15.000
12.000 4.000 12.000
14.000 4.000 11.000
15.000 9.000 8.000
12.000 16.000 6.000
15.000 11.000 12.000
12.000 9.000 14.000
16.000 13.000 13.000
15.000 12.000 9.000
15.000 16.000 5.000
12.000 14.000 10.000
15.000 16.000 9.000
12.000 10.000 11.000
12.000 16.000 7.000
14.000 18.000 12.000
14.000 15.000 16.000
11.000 18.000 17.000
13.000 16.000 30.000
14.000 26.000 18.000
15.000 34.000 23.000
20.000 32.000 24.000
