59.000 54.000 54.000
8.000 17.000 13.000
24.000 26.000 8.000
4.000 17.000 14.000
11.000 15.000 19.000
13.000 12.000 7.000
11.000 11.000 7.000
6.000 8.000 5.000
8.000 7.000 13.000
6.000 5.000 6.000
9.000 6.000 11.000
6.000 9.000 9.000
11.000 7.000 4.000
7.000 6.000 8.000
8.000 8.000 8.000
6.000 7.000 7.000
2.000 5.000 7.000
5.000 6.000 2.000
7.000 9.000 4.000
9.000 7.000 3.000
6.000 5.000 3.000
8.000 9.000 8.000
7.000 11.000 6.000
7.000 5.000 7.000
8.000 3.000 7.000
7.000 6.000 5.000
3.000 12.000 7.000
10.000 8.000 8.000
9.000 2.000 14.000
9.000 1.000 13.000
5.000 3.000 6.000
5.000 6.000 7.000
10.000 4.000 7.000
7.000 3.000 11.000
7.000 2.000 11.000
9.000 0.000 7.000
6.000 1.000 10.000
8.000 3.000 8.000
8.000 6.000 7.000
11.000 2.000 8.000
11.000 3.000 8.000
13.000 5.000 6.000
9.000 4.000 5.000
18.000 2.000 4.000
12.000 7.000 5.000
22.000 14.000 2.000
16.000 9.000 5.000
25.000 8.000 6.000
13.000 10.000 9.000
21.000 17.000 15.000
18.000 10.000 14.000
21.000 15.000 23.000
27.000 14.000 15.000
25.000 26.000 15.000
33.000 23.000 22.000
32.000 48.000 33.000
26.000 56.000 53.000
41.000 66.000 51.000
