94.000 76.000 83.000
15.000 12.000 16.000
8.000 25.000 14.000
8.000 30.000 19.000
16.000 19.000 16.000
8.000 27.000 9.000
8.000 17.000 19.000
19.000 7.000 21.000
13.000 14.000 16.000
19.000 18.000 17.000
9.000 16.000 13.000
12.000 6.000 14.000
11.000 12.000 13.000
7.000 12.000 11.000
12.000 11.000 13.000
13.000 19.000 11.000
9.000 7.000 5.000
12.000 10.000 9.000
4.000 9.000 4.000
8.000 8.000 6.000
8.000 11.000 9.000
20.000 10.000 15.000
15.000 11.000 5.000
9.000 6.000 10.000
15.000 12.000 8.000
13.000 12.000 10.000
19.000 11.000 11.000
16.000 10.000 14.000
9.000 10.000 10.000
10.000 13.000 14.000
12.000 10.000 10.000
14.000 7.000 15.000
9.000 11.000 17.000
10.000 6.000 15.000
11.000 6.000 13.000
13.000 6.000 9.000
9.000 7.000 19.000
16.000 9.000 16.000
11.000 4.000 17.000
13.000 6.000 7.000
21.000 6.000 10.000
10.000 11.000 16.000
13.000 8.000 11.000
12.000 17.000 7.000
7.000 7.000 10.000
16.000 11.000 8.000
8.000 18.000 8.000
19.000 10.000 10.000
16.000 19.000 14.000
17.000 18.000 11.000
11.000 13.000 9.000
21.000 9.000 16.000
17.000 14.000 11.000
19.000 22.000 19.000
22.000 23.000 22.000
15.000 30.000 19.000
19.000 31.000 22.000
16.000 26.000 28.000
