85.000 56.000 94.000
9.000 21.000 18.000
16.000 21.000 14.000
12.000 29.000 24.000
19.000 20.000 15.000
13.000 27.000 16.000
12.000 26.000 20.000
14.000 17.000 14.000
13.000 15.000 10.000
18.000 13.000 8.000
10.000 15.000 13.000
14.000 12.000 6.000
3.000 11.000 12.000
8.000 8.000 7.000
9.000 11.000 12.000
11.000 10.000 7.000
14.000 12.000 9.000
12.000 11.000 6.000
14.000 12.000 7.000
9.000 7.000 5.000
8.000 10.000 9.000
8.000 8.000 7.000
6.000 9.000 3.000
11.000 6.000 8.000
10.000 11.000 10.000
7.000 6.000 7.000
5.000 10.000 10.000
11.000 9.000 5.000
5.000 4.000 8.000
14.000 12.000 13.000
13.000 7.000 10.000
10.000 7.000 12.000
13.000 6.000 20.000
4.000 6.000 12.000
10.000 4.000 14.000
12.000 5.000 14.000
12.000 6.000 11.000
9.000 6.000 8.000
16.000 3.000 12.000
13.000 7.000 13.000
11.000 4.000 9.000
18.000 7.000 14.000
13.000 7.000 8.000
15.000 8.000 8.000
17.000 7.000 10.000
17.000 16.000 7.000
18.000 9.000 7.000
16.000 7.000 7.000
14.000 7.000 6.000
11.000 8.000 7.000
14.000 14.000 8.000
18.000 18.000 12.000
11.000 20.000 18.000
22.000 23.000 16.000
17.000 25.000 21.000
27.000 31.000 25.000
24.000 34.000 25.000
24.000 45.000 32.000
