81.000 59.000 55.000
6.000 21.000 17.000
10.000 17.000 10.000
4.000 12.000 14.000
12.000 17.000 11.000
15.000 13.000 11.000
6.000 9.000 19.000
12.000 10.000 9.000
12.000 14.000 7.000
16.000 11.000 13.000
12.000 16.000 10.000
10.000 13.000 13.000
11.000 13.000 7.000
12.000 14.000 6.000
4.000 11.000 5.000
7.000 19.000 9.000
7.000 5.000 3.000
10.000 10.000 3.000
8.000 8.000 5.000
6.000 10.000 10.000
8.000 12.000 2.000
6.000 4.000 7.000
8.000 13.000 7.000
10.000 9.000 7.000
14.000 10.000 7.000
10.000 8.000 10.000
4.000 3.000 9.000
8.000 9.000 8.000
18.000 11.000 10.000
11.000 9.000 12.000
12.000 7.000 9.000
13.000 9.000 13.000
11.000 5.000 11.000
9.000 5.000 13.000
10.000 4.000 18.000
12.000 3.000 10.000
18.000 4.000 15.000
10.000 4.000 15.000
15.000 7.000 15.000
10.000 11.000 14.000
15.000 8.000 10.000
14.000 6.000 13.000
13.000 6.000 6.000
13.000 13.000 7.000
17.000 7.000 11.000
20.000 6.000 9.000
19.000 9.000 6.000
21.000 14.000 14.000
12.000 13.000 9.000
7.000 12.000 10.000
14.000 17.000 10.000
24.000 20.000 11.000
22.000 24.000 27.000
19.000 26.000 17.000
22.000 36.000 17.000
22.000 38.000 18.000
24.000 40.000 29.000
26.000 38.000 35.000
