77.000 62.000 35.000
6.000 23.000 31.000
12.000 24.000 12.000
8.000 13.000 15.000
14.000 14.000 25.000
9.000 14.000 13.000
8.000 12.000 15.000
15.000 12.000 16.000
9.000 15.000 13.000
19.000 7.000 9.000
14.000 11.000 9.000
22.000 14.000 12.000
5.000 7.000 17.000
14.000 15.000 17.000
11.000 13.000 14.000
14.000 12.000 11.000
12.000 17.000 6.000
8.000 8.000 9.000
9.000 11.000 9.000
7.000 9.000 9.000
10.000 3.000 4.000
5.000 4.000 8.000
8.000 10.000 10.000
6.000 5.000 5.000
8.000 12.000 6.000
9.000 6.000 3.000
8.000 10.000 7.000
7.000 10.000 12.000
6.000 12.000 13.000
6.000 11.000 6.000
5.000 9.000 7.000
8.000 6.000 11.000
9.000 6.000 6.000
9.000 5.000 6.000
6.000 4.000 9.000
9.000 7.000 7.000
5.000 5.000 7.000
10.000 6.000 8.000
13.000 1.000 4.000
13.000 4.000 6.000
7.000 4.000 9.000
9.000 3.000 8.000
6.000 2.000 6.000
11.000 3.000 8.000
9.000 6.000 6.000
9.000 7.000 6.000
15.000 4.000 4.000
16.000 7.000 5.000
23.000 8.000 6.000
19.000 6.000 5.000
13.000 4.000 3.000
17.000 4.000 14.000
23.000 20.000 11.000
16.000 24.000 16.000
27.000 36.000 35.000
33.000 47.000 36.000
23.000 44.000 36.000
37.000 66.000 41.000
