102.000 73.000 72.000
8.000 27.000 17.000
19.000 23.000 9.000
7.000 20.000 13.000
11.000 18.000 23.000
11.000 15.000 19.000
9.000 19.000 21.000
15.000 11.000 20.000
12.000 13.000 12.000
13.000 11.000 8.000
16.000 13.000 14.000
12.000 8.000 14.000
11.000 12.000 8.000
11.000 14.000 5.000
12.000 15.000 5.000
8.000 11.000 8.000
7.000 16.000 6.000
12.000 14.000 6.000
14.000 12.000 12.000
14.000 9.000 8.000
13.000 10.000 9.000
11.000 12.000 7.000
16.000 12.000 9.000
10.000 12.000 7.000
11.000 10.000 11.000
11.000 10.000 9.000
12.000 12.000 10.000
13.000 8.000 15.000
11.000 10.000 14.000
17.000 14.000 7.000
13.000 6.000 7.000
7.000 6.000 11.000
8.000 10.000 11.000
11.000 6.000 14.000
8.000 9.000 14.000
10.000 3.000 16.000
13.000 4.000 23.000
8.000 8.000 17.000
13.000 10.000 10.000
14.000 3.000 14.000
9.000 4.000 12.000
9.000 4.000 6.000
16.000 13.000 16.000
14.000 10.000 14.000
15.000 6.000 5.000
12.000 21.000 13.000
18.000 10.000 10.000
14.000 14.000 8.000
22.000 20.000 11.000
12.000 16.000 11.000
12.000 12.000 9.000
22.000 17.000 10.000
17.000 10.000 15.000
18.000 25.000 23.000
18.000 32.000 17.000
25.000 30.000 15.000
10.000 34.000 23.000
17.000 30.000 28.000
