103.000 86.000 80.000
13.000 41.000 37.000
31.000 34.000 22.000
21.000 23.000 30.000
26.000 23.000 24.000
18.000 25.000 18.000
19.000 35.000 25.000
17.000 20.000 28.000
23.000 15.000 18.000
17.000 14.000 14.000
11.000 10.000 13.000
15.000 13.000 21.000
14.000 11.000 16.000
18.000 19.000 18.000
17.000 19.000 24.000
15.000 14.000 10.000
12.000 15.000 16.000
7.000 9.000 7.000
15.000 7.000 11.000
10.000 6.000 4.000
10.000 5.000 1.000
8.000 3.000 7.000
7.000 8.000 5.000
5.000 5.000 6.000
8.000 5.000 7.000
10.000 13.000 9.000
7.000 13.000 8.000
9.000 9.000 7.000
8.000 7.000 8.000
10.000 13.000 11.000
5.000 9.000 9.000
9.000 4.000 7.000
6.000 0.000 7.000
8.000 2.000 3.000
3.000 2.000 4.000
3.000 1.000 5.000
3.000 3.000 5.000
3.000 3.000 2.000
2.000 1.000 3.000
4.000 2.000 4.000
1.000 6.000 2.000
1.000 5.000 2.000
6.000 2.000 2.000
1.000 2.000 1.000
3.000 2.000 4.000
6.000 0.000 1.000
1.000 3.000 1.000
3.000 1.000 2.000
5.000 3.000 2.000
7.000 0.000 2.000
9.000 1.000 1.000
9.000 4.000 5.000
16.000 4.000 11.000
16.000 8.000 14.000
17.000 25.000 17.000
21.000 34.000 27.000
34.000 46.000 36.000
40.000 63.000 43.000
