66.000 71.000 53.000
11.000 19.000 14.000
17.000 22.000 11.000
15.000 14.000 15.000
24.000 10.000 17.000
19.000 14.000 19.000
12.000 18.000 15.000
14.000 20.000 25.000
11.000 12.000 11.000
9.000 10.000 9.000
5.000 8.000 7.000
14.000 7.000 12.000
8.000 16.000 13.000
8.000 10.000 7.000
13.000 8.000 12.000
7.000 9.000 9.000
14.000 13.000 7.000
11.000 13.000 8.000
15.000 11.000 5.000
8.000 10.000 8.000
6.000 7.000 9.000
9.000 13.000 11.000
7.000 11.000 10.000
12.000 13.000 3.000
12.000 18.000 9.000
6.000 10.000 11.000
10.000 13.000 8.000
12.000 14.000 12.000
10.000 12.000 9.000
13.000 13.000 9.000
16.000 4.000 14.000
8.000 7.000 4.000
6.000 5.000 14.000
7.000 2.000 10.000
8.000 3.000 11.000
7.000 3.000 11.000
6.000 2.000 14.000
4.000 3.000 7.000
15.000 3.000 10.000
11.000 3.000 10.000
8.000 2.000 6.000
14.000 1.000 4.000
12.000 3.000 10.000
10.000 5.000 7.000
15.000 4.000 8.000
15.000 9.000 4.000
14.000 6.000 9.000
14.000 11.000 6.000
14.000 12.000 4.000
15.000 11.000 9.000
14.000 14.000 18.000
19.000 20.000 16.000
13.000 11.000 18.000
16.000 28.000 26.000
24.000 25.000 19.000
24.000 43.000 17.000
25.000 45.000 29.000
24.000 45.000 38.000
