92.000 81.000 59.000
14.000 35.000 28.000
31.000 31.000 14.000
22.000 22.000 26.000
21.000 20.000 26.000
26.000 21.000 17.000
19.000 28.000 24.000
17.000 25.000 31.000
18.000 18.000 24.000
17.000 23.000 22.000
21.000 17.000 18.000
12.000 8.000 18.000
15.000 18.000 20.000
17.000 23.000 15.000
13.000 26.000 20.000
9.000 15.000 15.000
11.000 7.000 19.000
11.000 15.000 9.000
13.000 10.000 10.000
7.000 12.000 11.000
9.000 10.000 6.000
6.000 5.000 6.000
8.000 10.000 6.000
6.000 7.000 12.000
13.000 10.000 1.000
11.000 6.000 6.000
4.000 4.000 3.000
5.000 9.000 0.000
5.000 5.000 2.000
8.000 4.000 18.000
8.000 3.000 5.000
8.000 3.000 10.000
11.000 1.000 9.000
4.000 3.000 12.000
5.000 3.000 5.000
10.000 1.000 8.000
9.000 2.000 8.000
5.000 4.000 9.000
8.000 1.000 5.000
6.000 2.000 9.000
8.000 2.000 6.000
8.000 2.000 3.000
6.000 6.000 7.000
5.000 6.000 8.000
4.000 6.000 7.000
5.000 10.000 3.000
8.000 8.000 1.000
17.000 6.000 5.000
13.000 2.000 6.000
12.000 11.000 11.000
9.000 10.000 9.000
10.000 12.000 7.000
15.000 11.000 10.000
21.000 21.000 18.000
17.000 33.000 16.000
22.000 28.000 15.000
30.000 36.000 29.000
21.000 55.000 23.000
