86.000 69.000 81.000
12.000 35.000 22.000
16.000 20.000 22.000
10.000 18.000 15.000
11.000 28.000 21.000
24.000 21.000 12.000
15.000 26.000 17.000
15.000 24.000 16.000
17.000 16.000 23.000
22.000 14.000 19.000
6.000 22.000 23.000
11.000 18.000 13.000
17.000 20.000 15.000
16.000 15.000 10.000
18.000 16.000 18.000
11.000 15.000 12.000
16.000 14.000 10.000
15.000 9.000 9.000
14.000 14.000 13.000
9.000 8.000 12.000
13.000 10.000 4.000
9.000 16.000 10.000
12.000 5.000 7.000
11.000 9.000 13.000
13.000 11.000 14.000
14.000 9.000 10.000
12.000 8.000 11.000
14.000 7.000 7.000
12.000 10.000 17.000
10.000 5.000 13.000
5.000 7.000 9.000
7.000 10.000 12.000
7.000 4.000 12.000
7.000 6.000 20.000
19.000 3.000 9.000
6.000 3.000 14.000
12.000 7.000 14.000
10.000 2.000 11.000
12.000 5.000 5.000
8.000 2.000 7.000
9.000 4.000 3.000
5.000 3.000 6.000
9.000 10.000 9.000
13.000 11.000 4.000
9.000 8.000 8.000
4.000 7.000 12.000
11.000 10.000 9.000
7.000 10.000 4.000
9.000 10.000 5.000
10.000 7.000 8.000
10.000 16.000 8.000
13.000 21.000 15.000
18.000 17.000 16.000
15.000 10.000 23.000
12.000 25.000 22.000
24.000 20.000 16.000
15.000 31.000 37.000
20.000 37.000 24.000
