99.000 74.000 80.000
12.000 34.000 18.000
15.000 21.000 14.000
9.000 21.000 15.000
25.000 17.000 21.000
18.000 22.000 17.000
12.000 15.000 15.000
16.000 14.000 18.000
8.000 21.000 19.000
16.000 10.000 12.000
8.000 15.000 10.000
11.000 16.000 10.000
11.000 8.000 16.000
9.000 10.000 9.000
14.000 13.000 9.000
9.000 7.000 11.000
11.000 8.000 6.000
7.000 6.000 9.000
9.000 8.000 2.000
3.000 10.000 3.000
5.000 4.000 6.000
11.000 9.000 3.000
5.000 5.000 5.000
9.000 2.000 2.000
8.000 5.000 4.000
9.000 9.000 9.000
8.000 9.000 7.000
8.000 10.000 10.000
9.000 4.000 10.000
12.000 6.000 14.000
10.000 4.000 10.000
11.000 5.000 14.000
10.000 3.000 6.000
11.000 3.000 10.000
7.000 1.000 9.000
10.000 4.000 13.000
10.000 7.000 13.000
9.000 5.000 9.000
4.000 5.000 7.000
9.000 3.000 7.000
7.000 11.000 6.000
12.000 5.000 8.000
17.000 14.000 7.000
14.000 7.000 5.000
6.000 10.000 6.000
4.000 9.000 7.000
14.000 6.000 8.000
12.000 7.000 6.000
10.000 8.000 5.000
16.000 9.000 8.000
17.000 14.000 9.000
17.000 9.000 12.000
20.000 12.000 10.000
26.000 12.000 17.000
28.000 20.000 20.000
27.000 22.000 34.000
24.000 39.000 40.000
39.000 66.000 46.000
