72.000 81.000 51.000
9.000 16.000 30.000
16.000 18.000 16.000
15.000 19.000 19.000
16.000 21.000 24.000
19.000 13.000 8.000
7.000 10.000 14.000
16.000 16.000 13.000
11.000 12.000 13.000
13.000 9.000 9.000
12.000 11.000 12.000
10.000 15.000 6.000
8.000 7.000 7.000
13.000 10.000 10.000
11.000 15.000 9.000
17.000 14.000 7.000
12.000 13.000 15.000
9.000 11.000 6.000
9.000 20.000 8.000
11.000 15.000 4.000
11.000 6.000 9.000
6.000 11.000 3.000
11.000 5.000 10.000
14.000 15.000 8.000
8.000 10.000 14.000
5.000 6.000 10.000
11.000 14.000 10.000
11.000 3.000 9.000
14.000 6.000 10.000
11.000 8.000 12.000
13.000 2.000 11.000
7.000 3.000 9.000
7.000 3.000 10.000
7.000 4.000 6.000
6.000 5.000 14.000
9.000 3.000 15.000
9.000 5.000 12.000
17.000 5.000 11.000
10.000 7.000 16.000
6.000 4.000 11.000
6.000 4.000 10.000
10.000 9.000 7.000
13.000 12.000 11.000
7.000 8.000 8.000
12.000 13.000 9.000
16.000 10.000 10.000
14.000 11.000 6.000
19.000 10.000 8.000
12.000 15.000 10.000
17.000 13.000 16.000
11.000 11.000 10.000
15.000 17.000 10.000
16.000 16.000 12.000
21.000 19.000 20.000
27.000 21.000 23.000
15.000 41.000 21.000
26.000 42.000 21.000
15.000 35.000 29.000
