84.000 89.000 69.000
11.000 32.000 15.000
17.000 21.000 23.000
10.000 24.000 28.000
16.000 16.000 21.000
23.000 19.000 14.000
8.000 12.000 26.000
17.000 13.000 14.000
7.000 14.000 12.000
12.000 8.000 7.000
14.000 16.000 10.000
13.000 10.000 12.000
7.000 11.000 11.000
9.000 9.000 7.000
9.000 8.000 11.000
15.000 8.000 6.000
9.000 7.000 6.000
9.000 12.000 3.000
3.000 12.000 3.000
10.000 6.000 5.000
6.000 5.000 6.000
12.000 13.000 10.000
7.000 8.000 8.000
5.000 4.000 4.000
13.000 4.000 8.000
9.000 10.000 8.000
6.000 6.000 4.000
15.000 5.000 8.000
10.000 2.000 5.000
6.000 10.000 12.000
11.000 5.000 8.000
9.000 0.000 16.000
9.000 3.000 7.000
11.000 5.000 6.000
7.000 3.000 8.000
9.000 2.000 9.000
12.000 6.000 8.000
10.000 2.000 10.000
10.000 6.000 12.000
9.000 4.000 5.000
9.000 1.000 5.000
11.000 5.000 9.000
13.000 6.000 11.000
7.000 9.000 6.000
13.000 7.000 7.000
13.000 7.000 8.000
14.000 7.000 8.000
14.000 4.000 7.000
14.000 9.000 6.000
12.000 12.000 12.000
12.000 14.000 12.000
18.000 15.000 11.000
24.000 14.000 19.000
11.000 23.000 23.000
16.000 31.000 21.000
21.000 37.000 23.000
28.000 50.000 38.000
20.000 55.000 37.000
