64.000 42.000 59.000
8.000 23.000 21.000
13.000 19.000 18.000
15.000 23.000 17.000
15.000 25.000 13.000
22.000 17.000 21.000
14.000 12.000 20.000
16.000 21.000 12.000
20.000 15.000 19.000
22.000 18.000 20.000
20.000 11.000 15.000
12.000 11.000 12.000
17.000 20.000 19.000
8.000 25.000 21.000
13.000 22.000 19.000
16.000 17.000 15.000
14.000 19.000 10.000
12.000 15.000 14.000
18.000 12.000 9.000
9.000 5.000 7.000
5.000 12.000 6.000
9.000 6.000 1.000
4.000 4.000 6.000
8.000 3.000 6.000
6.000 8.000 4.000
3.000 5.000 10.000
6.000 4.000 3.000
5.000 3.000 5.000
7.000 9.000 4.000
4.000 0.000 7.000
9.000 3.000 6.000
7.000 2.000 6.000
5.000 2.000 7.000
4.000 2.000 9.000
1.000 1.000 10.000
6.000 1.000 2.000
6.000 0.000 1.000
6.000 2.000 9.000
7.000 1.000 3.000
8.000 4.000 6.000
2.000 2.000 5.000
8.000 4.000 6.000
8.000 9.000 8.000
8.000 5.000 5.000
10.000 7.000 4.000
9.000 3.000 0.000
12.000 9.000 4.000
9.000 7.000 7.000
9.000 4.000 9.000
13.000 7.000 3.000
11.000 3.000 16.000
20.000 9.000 17.000
22.000 12.000 15.000
29.000 10.000 17.000
16.000 27.000 37.000
37.000 24.000 33.000
32.000 56.000 52.000
37.000 58.000 37.000
