98.000 55.000 54.000
12.000 21.000 16.000
13.000 14.000 9.000
11.000 25.000 16.000
11.000 18.000 14.000
10.000 15.000 10.000
15.000 9.000 11.000
9.000 15.000 8.000
14.000 5.000 15.000
16.000 6.000 14.000
14.000 12.000 10.000
30.000 12.000 5.000
10.000 10.000 9.000
15.000 9.000 7.000
14.000 15.000 8.000
8.000 12.000 6.000
6.000 9.000 2.000
11.000 8.000 6.000
12.000 13.000 4.000
8.000 7.000 3.000
8.000 7.000 3.000
13.000 11.000 2.000
10.000 5.000 2.000
15.000 11.000 4.000
10.000 7.000 3.000
17.000 9.000 10.000
14.000 11.000 5.000
14.000 5.000 13.000
17.000 8.000 7.000
7.000 5.000 13.000
12.000 7.000 8.000
15.000 5.000 10.000
7.000 7.000 9.000
9.000 8.000 10.000
16.000 2.000 6.000
16.000 1.000 13.000
10.000 5.000 11.000
14.000 3.000 12.000
21.000 3.000 12.000
11.000 4.000 13.000
12.000 4.000 12.000
7.000 5.000 11.000
17.000 4.000 10.000
20.000 4.000 1.000
15.000 5.000 4.000
11.000 6.000 3.000
17.000 8.000 8.000
15.000 11.000 8.000
10.000 12.000 11.000
19.000 11.000 9.000
9.000 19.000 7.000
13.000 28.000 16.000
14.000 20.000 12.000
12.000 36.000 21.000
12.000 46.000 24.000
19.000 50.000 25.000
20.000 50.000 43.000
16.000 48.000 38.000
