105.000 65.000 64.000
12.000 30.000 18.000
18.000 30.000 18.000
10.000 23.000 25.000
28.000 20.000 22.000
15.000 22.000 21.000
9.000 16.000 15.000
14.000 17.000 11.000
9.000 11.000 19.000
14.000 14.000 17.000
10.000 9.000 9.000
14.000 12.000 13.000
15.000 18.000 7.000
11.000 21.000 9.000
12.000 16.000 13.000
13.000 15.000 8.000
16.000 10.000 5.000
13.000 10.000 8.000
16.000 12.000 10.000
6.000 9.000 6.000
12.000 9.000 12.000
8.000 5.000 7.000
9.000 5.000 5.000
4.000 7.000 6.000
12.000 4.000 4.000
10.000 7.000 4.000
10.000 5.000 6.000
13.000 8.000 6.000
9.000 6.000 10.000
6.000 5.000 14.000
13.000 8.000 4.000
7.000 3.000 12.000
8.000 1.000 10.000
3.000 6.000 7.000
3.000 3.000 10.000
9.000 3.000 7.000
8.000 3.000 8.000
3.000 3.000 9.000
12.000 1.000 8.000
7.000 6.000 10.000
8.000 6.000 4.000
4.000 4.000 5.000
9.000 3.000 5.000
3.000 5.000 10.000
8.000 6.000 6.000
8.000 9.000 5.000
10.000 9.000 4.000
7.000 6.000 6.000
7.000 11.000 11.000
13.000 11.000 12.000
15.000 9.000 11.000
15.000 15.000 14.000
11.000 11.000 15.000
18.000 19.000 23.000
31.000 14.000 28.000
27.000 31.000 29.000
23.000 45.000 41.000
27.000 56.000 58.000
