93.000 93.000 93.000
55.000 55.000 55.000
30.000 30.000 30.000
19.000 19.000 19.000
27.000 27.000 27.000
24.000 24.000 24.000
22.000 22.000 22.000
22.000 22.000 22.000
18.000 18.000 18.000
9.000 9.000 9.000
8.000 8.000 8.000
15.000 15.000 15.000
17.000 17.000 17.000
20.000 20.000 20.000
17.000 17.000 17.000
12.000 12.000 12.000
16.000 16.000 16.000
8.000 8.000 8.000
5.000 5.000 5.000
1.000 1.000 1.000
2.000 2.000 2.000
2.000 2.000 2.000
5.000 5.000 5.000
3.000 3.000 3.000
1.000 1.000 1.000
8.000 8.000 8.000
10.000 10.000 10.000
12.000 12.000 12.000
12.000 12.000 12.000
8.000 8.000 8.000
4.000 4.000 4.000
2.000 2.000 2.000
4.000 4.000 4.000
1.000 1.000 1.000
0.000 0.000 0.000
0.000 0.000 0.000
0.000 0.000 0.000
0.000 0.000 0.000
0.000 0.000 0.000
0.000 0.000 0.000
0.000 0.000 0.000
0.000 0.000 0.000
0.000 0.000 0.000
0.000 0.000 0.000
0.000 0.000 0.000
0.000 0.000 0.000
0.000 0.000 0.000
0.000 0.000 0.000
0.000 0.000 0.000
0.000 0.000 0.000
0.000 0.000 0.000
0.000 0.000 0.000
3.000 3.000 3.000
5.000 5.000 5.000
11.000 11.000 11.000
28.000 28.000 28.000
63.000 63.000 63.000
71.000 71.000 71.000
