107.000 68.000 65.000
18.000 33.000 28.000
20.000 28.000 28.000
19.000 23.000 21.000
22.000 23.000 27.000
18.000 20.000 17.000
15.000 26.000 20.000
14.000 17.000 23.000
12.000 14.000 19.000
20.000 12.000 9.000
20.000 11.000 17.000
14.000 10.000 10.000
12.000 22.000 17.000
17.000 19.000 20.000
13.000 17.000 16.000
12.000 22.000 12.000
10.000 18.000 14.000
15.000 15.000 11.000
9.000 7.000 9.000
12.000 8.000 7.000
10.000 3.000 6.000
7.000 3.000 5.000
9.000 4.000 2.000
9.000 3.000 4.000
7.000 1.000 9.000
1.000 15.000 6.000
11.000 9.000 5.000
9.000 12.000 15.000
8.000 12.000 9.000
3.000 8.000 9.000
7.000 6.000 7.000
5.000 4.000 7.000
6.000 1.000 5.000
4.000 4.000 3.000
5.000 2.000 7.000
4.000 1.000 5.000
6.000 1.000 4.000
5.000 4.000 7.000
5.000 6.000 7.000
10.000 0.000 3.000
8.000 1.000 6.000
4.000 8.000 4.000
9.000 3.000 5.000
11.000 4.000 6.000
3.000 2.000 3.000
9.000 4.000 4.000
8.000 4.000 1.000
12.000 8.000 4.000
11.000 4.000 4.000
7.000 3.000 5.000
20.000 5.000 6.000
17.000 6.000 12.000
15.000 11.000 9.000
20.000 20.000 26.000
24.000 25.000 19.000
29.000 32.000 30.000
31.000 48.000 37.000
30.000 44.000 55.000
