98.000 40.000 88.000
9.000 17.000 30.000
15.000 32.000 14.000
14.000 25.000 24.000
19.000 25.000 23.000
17.000 25.000 19.000
19.000 23.000 18.000
16.000 21.000 17.000
14.000 23.000 21.000
18.000 20.000 16.000
15.000 16.000 13.000
14.000 10.000 11.000
16.000 14.000 15.000
21.000 12.000 13.000
11.000 20.000 10.000
12.000 16.000 14.000
9.000 16.000 11.000
10.000 16.000 7.000
11.000 13.000 3.000
14.000 6.000 12.000
14.000 10.000 4.000
13.000 8.000 8.000
7.000 7.000 3.000
4.000 7.000 7.000
6.000 7.000 6.000
5.000 5.000 7.000
9.000 3.000 4.000
7.000 5.000 9.000
4.000 10.000 14.000
6.000 6.000 8.000
7.000 8.000 10.000
13.000 3.000 7.000
3.000 3.000 8.000
5.000 2.000 7.000
8.000 2.000 14.000
9.000 5.000 6.000
2.000 2.000 4.000
4.000 4.000 6.000
7.000 2.000 4.000
9.000 3.000 4.000
9.000 2.000 5.000
10.000 5.000 6.000
9.000 7.000 5.000
7.000 4.000 9.000
7.000 11.000 6.000
10.000 4.000 6.000
11.000 2.000 4.000
14.000 6.000 5.000
14.000 6.000 4.000
12.000 9.000 11.000
11.000 10.000 9.000
10.000 7.000 13.000
17.000 15.000 21.000
22.000 14.000 22.000
24.000 33.000 30.000
25.000 29.000 24.000
27.000 31.000 36.000
26.000 40.000 37.000
