80.000 64.000 64.000
6.000 13.000 14.000
16.000 12.000 10.000
10.000 17.000 13.000
15.000 17.000 12.000
13.000 13.000 7.000
1.000 5.000 15.000
9.000 7.000 7.000
9.000 12.000 9.000
12.000 15.000 8.000
11.000 6.000 6.000
12.000 17.000 12.000
12.000 9.000 2.000
5.000 8.000 6.000
11.000 9.000 6.000
10.000 16.000 4.000
11.000 13.000 8.000
7.000 7.000 3.000
10.000 11.000 5.000
4.000 5.000 3.000
11.000 7.000 6.000
18.000 9.000 2.000
6.000 5.000 5.000
8.000 6.000 6.000
9.000 5.000 6.000
11.000 8.000 3.000
3.000 7.000 8.000
7.000 7.000 7.000
6.000 9.000 15.000
18.000 5.000 13.000
16.000 6.000 7.000
9.000 7.000 13.000
12.000 8.000 13.000
12.000 6.000 5.000
12.000 6.000 14.000
7.000 2.000 15.000
18.000 7.000 18.000
4.000 3.000 16.000
12.000 4.000 13.000
13.000 8.000 16.000
13.000 6.000 12.000
14.000 7.000 15.000
20.000 5.000 8.000
13.000 9.000 4.000
15.000 8.000 5.000
16.000 6.000 7.000
16.000 16.000 6.000
22.000 9.000 12.000
13.000 16.000 7.000
23.000 14.000 15.000
23.000 23.000 9.000
19.000 12.000 16.000
26.000 22.000 16.000
21.000 26.000 19.000
21.000 27.000 20.000
28.000 39.000 32.000
16.000 38.000 33.000
20.000 58.000 38.000
