72.000 68.000 65.000
11.000 31.000 13.000
21.000 21.000 10.000
13.000 10.000 20.000
21.000 21.000 26.000
24.000 21.000 16.000
8.000 14.000 21.000
13.000 12.000 21.000
11.000 20.000 16.000
15.000 13.000 13.000
19.000 13.000 15.000
16.000 16.000 23.000
14.000 13.000 8.000
12.000 14.000 21.000
19.000 18.000 12.000
10.000 25.000 16.000
16.000 13.000 11.000
7.000 11.000 15.000
7.000 17.000 6.000
11.000 8.000 6.000
8.000 3.000 9.000
13.000 6.000 8.000
16.000 5.000 3.000
11.000 7.000 7.000
8.000 7.000 9.000
7.000 17.000 8.000
9.000 4.000 14.000
13.000 7.000 4.000
12.000 8.000 11.000
7.000 13.000 6.000
9.000 11.000 10.000
8.000 7.000 10.000
8.000 5.000 4.000
2.000 2.000 9.000
8.000 3.000 8.000
6.000 1.000 13.000
3.000 4.000 8.000
3.000 2.000 10.000
3.000 3.000 5.000
6.000 0.000 4.000
2.000 2.000 13.000
10.000 6.000 5.000
7.000 4.000 4.000
9.000 2.000 5.000
6.000 5.000 3.000
11.000 9.000 6.000
6.000 4.000 7.000
11.000 3.000 3.000
6.000 9.000 5.000
15.000 6.000 8.000
13.000 9.000 12.000
18.000 10.000 19.000
23.000 12.000 9.000
21.000 17.000 21.000
20.000 19.000 24.000
19.000 38.000 24.000
34.000 43.000 35.000
31.000 53.000 32.000
