91.000 45.000 46.000
3.000 25.000 20.000
9.000 9.000 8.000
14.000 17.000 13.000
12.000 15.000 13.000
9.000 20.000 11.000
7.000 19.000 15.000
8.000 10.000 14.000
11.000 15.000 4.000
12.000 10.000 6.000
7.000 12.000 8.000
10.000 18.000 6.000
7.000 12.000 3.000
11.000 16.000 6.000
9.000 15.000 8.000
9.000 12.000 2.000
11.000 11.000 2.000
8.000 10.000 8.000
11.000 16.000 8.000
12.000 13.000 4.000
7.000 12.000 2.000
12.000 9.000 5.000
10.000 13.000 6.000
10.000 11.000 2.000
9.000 5.000 5.000
11.000 11.000 7.000
10.000 5.000 10.000
12.000 8.000 10.000
9.000 7.000 10.000
8.000 7.000 17.000
17.000 6.000 13.000
10.000 5.000 13.000
12.000 5.000 11.000
18.000 2.000 14.000
20.000 9.000 11.000
10.000 3.000 15.000
15.000 5.000 14.000
15.000 3.000 9.000
12.000 5.000 17.000
17.000 9.000 12.000
21.000 4.000 14.000
13.000 8.000 11.000
13.000 10.000 10.000
13.000 12.000 13.000
15.000 7.000 11.000
14.000 12.000 7.000
23.000 18.000 16.000
14.000 15.000 22.000
14.000 14.000 11.000
20.000 18.000 12.000
19.000 18.000 17.000
14.000 19.000 11.000
13.000 24.000 17.000
25.000 27.000 18.000
16.000 28.000 29.000
26.000 35.000 21.000
26.000 47.000 27.000
27.000 34.000 29.000
