84.000 35.000 46.000
8.000 26.000 20.000
11.000 26.000 15.000
3.000 18.000 14.000
11.000 14.000 16.000
19.000 9.000 11.000
11.000 9.000 10.000
9.000 11.000 5.000
7.000 9.000 8.000
8.000 8.000 8.000
8.000 5.000 5.000
7.000 3.000 6.000
10.000 8.000 8.000
9.000 4.000 2.000
7.000 6.000 3.000
7.000 2.000 8.000
6.000 6.000 4.000
7.000 8.000 2.000
3.000 6.000 6.000
6.000 7.000 6.000
8.000 5.000 6.000
7.000 11.000 7.000
6.000 6.000 5.000
7.000 10.000 5.000
16.000 8.000 4.000
11.000 6.000 6.000
11.000 11.000 4.000
13.000 10.000 5.000
11.000 7.000 8.000
9.000 8.000 10.000
10.000 6.000 6.000
12.000 5.000 9.000
13.000 2.000 11.000
9.000 1.000 7.000
6.000 3.000 9.000
9.000 4.000 5.000
11.000 0.000 11.000
18.000 4.000 12.000
12.000 3.000 12.000
19.000 7.000 8.000
23.000 6.000 8.000
18.000 3.000 9.000
8.000 5.000 10.000
22.000 6.000 11.000
22.000 4.000 7.000
10.000 10.000 7.000
26.000 7.000 8.000
15.000 7.000 5.000
15.000 9.000 5.000
18.000 9.000 4.000
27.000 16.000 10.000
18.000 12.000 15.000
29.000 21.000 24.000
19.000 35.000 23.000
27.000 34.000 30.000
18.000 51.000 33.000
32.000 58.000 45.000
20.000 61.000 62.000
