54.000 48.000 33.000
8.000 14.000 7.000
7.000 12.000 8.000
3.000 4.000 13.000
8.000 9.000 13.000
2.000 4.000 4.000
7.000 7.000 11.000
5.000 4.000 7.000
5.000 3.000 11.000
8.000 6.000 5.000
7.000 9.000 4.000
7.000 5.000 7.000
11.000 4.000 6.000
7.000 4.000 6.000
7.000 7.000 6.000
2.000 5.000 3.000
6.000 8.000 7.000
8.000 9.000 3.000
11.000 3.000 5.000
9.000 11.000 11.000
6.000 8.000 8.000
9.000 4.000 3.000
5.000 5.000 4.000
18.000 6.000 6.000
8.000 6.000 6.000
10.000 8.000 9.000
10.000 9.000 11.000
4.000 5.000 11.000
11.000 9.000 12.000
7.000 7.000 8.000
13.000 10.000 6.000
16.000 4.000 9.000
14.000 5.000 13.000
6.000 3.000 18.000
10.000 2.000 13.000
14.000 2.000 14.000
17.000 4.000 10.000
15.000 3.000 9.000
13.000 4.000 10.000
19.000 5.000 8.000
13.000 4.000 11.000
19.000 5.000 7.000
24.000 5.000 9.000
32.000 5.000 13.000
14.000 12.000 10.000
20.000 8.000 14.000
22.000 10.000 11.000
22.000 9.000 10.000
22.000 15.000 13.000
22.000 15.000 9.000
22.000 24.000 15.000
15.000 13.000 24.000
25.000 30.000 23.000
22.000 27.000 23.000
26.000 42.000 35.000
20.000 48.000 35.000
27.000 59.000 50.000
24.000 55.000 47.000
