136.000 77.000 90.000
11.000 34.000 29.000
9.000 29.000 11.000
20.000 27.000 20.000
23.000 25.000 26.000
15.000 26.000 19.000
13.000 30.000 30.000
8.000 20.000 20.000
17.000 17.000 17.000
20.000 13.000 10.000
13.000 13.000 19.000
22.000 17.000 14.000
16.000 12.000 13.000
16.000 15.000 16.000
11.000 14.000 11.000
12.000 12.000 10.000
11.000 7.000 7.000
6.000 11.000 7.000
3.000 10.000 5.000
12.000 4.000 9.000
4.000 3.000 4.000
10.000 4.000 7.000
7.000 2.000 3.000
6.000 7.000 7.000
6.000 8.000 3.000
10.000 7.000 3.000
4.000 9.000 2.000
5.000 7.000 11.000
5.000 8.000 9.000
10.000 8.000 11.000
3.000 8.000 12.000
9.000 5.000 14.000
1.000 2.000 6.000
7.000 3.000 8.000
5.000 2.000 8.000
5.000 1.000 8.000
8.000 1.000 8.000
7.000 1.000 7.000
10.000 3.000 4.000
5.000 4.000 8.000
3.000 5.000 4.000
11.000 4.000 4.000
9.000 6.000 3.000
11.000 5.000 6.000
8.000 4.000 2.000
3.000 10.000 3.000
7.000 5.000 2.000
13.000 5.000 2.000
6.000 3.000 6.000
10.000 8.000 5.000
12.000 5.000 7.000
19.000 4.000 6.000
17.000 12.000 9.000
24.000 14.000 15.000
27.000 29.000 20.000
23.000 31.000 36.000
25.000 30.000 48.000
29.000 60.000 49.000
