88.000 57.000 72.000
9.000 19.000 14.000
12.000 15.000 18.000
9.000 26.000 18.000
22.000 31.000 25.000
12.000 17.000 16.000
7.000 13.000 20.000
18.000 17.000 17.000
19.000 15.000 22.000
15.000 19.000 16.000
9.000 19.000 17.000
12.000 8.000 15.000
22.000 13.000 11.000
12.000 18.000 5.000
12.000 19.000 7.000
15.000 16.000 10.000
10.000 14.000 7.000
15.000 14.000 13.000
7.000 9.000 9.000
10.000 5.000 14.000
11.000 6.000 4.000
13.000 6.000 11.000
9.000 9.000 10.000
11.000 5.000 5.000
9.000 10.000 5.000
11.000 8.000 12.000
13.000 6.000 4.000
8.000 6.000 5.000
6.000 14.000 11.000
8.000 11.000 10.000
6.000 3.000 8.000
5.000 7.000 8.000
9.000 4.000 9.000
5.000 6.000 5.000
6.000 3.000 11.000
5.000 3.000 8.000
6.000 3.000 6.000
9.000 3.000 8.000
4.000 4.000 12.000
8.000 4.000 7.000
7.000 4.000 8.000
11.000 5.000 7.000
18.000 8.000 7.000
20.000 8.000 11.000
16.000 8.000 10.000
15.000 8.000 9.000
17.000 6.000 5.000
21.000 10.000 8.000
15.000 10.000 5.000
10.000 9.000 9.000
11.000 9.000 8.000
24.000 19.000 11.000
14.000 21.000 16.000
24.000 27.000 21.000
25.000 27.000 30.000
26.000 30.000 28.000
18.000 36.000 33.000
19.000 42.000 48.000
