86.000 74.000 110.000
7.000 25.000 18.000
18.000 16.000 19.000
4.000 25.000 17.000
14.000 17.000 9.000
15.000 13.000 14.000
9.000 13.000 15.000
11.000 23.000 16.000
13.000 19.000 13.000
10.000 11.000 11.000
11.000 22.000 7.000
12.000 20.000 16.000
15.000 19.000 15.000
14.000 23.000 17.000
13.000 13.000 12.000
11.000 15.000 10.000
19.000 10.000 6.000
14.000 7.000 5.000
15.000 14.000 13.000
16.000 14.000 7.000
12.000 10.000 6.000
8.000 5.000 11.000
11.000 10.000 7.000
9.000 12.000 9.000
16.000 11.000 6.000
12.000 7.000 10.000
12.000 6.000 18.000
11.000 8.000 10.000
10.000 6.000 15.000
10.000 6.000 11.000
12.000 4.000 14.000
17.000 4.000 14.000
10.000 4.000 10.000
9.000 5.000 17.000
14.000 6.000 18.000
17.000 3.000 17.000
13.000 3.000 11.000
11.000 5.000 8.000
13.000 10.000 16.000
16.000 14.000 14.000
13.000 10.000 11.000
14.000 9.000 11.000
10.000 10.000 13.000
7.000 6.000 9.000
6.000 15.000 12.000
12.000 18.000 11.000
6.000 19.000 10.000
13.000 14.000 8.000
16.000 12.000 10.000
16.000 14.000 9.000
15.000 14.000 15.000
15.000 10.000 10.000
8.000 13.000 18.000
16.000 19.000 16.000
13.000 20.000 11.000
20.000 27.000 27.000
13.000 19.000 17.000
13.000 36.000 16.000
