87.000 60.000 77.000
10.000 19.000 10.000
14.000 16.000 17.000
8.000 19.000 20.000
12.000 21.000 10.000
17.000 16.000 15.000
13.000 18.000 12.000
17.000 15.000 16.000
11.000 24.000 21.000
19.000 19.000 14.000
11.000 19.000 12.000
20.000 21.000 18.000
14.000 13.000 14.000
9.000 14.000 7.000
13.000 18.000 13.000
17.000 19.000 15.000
10.000 23.000 10.000
10.000 17.000 14.000
15.000 12.000 7.000
19.000 16.000 11.000
16.000 12.000 6.000
11.000 12.000 8.000
14.000 17.000 10.000
19.000 10.000 12.000
13.000 15.000 14.000
11.000 9.000 4.000
13.000 10.000 18.000
14.000 8.000 17.000
13.000 8.000 17.000
6.000 8.000 20.000
12.000 7.000 12.000
15.000 2.000 16.000
14.000 3.000 19.000
19.000 4.000 12.000
18.000 3.000 22.000
11.000 9.000 15.000
8.000 3.000 21.000
13.000 10.000 15.000
11.000 6.000 12.000
13.000 5.000 11.000
13.000 13.000 8.000
6.000 10.000 12.000
10.000 14.000 12.000
7.000 13.000 10.000
12.000 8.000 12.000
11.000 17.000 7.000
15.000 20.000 4.000
9.000 11.000 13.000
14.000 16.000 16.000
11.000 14.000 14.000
16.000 16.000 7.000
12.000 15.000 11.000
10.000 8.000 11.000
10.000 15.000 17.000
10.000 16.000 15.000
16.000 20.000 23.000
15.000 25.000 18.000
10.000 31.000 17.000
