80.000 67.000 72.000
9.000 31.000 29.000
22.000 30.000 17.000
15.000 16.000 13.000
18.000 19.000 19.000
27.000 12.000 13.000
12.000 26.000 9.000
12.000 4.000 17.000
14.000 8.000 11.000
8.000 15.000 11.000
11.000 10.000 9.000
8.000 11.000 7.000
11.000 13.000 12.000
10.000 10.000 9.000
9.000 7.000 12.000
15.000 8.000 4.000
8.000 12.000 5.000
9.000 14.000 8.000
9.000 13.000 7.000
9.000 6.000 4.000
9.000 7.000 7.000
11.000 10.000 10.000
12.000 4.000 4.000
9.000 7.000 9.000
10.000 14.000 8.000
7.000 13.000 16.000
8.000 3.000 9.000
16.000 9.000 7.000
16.000 8.000 8.000
11.000 10.000 9.000
2.000 10.000 17.000
9.000 4.000 8.000
11.000 4.000 13.000
7.000 4.000 12.000
8.000 5.000 10.000
9.000 9.000 11.000
8.000 3.000 11.000
7.000 6.000 8.000
6.000 4.000 10.000
8.000 13.000 7.000
8.000 8.000 14.000
9.000 7.000 13.000
11.000 3.000 7.000
11.000 10.000 6.000
12.000 6.000 6.000
14.000 16.000 12.000
5.000 5.000 10.000
11.000 8.000 5.000
13.000 10.000 6.000
17.000 7.000 7.000
13.000 8.000 10.000
20.000 14.000 16.000
16.000 18.000 14.000
26.000 14.000 19.000
24.000 31.000 27.000
27.000 33.000 40.000
22.000 48.000 38.000
23.000 46.000 34.000
