83.000 82.000 50.000
7.000 30.000 31.000
16.000 19.000 7.000
10.000 21.000 21.000
21.000 16.000 15.000
15.000 13.000 16.000
14.000 11.000 15.000
9.000 10.000 22.000
15.000 8.000 17.000
12.000 9.000 16.000
6.000 12.000 8.000
16.000 9.000 13.000
10.000 14.000 8.000
12.000 15.000 7.000
7.000 13.000 16.000
9.000 17.000 2.000
13.000 14.000 5.000
13.000 8.000 13.000
16.000 9.000 9.000
11.000 9.000 9.000
10.000 6.000 10.000
8.000 12.000 4.000
10.000 12.000 9.000
8.000 9.000 9.000
8.000 12.000 4.000
8.000 9.000 11.000
7.000 5.000 8.000
3.000 10.000 13.000
10.000 8.000 10.000
9.000 10.000 8.000
14.000 3.000 13.000
10.000 6.000 16.000
8.000 2.000 9.000
12.000 2.000 10.000
15.000 3.000 8.000
10.000 3.000 15.000
9.000 5.000 6.000
11.000 6.000 8.000
7.000 8.000 9.000
11.000 4.000 5.000
5.000 8.000 11.000
14.000 4.000 14.000
10.000 12.000 10.000
7.000 11.000 10.000
15.000 6.000 8.000
12.000 8.000 9.000
15.000 10.000 7.000
13.000 7.000 9.000
16.000 9.000 7.000
12.000 6.000 14.000
11.000 15.000 10.000
17.000 12.000 10.000
22.000 21.000 18.000
22.000 31.000 15.000
21.000 25.000 24.000
21.000 26.000 32.000
24.000 46.000 28.000
23.000 40.000 34.000
