81.000 63.000 81.000
8.000 29.000 28.000
13.000 24.000 14.000
11.000 19.000 19.000
14.000 20.000 16.000
13.000 21.000 13.000
15.000 12.000 13.000
14.000 14.000 16.000
16.000 19.000 13.000
10.000 5.000 9.000
10.000 12.000 11.000
7.000 6.000 11.000
12.000 13.000 9.000
4.000 9.000 5.000
4.000 6.000 8.000
8.000 5.000 6.000
9.000 6.000 6.000
6.000 8.000 10.000
3.000 7.000 3.000
5.000 6.000 5.000
10.000 5.000 2.000
5.000 4.000 2.000
3.000 3.000 5.000
6.000 1.000 5.000
13.000 7.000 6.000
2.000 4.000 10.000
7.000 13.000 7.000
8.000 5.000 8.000
12.000 5.000 9.000
7.000 7.000 7.000
5.000 4.000 7.000
4.000 6.000 6.000
8.000 5.000 7.000
11.000 3.000 9.000
6.000 2.000 5.000
3.000 4.000 9.000
8.000 6.000 4.000
10.000 5.000 10.000
7.000 4.000 9.000
11.000 4.000 9.000
8.000 3.000 4.000
9.000 7.000 6.000
9.000 3.000 5.000
10.000 9.000 11.000
13.000 8.000 3.000
10.000 6.000 3.000
9.000 9.000 8.000
11.000 8.000 7.000
9.000 7.000 8.000
11.000 2.000 8.000
18.000 7.000 12.000
17.000 6.000 15.000
23.000 17.000 21.000
17.000 19.000 25.000
24.000 18.000 36.000
29.000 33.000 37.000
25.000 58.000 41.000
26.000 56.000 52.000
