73.000 59.000 78.000
4.000 17.000 16.000
13.000 9.000 15.000
5.000 11.000 16.000
9.000 18.000 11.000
15.000 21.000 17.000
3.000 10.000 14.000
16.000 11.000 12.000
14.000 12.000 19.000
11.000 16.000 10.000
13.000 14.000 13.000
8.000 12.000 11.000
14.000 11.000 5.000
8.000 11.000 9.000
12.000 6.000 11.000
7.000 10.000 7.000
6.000 12.000 8.000
16.000 14.000 10.000
11.000 17.000 5.000
6.000 17.000 1.000
15.000 7.000 7.000
11.000 13.000 5.000
6.000 10.000 6.000
18.000 13.000 12.000
11.000 14.000 10.000
18.000 6.000 7.000
7.000 4.000 8.000
12.000 9.000 11.000
15.000 11.000 20.000
13.000 11.000 12.000
12.000 9.000 12.000
14.000 9.000 14.000
14.000 11.000 16.000
14.000 6.000 15.000
18.000 9.000 18.000
11.000 2.000 24.000
13.000 6.000 17.000
13.000 10.000 9.000
14.000 9.000 24.000
13.000 8.000 15.000
14.000 6.000 16.000
19.000 6.000 15.000
15.000 10.000 8.000
15.000 21.000 10.000
13.000 12.000 9.000
23.000 13.000 6.000
15.000 13.000 7.000
18.000 17.000 8.000
17.000 15.000 12.000
16.000 14.000 9.000
20.000 10.000 11.000
20.000 19.000 19.000
18.000 26.000 20.000
11.000 29.000 20.000
24.000 21.000 16.000
16.000 29.000 15.000
15.000 23.000 22.000
13.000 40.000 18.000
