83.000 71.000 54.000
8.000 27.000 17.000
18.000 18.000 12.000
12.000 20.000 16.000
12.000 16.000 20.000
14.000 13.000 13.000
12.000 15.000 13.000
10.000 14.000 14.000
13.000 12.000 25.000
7.000 9.000 9.000
20.000 11.000 14.000
10.000 9.000 17.000
7.000 8.000 11.000
17.000 5.000 11.000
9.000 19.000 12.000
6.000 11.000 4.000
3.000 16.000 11.000
11.000 8.000 3.000
9.000 9.000 5.000
16.000 4.000 5.000
7.000 9.000 7.000
9.000 5.000 3.000
10.000 15.000 8.000
10.000 9.000 10.000
9.000 10.000 6.000
12.000 16.000 8.000
13.000 7.000 9.000
8.000 6.000 4.000
10.000 9.000 9.000
9.000 6.000 10.000
6.000 5.000 10.000
1.000 7.000 16.000
4.000 5.000 5.000
10.000 5.000 15.000
8.000 2.000 13.000
6.000 3.000 11.000
9.000 2.000 8.000
4.000 4.000 11.000
6.000 5.000 10.000
10.000 3.000 11.000
9.000 6.000 6.000
8.000 5.000 9.000
7.000 5.000 8.000
10.000 4.000 5.000
6.000 10.000 17.000
12.000 16.000 4.000
17.000 10.000 2.000
11.000 7.000 4.000
9.000 3.000 10.000
16.000 7.000 9.000
10.000 14.000 7.000
25.000 16.000 19.000
27.000 16.000 17.000
24.000 36.000 21.000
31.000 27.000 26.000
29.000 36.000 31.000
18.000 40.000 30.000
32.000 58.000 35.000
