101.000 69.000 86.000
11.000 21.000 34.000
18.000 31.000 9.000
7.000 25.000 16.000
15.000 22.000 22.000
12.000 18.000 20.000
13.000 19.000 14.000
9.000 11.000 9.000
11.000 8.000 12.000
17.000 10.000 13.000
11.000 13.000 10.000
9.000 11.000 11.000
12.000 11.000 10.000
10.000 17.000 7.000
14.000 12.000 9.000
14.000 8.000 6.000
9.000 11.000 11.000
8.000 10.000 11.000
12.000 12.000 13.000
12.000 9.000 7.000
8.000 5.000 7.000
13.000 6.000 4.000
10.000 10.000 9.000
9.000 11.000 9.000
11.000 9.000 6.000
11.000 13.000 7.000
9.000 8.000 11.000
9.000 11.000 9.000
11.000 12.000 13.000
17.000 10.000 10.000
17.000 7.000 5.000
8.000 10.000 14.000
6.000 4.000 12.000
6.000 6.000 11.000
8.000 2.000 14.000
5.000 2.000 10.000
8.000 7.000 12.000
9.000 3.000 8.000
13.000 3.000 10.000
9.000 3.000 10.000
13.000 6.000 6.000
6.000 5.000 7.000
6.000 5.000 10.000
8.000 5.000 5.000
9.000 9.000 5.000
8.000 5.000 3.000
8.000 12.000 11.000
10.000 8.000 5.000
9.000 13.000 6.000
11.000 8.000 7.000
15.000 9.000 8.000
16.000 8.000 13.000
12.000 10.000 8.000
17.000 19.000 13.000
19.000 24.000 17.000
25.000 35.000 28.000
32.000 50.000 25.000
26.000 43.000 34.000
