103.000 65.000 80.000
9.000 19.000 11.000
11.000 19.000 8.000
13.000 23.000 17.000
8.000 14.000 22.000
16.000 16.000 9.000
7.000 23.000 14.000
14.000 21.000 17.000
11.000 16.000 15.000
10.000 16.000 5.000
8.000 11.000 12.000
10.000 14.000 9.000
15.000 18.000 6.000
5.000 15.000 7.000
7.000 12.000 7.000
14.000 15.000 10.000
8.000 19.000 4.000
11.000 11.000 11.000
12.000 12.000 10.000
9.000 7.000 7.000
9.000 9.000 13.000
15.000 7.000 6.000
10.000 13.000 9.000
10.000 5.000 8.000
8.000 3.000 6.000
17.000 8.000 9.000
12.000 4.000 4.000
13.000 6.000 10.000
11.000 10.000 15.000
6.000 7.000 11.000
10.000 7.000 12.000
10.000 5.000 13.000
12.000 2.000 16.000
11.000 2.000 19.000
11.000 4.000 14.000
13.000 2.000 16.000
17.000 6.000 16.000
17.000 5.000 16.000
10.000 12.000 10.000
14.000 10.000 9.000
8.000 10.000 16.000
10.000 14.000 9.000
11.000 13.000 12.000
19.000 19.000 10.000
11.000 13.000 13.000
11.000 9.000 9.000
15.000 6.000 16.000
24.000 10.000 10.000
17.000 8.000 8.000
13.000 8.000 14.000
23.000 9.000 20.000
21.000 15.000 26.000
13.000 27.000 20.000
13.000 22.000 23.000
20.000 21.000 17.000
11.000 26.000 18.000
17.000 33.000 26.000
15.000 33.000 23.000
