85.000 78.000 67.000
5.000 28.000 17.000
14.000 19.000 15.000
14.000 17.000 15.000
18.000 22.000 16.000
14.000 12.000 11.000
17.000 13.000 14.000
13.000 8.000 13.000
8.000 14.000 11.000
9.000 6.000 11.000
10.000 13.000 10.000
8.000 16.000 9.000
7.000 10.000 10.000
10.000 11.000 7.000
7.000 12.000 5.000
10.000 6.000 8.000
6.000 13.000 6.000
8.000 9.000 7.000
5.000 10.000 2.000
6.000 7.000 3.000
7.000 8.000 8.000
11.000 9.000 6.000
12.000 11.000 9.000
6.000 6.000 7.000
10.000 7.000 9.000
12.000 7.000 11.000
8.000 10.000 13.000
9.000 8.000 17.000
14.000 3.000 10.000
5.000 6.000 16.000
10.000 8.000 10.000
9.000 5.000 6.000
11.000 4.000 9.000
8.000 2.000 15.000
7.000 4.000 17.000
11.000 5.000 20.000
6.000 4.000 8.000
6.000 3.000 15.000
8.000 5.000 11.000
13.000 6.000 9.000
6.000 3.000 8.000
12.000 6.000 10.000
9.000 2.000 7.000
13.000 7.000 10.000
10.000 15.000 4.000
16.000 9.000 6.000
11.000 9.000 7.000
17.000 19.000 6.000
11.000 7.000 17.000
14.000 14.000 9.000
22.000 13.000 13.000
16.000 13.000 9.000
30.000 20.000 19.000
20.000 22.000 17.000
26.000 32.000 24.000
17.000 29.000 22.000
15.000 47.000 34.000
27.000 46.000 28.000
