90.000 66.000 92.000
10.000 27.000 20.000
19.000 22.000 8.000
8.000 27.000 23.000
23.000 11.000 18.000
14.000 20.000 12.000
11.000 17.000 11.000
13.000 14.000 18.000
13.000 15.000 15.000
17.000 15.000 13.000
12.000 11.000 10.000
9.000 14.000 17.000
15.000 16.000 13.000
11.000 12.000 22.000
9.000 15.000 15.000
8.000 18.000 9.000
12.000 11.000 7.000
4.000 12.000 6.000
7.000 7.000 8.000
15.000 11.000 6.000
13.000 6.000 4.000
15.000 7.000 7.000
12.000 11.000 5.000
18.000 12.000 8.000
9.000 14.000 11.000
12.000 10.000 6.000
7.000 9.000 6.000
11.000 6.000 14.000
17.000 9.000 11.000
5.000 7.000 14.000
11.000 3.000 14.000
10.000 2.000 9.000
11.000 13.000 13.000
10.000 3.000 9.000
12.000 5.000 19.000
10.000 1.000 10.000
7.000 1.000 10.000
13.000 2.000 11.000
10.000 4.000 9.000
12.000 4.000 5.000
9.000 9.000 9.000
8.000 5.000 7.000
12.000 11.000 7.000
9.000 8.000 9.000
15.000 8.000 9.000
12.000 12.000 13.000
9.000 14.000 8.000
15.000 14.000 7.000
12.000 9.000 16.000
18.000 10.000 12.000
12.000 11.000 10.000
28.000 21.000 17.000
12.000 23.000 19.000
25.000 24.000 18.000
20.000 26.000 22.000
17.000 33.000 19.000
16.000 35.000 31.000
18.000 41.000 25.000
