74.000 69.000 66.000
17.000 21.000 21.000
18.000 26.000 21.000
7.000 28.000 23.000
19.000 21.000 20.000
29.000 17.000 12.000
10.000 18.000 25.000
9.000 10.000 14.000
15.000 14.000 15.000
14.000 10.000 15.000
14.000 11.000 12.000
14.000 16.000 13.000
10.000 13.000 6.000
6.000 13.000 7.000
6.000 16.000 15.000
11.000 13.000 11.000
12.000 10.000 12.000
8.000 13.000 3.000
10.000 13.000 6.000
13.000 6.000 5.000
13.000 9.000 6.000
16.000 12.000 10.000
9.000 1.000 5.000
13.000 5.000 6.000
9.000 12.000 4.000
14.000 16.000 6.000
5.000 6.000 10.000
14.000 11.000 12.000
10.000 5.000 11.000
7.000 4.000 9.000
10.000 9.000 8.000
10.000 9.000 10.000
6.000 4.000 11.000
13.000 8.000 18.000
9.000 4.000 10.000
5.000 4.000 14.000
8.000 4.000 4.000
11.000 1.000 12.000
16.000 5.000 14.000
12.000 4.000 10.000
8.000 9.000 7.000
13.000 7.000 8.000
13.000 10.000 12.000
13.000 11.000 4.000
5.000 8.000 7.000
8.000 7.000 8.000
17.000 7.000 4.000
18.000 5.000 9.000
14.000 10.000 5.000
13.000 9.000 9.000
10.000 7.000 7.000
21.000 10.000 13.000
16.000 18.000 14.000
25.000 25.000 26.000
16.000 29.000 21.000
21.000 33.000 25.000
16.000 37.000 30.000
25.000 46.000 27.000
