154.000 96.000 109.000
9.000 53.000 37.000
33.000 41.000 22.000
14.000 33.000 29.000
21.000 27.000 31.000
22.000 22.000 18.000
24.000 22.000 24.000
23.000 19.000 19.000
17.000 16.000 23.000
14.000 19.000 16.000
21.000 16.000 16.000
18.000 15.000 20.000
11.000 15.000 10.000
15.000 13.000 10.000
11.000 13.000 16.000
13.000 13.000 12.000
6.000 15.000 9.000
12.000 10.000 16.000
11.000 12.000 9.000
11.000 4.000 7.000
10.000 15.000 8.000
9.000 6.000 6.000
8.000 5.000 5.000
11.000 7.000 8.000
8.000 4.000 8.000
11.000 6.000 16.000
6.000 7.000 7.000
7.000 9.000 10.000
8.000 6.000 9.000
7.000 5.000 7.000
6.000 9.000 6.000
9.000 5.000 5.000
11.000 5.000 5.000
5.000 1.000 4.000
9.000 2.000 11.000
6.000 2.000 9.000
3.000 4.000 6.000
2.000 4.000 5.000
5.000 4.000 5.000
6.000 2.000 5.000
6.000 6.000 3.000
12.000 5.000 4.000
5.000 6.000 8.000
6.000 4.000 2.000
7.000 4.000 5.000
9.000 5.000 4.000
5.000 2.000 1.000
9.000 11.000 4.000
10.000 5.000 6.000
10.000 6.000 3.000
14.000 6.000 4.000
13.000 6.000 11.000
11.000 14.000 9.000
18.000 10.000 15.000
12.000 22.000 19.000
23.000 25.000 21.000
18.000 33.000 27.000
24.000 31.000 25.000
