94.000 64.000 80.000
13.000 42.000 27.000
15.000 27.000 25.000
12.000 30.000 24.000
26.000 20.000 20.000
17.000 22.000 17.000
13.000 17.000 20.000
15.000 11.000 15.000
10.000 14.000 10.000
21.000 8.000 11.000
19.000 3.000 10.000
21.000 12.000 13.000
9.000 15.000 18.000
12.000 20.000 24.000
17.000 23.000 17.000
12.000 17.000 17.000
8.000 20.000 9.000
10.000 11.000 12.000
12.000 10.000 8.000
10.000 5.000 6.000
16.000 4.000 6.000
5.000 4.000 7.000
9.000 7.000 6.000
7.000 7.000 7.000
12.000 10.000 10.000
6.000 5.000 7.000
15.000 8.000 13.000
6.000 13.000 4.000
10.000 14.000 4.000
5.000 11.000 11.000
6.000 9.000 5.000
13.000 6.000 9.000
5.000 3.000 1.000
3.000 0.000 7.000
1.000 1.000 2.000
3.000 0.000 1.000
5.000 1.000 6.000
1.000 0.000 2.000
5.000 0.000 4.000
2.000 2.000 8.000
4.000 2.000 1.000
8.000 1.000 2.000
8.000 2.000 2.000
5.000 3.000 1.000
3.000 2.000 5.000
8.000 3.000 3.000
8.000 3.000 4.000
9.000 6.000 3.000
8.000 1.000 1.000
6.000 3.000 3.000
16.000 3.000 8.000
18.000 10.000 6.000
17.000 10.000 12.000
33.000 12.000 12.000
22.000 16.000 24.000
23.000 36.000 34.000
36.000 52.000 42.000
27.000 56.000 64.000
