67.000 65.000 84.000
4.000 29.000 22.000
17.000 20.000 14.000
8.000 24.000 25.000
14.000 26.000 13.000
20.000 19.000 13.000
13.000 19.000 21.000
12.000 13.000 24.000
14.000 15.000 11.000
6.000 14.000 14.000
16.000 11.000 16.000
14.000 15.000 12.000
13.000 18.000 11.000
9.000 11.000 4.000
13.000 8.000 14.000
11.000 10.000 14.000
10.000 17.000 6.000
11.000 11.000 11.000
12.000 16.000 9.000
15.000 8.000 7.000
21.000 13.000 12.000
9.000 10.000 11.000
17.000 13.000 8.000
16.000 12.000 11.000
12.000 16.000 10.000
10.000 12.000 11.000
7.000 14.000 14.000
10.000 10.000 15.000
11.000 9.000 21.000
17.000 6.000 11.000
11.000 12.000 18.000
17.000 4.000 13.000
9.000 9.000 15.000
15.000 8.000 16.000
12.000 2.000 13.000
15.000 9.000 17.000
10.000 6.000 10.000
11.000 7.000 8.000
11.000 9.000 11.000
12.000 4.000 13.000
19.000 13.000 14.000
15.000 12.000 11.000
18.000 10.000 9.000
15.000 7.000 10.000
7.000 11.000 5.000
16.000 12.000 15.000
19.000 12.000 10.000
12.000 12.000 10.000
16.000 10.000 8.000
14.000 11.000 12.000
12.000 17.000 7.000
13.000 12.000 8.000
15.000 9.000 10.000
19.000 23.000 22.000
17.000 22.000 17.000
18.000 32.000 18.000
14.000 22.000 26.000
14.000 44.000 21.000
