42.000 60.000 40.000
9.000 12.000 10.000
15.000 8.000 13.000
4.000 9.000 12.000
14.000 9.000 10.000
13.000 10.000 4.000
10.000 12.000 12.000
7.000 18.000 16.000
7.000 23.000 32.000
15.000 9.000 10.000
12.000 12.000 18.000
17.000 12.000 10.000
13.000 19.000 8.000
14.000 16.000 9.000
11.000 20.000 9.000
13.000 16.000 19.000
7.000 22.000 13.000
9.000 14.000 12.000
6.000 11.000 5.000
16.000 18.000 8.000
12.000 9.000 7.000
17.000 12.000 10.000
8.000 10.000 13.000
19.000 12.000 10.000
16.000 16.000 10.000
13.000 13.000 7.000
15.000 12.000 20.000
19.000 10.000 11.000
10.000 10.000 17.000
17.000 9.000 16.000
13.000 8.000 12.000
13.000 8.000 19.000
13.000 5.000 16.000
18.000 10.000 12.000
21.000 4.000 21.000
11.000 4.000 16.000
12.000 5.000 10.000
18.000 6.000 20.000
13.000 2.000 11.000
14.000 8.000 13.000
9.000 8.000 14.000
12.000 11.000 15.000
20.000 10.000 12.000
18.000 10.000 11.000
16.000 14.000 14.000
20.000 18.000 15.000
16.000 17.000 8.000
13.000 8.000 11.000
15.000 9.000 13.000
13.000 20.000 14.000
12.000 15.000 13.000
14.000 19.000 17.000
17.000 29.000 10.000
22.000 21.000 17.000
15.000 21.000 21.000
17.000 28.000 20.000
16.000 25.000 12.000
17.000 39.000 21.000
