99.000 95.000 81.000
11.000 37.000 30.000
13.000 32.000 12.000
6.000 17.000 21.000
16.000 19.000 33.000
22.000 16.000 12.000
20.000 22.000 23.000
16.000 15.000 17.000
12.000 18.000 13.000
17.000 17.000 18.000
11.000 10.000 17.000
12.000 13.000 13.000
12.000 19.000 8.000
16.000 11.000 8.000
16.000 15.000 11.000
9.000 11.000 12.000
12.000 11.000 10.000
10.000 9.000 4.000
11.000 8.000 6.000
14.000 9.000 13.000
11.000 7.000 6.000
15.000 11.000 4.000
9.000 11.000 11.000
11.000 7.000 4.000
8.000 4.000 12.000
17.000 13.000 10.000
12.000 10.000 11.000
12.000 6.000 14.000
5.000 17.000 13.000
7.000 9.000 12.000
14.000 12.000 16.000
11.000 7.000 17.000
14.000 2.000 14.000
14.000 6.000 17.000
6.000 3.000 9.000
9.000 4.000 17.000
9.000 3.000 11.000
9.000 4.000 6.000
6.000 9.000 3.000
3.000 12.000 9.000
11.000 6.000 9.000
14.000 5.000 9.000
9.000 6.000 7.000
9.000 7.000 9.000
6.000 6.000 8.000
12.000 11.000 6.000
17.000 5.000 10.000
9.000 5.000 0.000
16.000 8.000 4.000
7.000 7.000 6.000
12.000 6.000 5.000
16.000 14.000 6.000
16.000 12.000 13.000
19.000 17.000 20.000
16.000 29.000 20.000
23.000 24.000 14.000
20.000 38.000 35.000
23.000 50.000 33.000
