87.000 68.000 89.000
14.000 32.000 21.000
22.000 25.000 16.000
13.000 29.000 23.000
19.000 17.000 20.000
15.000 17.000 20.000
19.000 16.000 20.000
9.000 20.000 16.000
13.000 14.000 13.000
19.000 21.000 12.000
12.000 14.000 13.000
15.000 17.000 14.000
10.000 16.000 13.000
8.000 13.000 14.000
11.000 16.000 15.000
6.000 11.000 10.000
6.000 23.000 12.000
9.000 9.000 12.000
10.000 7.000 8.000
13.000 9.000 8.000
13.000 7.000 9.000
12.000 8.000 3.000
14.000 5.000 4.000
6.000 11.000 4.000
9.000 5.000 4.000
8.000 7.000 7.000
15.000 5.000 6.000
12.000 6.000 8.000
11.000 8.000 11.000
11.000 11.000 9.000
12.000 4.000 8.000
8.000 6.000 12.000
12.000 4.000 11.000
5.000 4.000 9.000
8.000 5.000 5.000
15.000 6.000 9.000
14.000 1.000 10.000
5.000 3.000 7.000
5.000 2.000 6.000
7.000 3.000 4.000
10.000 5.000 7.000
12.000 3.000 7.000
10.000 7.000 3.000
9.000 6.000 3.000
10.000 3.000 2.000
8.000 6.000 0.000
10.000 5.000 7.000
13.000 5.000 4.000
12.000 9.000 2.000
18.000 5.000 7.000
15.000 11.000 13.000
17.000 12.000 10.000
26.000 21.000 17.000
27.000 26.000 22.000
23.000 36.000 35.000
21.000 26.000 32.000
19.000 43.000 25.000
20.000 50.000 43.000
