91.000 78.000 112.000
17.000 27.000 22.000
24.000 27.000 19.000
7.000 21.000 35.000
19.000 30.000 24.000
19.000 22.000 16.000
19.000 26.000 21.000
21.000 28.000 10.000
13.000 25.000 18.000
11.000 24.000 18.000
20.000 13.000 21.000
25.000 18.000 9.000
19.000 11.000 11.000
14.000 14.000 7.000
13.000 12.000 12.000
13.000 13.000 19.000
15.000 16.000 6.000
10.000 12.000 6.000
8.000 12.000 6.000
12.000 8.000 7.000
12.000 6.000 13.000
14.000 14.000 8.000
10.000 12.000 9.000
15.000 8.000 8.000
13.000 4.000 10.000
14.000 6.000 12.000
7.000 8.000 12.000
10.000 8.000 4.000
13.000 6.000 9.000
13.000 5.000 13.000
10.000 4.000 7.000
16.000 3.000 10.000
6.000 3.000 9.000
9.000 6.000 13.000
8.000 3.000 8.000
6.000 2.000 5.000
9.000 8.000 14.000
10.000 6.000 9.000
10.000 1.000 11.000
13.000 7.000 15.000
10.000 9.000 12.000
11.000 8.000 8.000
14.000 10.000 20.000
10.000 9.000 13.000
4.000 14.000 5.000
11.000 12.000 3.000
10.000 11.000 8.000
16.000 12.000 11.000
10.000 13.000 5.000
10.000 12.000 10.000
12.000 4.000 10.000
11.000 7.000 11.000
9.000 10.000 14.000
9.000 12.000 14.000
19.000 12.000 22.000
17.000 19.000 22.000
25.000 28.000 31.000
18.000 32.000 31.000
