96.000 80.000 86.000
18.000 35.000 36.000
32.000 38.000 19.000
16.000 25.000 23.000
22.000 20.000 22.000
20.000 25.000 16.000
18.000 13.000 16.000
20.000 15.000 17.000
10.000 14.000 17.000
16.000 9.000 17.000
12.000 9.000 17.000
15.000 13.000 13.000
10.000 9.000 10.000
8.000 15.000 9.000
8.000 11.000 13.000
14.000 8.000 11.000
7.000 13.000 15.000
5.000 11.000 9.000
6.000 6.000 3.000
10.000 4.000 1.000
4.000 5.000 3.000
10.000 7.000 2.000
7.000 5.000 2.000
5.000 5.000 4.000
6.000 6.000 3.000
12.000 4.000 6.000
7.000 10.000 7.000
4.000 9.000 14.000
12.000 14.000 7.000
7.000 5.000 9.000
12.000 6.000 9.000
6.000 5.000 7.000
6.000 3.000 11.000
2.000 5.000 10.000
5.000 2.000 5.000
2.000 1.000 2.000
4.000 6.000 5.000
2.000 4.000 7.000
8.000 2.000 2.000
3.000 2.000 5.000
5.000 3.000 8.000
2.000 0.000 5.000
3.000 2.000 3.000
10.000 5.000 2.000
10.000 5.000 3.000
6.000 7.000 6.000
5.000 2.000 2.000
11.000 4.000 3.000
9.000 7.000 5.000
18.000 4.000 6.000
11.000 10.000 5.000
12.000 5.000 8.000
15.000 12.000 18.000
24.000 18.000 28.000
22.000 27.000 27.000
31.000 36.000 29.000
45.000 49.000 38.000
41.000 58.000 46.000
