118.000 76.000 80.000
11.000 36.000 35.000
22.000 24.000 24.000
8.000 27.000 32.000
24.000 32.000 23.000
17.000 23.000 29.000
13.000 22.000 23.000
21.000 17.000 17.000
13.000 12.000 14.000
11.000 16.000 14.000
14.000 14.000 25.000
22.000 22.000 13.000
18.000 12.000 21.000
19.000 25.000 17.000
18.000 11.000 14.000
8.000 25.000 10.000
14.000 17.000 7.000
13.000 13.000 12.000
8.000 11.000 12.000
16.000 9.000 4.000
11.000 10.000 7.000
5.000 7.000 9.000
9.000 9.000 9.000
12.000 9.000 6.000
7.000 6.000 6.000
8.000 4.000 5.000
13.000 8.000 10.000
8.000 8.000 8.000
11.000 7.000 6.000
8.000 9.000 9.000
5.000 9.000 12.000
13.000 4.000 15.000
15.000 3.000 10.000
11.000 7.000 6.000
8.000 0.000 16.000
10.000 3.000 8.000
6.000 4.000 8.000
6.000 6.000 5.000
13.000 6.000 8.000
6.000 5.000 13.000
9.000 5.000 9.000
18.000 5.000 5.000
12.000 8.000 4.000
13.000 8.000 5.000
9.000 12.000 6.000
12.000 3.000 7.000
13.000 7.000 3.000
13.000 11.000 1.000
13.000 7.000 2.000
11.000 7.000 12.000
10.000 7.000 12.000
13.000 16.000 10.000
11.000 6.000 22.000
16.000 20.000 22.000
17.000 29.000 17.000
12.000 32.000 18.000
16.000 33.000 28.000
14.000 31.000 25.000
