95.000 55.000 67.000
9.000 18.000 15.000
11.000 14.000 13.000
8.000 17.000 10.000
13.000 15.000 13.000
13.000 24.000 15.000
12.000 16.000 14.000
8.000 18.000 13.000
13.000 10.000 15.000
11.000 13.000 8.000
8.000 17.000 6.000
12.000 15.000 18.000
15.000 13.000 14.000
13.000 14.000 18.000
12.000 10.000 10.000
13.000 10.000 18.000
10.000 26.000 15.000
14.000 14.000 9.000
16.000 12.000 6.000
11.000 11.000 8.000
13.000 12.000 6.000
13.000 16.000 13.000
9.000 11.000 7.000
15.000 11.000 17.000
11.000 12.000 8.000
13.000 11.000 10.000
14.000 15.000 12.000
11.000 19.000 9.000
16.000 18.000 13.000
16.000 14.000 14.000
11.000 5.000 21.000
14.000 12.000 14.000
13.000 9.000 17.000
18.000 5.000 19.000
12.000 3.000 16.000
14.000 6.000 8.000
21.000 6.000 21.000
11.000 3.000 25.000
11.000 11.000 9.000
19.000 5.000 8.000
11.000 11.000 17.000
10.000 6.000 12.000
19.000 14.000 9.000
15.000 7.000 13.000
11.000 15.000 14.000
8.000 13.000 7.000
12.000 13.000 10.000
18.000 15.000 8.000
17.000 12.000 14.000
14.000 8.000 7.000
10.000 17.000 10.000
19.000 5.000 21.000
13.000 13.000 20.000
14.000 29.000 25.000
13.000 22.000 14.000
15.000 32.000 14.000
19.000 23.000 19.000
15.000 21.000 25.000
