159.000 71.000 49.000
12.000 25.000 12.000
16.000 15.000 10.000
17.000 19.000 23.000
17.000 25.000 17.000
12.000 17.000 11.000
15.000 19.000 16.000
14.000 21.000 20.000
5.000 18.000 14.000
11.000 15.000 11.000
14.000 18.000 12.000
11.000 14.000 10.000
12.000 13.000 10.000
13.000 9.000 8.000
3.000 8.000 5.000
9.000 6.000 4.000
10.000 1.000 2.000
13.000 4.000 6.000
6.000 8.000 6.000
6.000 7.000 5.000
11.000 7.000 5.000
8.000 6.000 4.000
3.000 5.000 4.000
10.000 3.000 5.000
9.000 6.000 4.000
12.000 3.000 3.000
8.000 4.000 6.000
3.000 5.000 9.000
5.000 3.000 7.000
11.000 5.000 7.000
11.000 3.000 7.000
8.000 4.000 4.000
13.000 2.000 8.000
4.000 1.000 9.000
6.000 2.000 6.000
8.000 1.000 10.000
13.000 2.000 5.000
5.000 0.000 6.000
9.000 3.000 6.000
13.000 4.000 10.000
11.000 2.000 9.000
9.000 5.000 6.000
12.000 5.000 8.000
10.000 3.000 4.000
7.000 5.000 8.000
12.000 2.000 4.000
12.000 9.000 6.000
15.000 7.000 3.000
12.000 9.000 10.000
5.000 10.000 12.000
14.000 10.000 9.000
10.000 20.000 13.000
17.000 19.000 11.000
19.000 29.000 22.000
19.000 37.000 19.000
13.000 45.000 36.000
25.000 45.000 50.000
30.000 61.000 56.000
