100.000 80.000 84.000
14.000 28.000 22.000
19.000 26.000 17.000
19.000 29.000 32.000
17.000 21.000 16.000
21.000 15.000 9.000
11.000 21.000 13.000
16.000 16.000 20.000
8.000 11.000 17.000
11.000 13.000 19.000
11.000 11.000 16.000
9.000 6.000 12.000
18.000 17.000 17.000
15.000 19.000 13.000
14.000 12.000 13.000
5.000 14.000 6.000
7.000 12.000 16.000
9.000 9.000 11.000
12.000 7.000 12.000
15.000 9.000 3.000
11.000 7.000 7.000
11.000 12.000 7.000
19.000 8.000 4.000
9.000 9.000 7.000
11.000 12.000 7.000
7.000 6.000 9.000
9.000 15.000 12.000
15.000 12.000 10.000
8.000 12.000 18.000
10.000 6.000 8.000
16.000 15.000 8.000
6.000 6.000 13.000
10.000 8.000 7.000
13.000 5.000 14.000
5.000 5.000 10.000
9.000 4.000 8.000
9.000 7.000 11.000
8.000 4.000 9.000
8.000 7.000 5.000
13.000 3.000 8.000
11.000 7.000 10.000
10.000 7.000 10.000
5.000 2.000 7.000
7.000 8.000 6.000
15.000 12.000 10.000
9.000 5.000 11.000
16.000 8.000 5.000
10.000 5.000 6.000
7.000 10.000 4.000
11.000 15.000 8.000
7.000 6.000 14.000
15.000 8.000 20.000
13.000 16.000 16.000
14.000 17.000 17.000
19.000 24.000 19.000
23.000 34.000 32.000
22.000 29.000 25.000
15.000 37.000 39.000
