84.000 75.000 54.000
11.000 31.000 37.000
27.000 32.000 23.000
11.000 17.000 29.000
19.000 19.000 18.000
33.000 12.000 18.000
14.000 11.000 19.000
12.000 9.000 10.000
15.000 14.000 19.000
22.000 10.000 7.000
13.000 18.000 15.000
11.000 17.000 15.000
27.000 16.000 16.000
12.000 18.000 17.000
17.000 24.000 14.000
12.000 13.000 11.000
6.000 10.000 16.000
12.000 12.000 7.000
8.000 8.000 7.000
3.000 7.000 6.000
2.000 4.000 6.000
5.000 3.000 6.000
5.000 5.000 6.000
7.000 3.000 3.000
6.000 7.000 7.000
6.000 10.000 3.000
10.000 7.000 11.000
6.000 11.000 15.000
7.000 8.000 9.000
7.000 8.000 8.000
7.000 4.000 5.000
7.000 8.000 8.000
7.000 1.000 5.000
7.000 4.000 3.000
2.000 5.000 6.000
3.000 5.000 3.000
2.000 1.000 7.000
2.000 2.000 2.000
4.000 0.000 4.000
2.000 2.000 5.000
2.000 1.000 6.000
4.000 1.000 3.000
2.000 4.000 4.000
2.000 1.000 1.000
2.000 1.000 1.000
3.000 2.000 2.000
5.000 7.000 4.000
3.000 8.000 2.000
5.000 1.000 0.000
4.000 2.000 2.000
3.000 4.000 5.000
4.000 5.000 5.000
8.000 7.000 8.000
16.000 9.000 20.000
20.000 13.000 30.000
47.000 25.000 41.000
38.000 63.000 45.000
49.000 76.000 50.000
