65.000 66.000 72.000
13.000 21.000 25.000
20.000 26.000 11.000
12.000 17.000 18.000
18.000 13.000 18.000
20.000 21.000 12.000
6.000 17.000 15.000
15.000 11.000 17.000
14.000 9.000 10.000
18.000 6.000 14.000
13.000 6.000 8.000
16.000 12.000 11.000
9.000 13.000 13.000
5.000 11.000 13.000
10.000 11.000 8.000
12.000 12.000 9.000
13.000 14.000 7.000
6.000 10.000 9.000
12.000 8.000 5.000
6.000 8.000 3.000
9.000 14.000 4.000
6.000 5.000 11.000
5.000 10.000 4.000
4.000 9.000 10.000
16.000 7.000 6.000
5.000 8.000 4.000
5.000 11.000 5.000
7.000 16.000 10.000
6.000 8.000 8.000
9.000 9.000 18.000
12.000 7.000 12.000
7.000 5.000 11.000
7.000 6.000 12.000
5.000 4.000 6.000
9.000 3.000 14.000
10.000 3.000 13.000
8.000 5.000 13.000
11.000 4.000 10.000
4.000 1.000 10.000
5.000 7.000 6.000
7.000 5.000 7.000
8.000 8.000 9.000
13.000 4.000 7.000
10.000 7.000 8.000
8.000 9.000 8.000
16.000 10.000 11.000
10.000 16.000 10.000
11.000 14.000 11.000
16.000 8.000 8.000
13.000 8.000 6.000
16.000 12.000 8.000
19.000 11.000 10.000
10.000 12.000 19.000
26.000 15.000 14.000
32.000 26.000 24.000
28.000 45.000 32.000
31.000 37.000 51.000
25.000 45.000 32.000
