85.000 69.000 65.000
11.000 33.000 22.000
24.000 24.000 12.000
3.000 22.000 18.000
13.000 17.000 19.000
18.000 22.000 16.000
5.000 12.000 21.000
14.000 16.000 21.000
7.000 25.000 13.000
10.000 16.000 13.000
12.000 14.000 13.000
11.000 17.000 15.000
21.000 10.000 10.000
9.000 10.000 16.000
13.000 8.000 12.000
12.000 16.000 11.000
14.000 13.000 9.000
13.000 11.000 5.000
11.000 9.000 4.000
19.000 9.000 8.000
8.000 5.000 7.000
7.000 4.000 7.000
7.000 10.000 4.000
9.000 4.000 8.000
14.000 5.000 9.000
10.000 11.000 11.000
8.000 4.000 6.000
10.000 12.000 7.000
11.000 8.000 6.000
5.000 10.000 7.000
8.000 6.000 10.000
6.000 8.000 15.000
13.000 5.000 18.000
7.000 7.000 13.000
9.000 7.000 13.000
15.000 5.000 9.000
19.000 4.000 15.000
9.000 7.000 11.000
11.000 7.000 15.000
9.000 8.000 10.000
8.000 2.000 17.000
18.000 13.000 15.000
14.000 8.000 7.000
9.000 9.000 15.000
12.000 7.000 9.000
10.000 9.000 8.000
14.000 11.000 7.000
14.000 11.000 8.000
13.000 13.000 7.000
15.000 10.000 8.000
13.000 17.000 6.000
18.000 13.000 14.000
21.000 14.000 17.000
15.000 24.000 23.000
26.000 18.000 12.000
22.000 28.000 29.000
10.000 30.000 30.000
17.000 44.000 30.000
