108.000 61.000 107.000
9.000 24.000 21.000
20.000 23.000 16.000
18.000 27.000 13.000
19.000 28.000 12.000
16.000 14.000 12.000
8.000 15.000 19.000
11.000 14.000 6.000
7.000 17.000 14.000
7.000 8.000 13.000
9.000 7.000 8.000
9.000 16.000 8.000
15.000 9.000 9.000
4.000 8.000 14.000
3.000 10.000 7.000
12.000 10.000 7.000
5.000 8.000 2.000
14.000 14.000 10.000
12.000 9.000 9.000
9.000 10.000 8.000
9.000 11.000 9.000
8.000 9.000 7.000
11.000 3.000 12.000
11.000 7.000 7.000
13.000 5.000 11.000
16.000 10.000 8.000
16.000 8.000 9.000
10.000 8.000 11.000
6.000 8.000 14.000
8.000 12.000 11.000
8.000 9.000 8.000
8.000 8.000 13.000
12.000 12.000 18.000
15.000 8.000 17.000
10.000 4.000 18.000
13.000 6.000 10.000
13.000 10.000 15.000
13.000 8.000 14.000
11.000 8.000 16.000
16.000 10.000 17.000
15.000 12.000 8.000
14.000 6.000 13.000
13.000 13.000 3.000
13.000 15.000 18.000
9.000 16.000 15.000
9.000 15.000 10.000
12.000 10.000 13.000
13.000 14.000 8.000
29.000 16.000 13.000
23.000 13.000 15.000
19.000 9.000 17.000
16.000 13.000 15.000
15.000 22.000 17.000
14.000 16.000 19.000
11.000 19.000 20.000
18.000 26.000 24.000
19.000 23.000 29.000
25.000 34.000 21.000
