30.000 38.000 94.000
1.000 16.000 6.000
8.000 17.000 8.000
4.000 14.000 6.000
11.000 10.000 8.000
6.000 9.000 12.000
5.000 15.000 5.000
17.000 12.000 14.000
6.000 9.000 6.000
6.000 12.000 4.000
7.000 17.000 9.000
16.000 19.000 10.000
11.000 17.000 4.000
7.000 14.000 12.000
7.000 13.000 8.000
5.000 16.000 6.000
9.000 10.000 9.000
12.000 13.000 11.000
5.000 14.000 14.000
8.000 10.000 12.000
10.000 10.000 13.000
7.000 14.000 13.000
7.000 10.000 7.000
15.000 4.000 12.000
6.000 12.000 14.000
4.000 5.000 17.000
8.000 7.000 15.000
8.000 4.000 12.000
6.000 5.000 17.000
12.000 6.000 14.000
9.000 5.000 16.000
19.000 3.000 20.000
9.000 1.000 11.000
10.000 3.000 15.000
8.000 3.000 14.000
13.000 3.000 14.000
8.000 10.000 16.000
5.000 8.000 16.000
12.000 7.000 14.000
8.000 5.000 18.000
12.000 6.000 12.000
19.000 13.000 14.000
12.000 12.000 10.000
10.000 12.000 12.000
18.000 16.000 21.000
15.000 22.000 16.000
13.000 28.000 15.000
11.000 22.000 13.000
19.000 28.000 7.000
20.000 23.000 20.000
24.000 16.000 9.000
17.000 19.000 16.000
21.000 21.000 16.000
17.000 20.000 18.000
14.000 27.000 19.000
17.000 27.000 10.000
17.000 33.000 19.000
18.000 21.000 11.000
