99.000 77.000 99.000
14.000 53.000 40.000
31.000 43.000 27.000
24.000 17.000 30.000
33.000 18.000 23.000
26.000 18.000 14.000
24.000 24.000 26.000
9.000 18.000 12.000
17.000 17.000 15.000
16.000 16.000 16.000
17.000 16.000 10.000
17.000 12.000 16.000
10.000 12.000 14.000
14.000 18.000 18.000
13.000 22.000 16.000
16.000 26.000 18.000
8.000 13.000 20.000
11.000 17.000 13.000
13.000 5.000 9.000
9.000 3.000 4.000
4.000 6.000 5.000
5.000 0.000 2.000
9.000 2.000 2.000
8.000 3.000 2.000
6.000 8.000 5.000
19.000 7.000 8.000
6.000 6.000 11.000
5.000 7.000 6.000
8.000 9.000 10.000
8.000 16.000 9.000
5.000 9.000 10.000
9.000 5.000 5.000
3.000 7.000 9.000
3.000 2.000 4.000
6.000 0.000 2.000
5.000 0.000 3.000
1.000 0.000 1.000
4.000 2.000 1.000
1.000 1.000 1.000
3.000 3.000 4.000
3.000 2.000 5.000
3.000 1.000 1.000
2.000 3.000 2.000
5.000 1.000 2.000
2.000 0.000 0.000
5.000 1.000 3.000
6.000 4.000 2.000
6.000 4.000 2.000
4.000 5.000 3.000
8.000 1.000 0.000
5.000 2.000 4.000
4.000 2.000 3.000
15.000 8.000 6.000
23.000 6.000 20.000
25.000 18.000 13.000
25.000 29.000 30.000
40.000 38.000 49.000
35.000 74.000 59.000
