84.000 68.000 86.000
14.000 19.000 19.000
18.000 21.000 8.000
9.000 27.000 18.000
18.000 23.000 20.000
15.000 10.000 15.000
8.000 22.000 15.000
15.000 10.000 16.000
14.000 9.000 14.000
11.000 12.000 11.000
8.000 20.000 15.000
15.000 17.000 17.000
15.000 20.000 15.000
12.000 12.000 12.000
9.000 17.000 17.000
7.000 11.000 16.000
8.000 10.000 9.000
14.000 19.000 10.000
15.000 12.000 5.000
15.000 15.000 6.000
6.000 13.000 4.000
15.000 9.000 4.000
11.000 8.000 6.000
7.000 10.000 10.000
14.000 7.000 3.000
13.000 4.000 4.000
10.000 8.000 9.000
10.000 9.000 11.000
10.000 12.000 10.000
11.000 8.000 16.000
10.000 12.000 16.000
14.000 9.000 10.000
17.000 5.000 25.000
10.000 5.000 14.000
12.000 4.000 12.000
12.000 6.000 15.000
11.000 6.000 13.000
17.000 5.000 10.000
12.000 8.000 15.000
13.000 9.000 13.000
12.000 13.000 13.000
15.000 6.000 11.000
18.000 10.000 9.000
9.000 9.000 5.000
19.000 8.000 6.000
18.000 11.000 13.000
11.000 13.000 10.000
13.000 10.000 6.000
8.000 10.000 6.000
7.000 11.000 12.000
10.000 9.000 11.000
8.000 18.000 14.000
12.000 15.000 16.000
17.000 22.000 22.000
16.000 27.000 16.000
27.000 28.000 16.000
18.000 34.000 21.000
12.000 37.000 23.000
