118.000 52.000 50.000
9.000 20.000 9.000
14.000 20.000 10.000
9.000 23.000 11.000
16.000 8.000 12.000
19.000 15.000 14.000
20.000 12.000 17.000
9.000 13.000 11.000
19.000 11.000 6.000
17.000 11.000 13.000
11.000 14.000 12.000
8.000 11.000 16.000
11.000 15.000 5.000
11.000 14.000 10.000
18.000 16.000 13.000
13.000 15.000 8.000
18.000 16.000 7.000
11.000 10.000 5.000
7.000 12.000 3.000
15.000 9.000 10.000
6.000 15.000 7.000
11.000 13.000 6.000
10.000 15.000 7.000
6.000 9.000 8.000
17.000 15.000 16.000
17.000 9.000 11.000
13.000 12.000 16.000
14.000 15.000 11.000
13.000 5.000 16.000
21.000 7.000 14.000
13.000 10.000 13.000
17.000 7.000 19.000
8.000 5.000 10.000
15.000 8.000 17.000
14.000 5.000 21.000
16.000 11.000 21.000
14.000 8.000 17.000
19.000 5.000 15.000
10.000 7.000 16.000
13.000 8.000 16.000
12.000 9.000 18.000
13.000 14.000 16.000
8.000 9.000 16.000
16.000 11.000 12.000
12.000 15.000 16.000
14.000 17.000 7.000
17.000 14.000 14.000
14.000 20.000 9.000
14.000 12.000 17.000
13.000 22.000 13.000
19.000 17.000 11.000
12.000 25.000 17.000
8.000 21.000 12.000
12.000 23.000 19.000
12.000 25.000 14.000
16.000 23.000 13.000
16.000 31.000 20.000
12.000 29.000 28.000
