68.000 69.000 62.000
5.000 17.000 21.000
17.000 20.000 9.000
9.000 20.000 13.000
9.000 19.000 9.000
19.000 9.000 14.000
10.000 14.000 14.000
10.000 12.000 16.000
13.000 9.000 11.000
11.000 14.000 15.000
15.000 10.000 10.000
9.000 16.000 11.000
18.000 17.000 14.000
8.000 10.000 9.000
14.000 8.000 14.000
7.000 21.000 18.000
22.000 15.000 7.000
22.000 13.000 11.000
12.000 18.000 4.000
7.000 9.000 10.000
13.000 8.000 11.000
11.000 13.000 7.000
12.000 7.000 15.000
12.000 16.000 7.000
9.000 12.000 4.000
13.000 15.000 12.000
19.000 8.000 5.000
17.000 11.000 13.000
9.000 10.000 6.000
7.000 7.000 11.000
11.000 7.000 8.000
16.000 7.000 13.000
16.000 9.000 12.000
19.000 2.000 6.000
17.000 5.000 11.000
10.000 7.000 11.000
13.000 7.000 19.000
15.000 5.000 10.000
9.000 11.000 12.000
10.000 7.000 14.000
10.000 10.000 14.000
13.000 8.000 5.000
11.000 12.000 19.000
15.000 9.000 6.000
19.000 8.000 9.000
11.000 11.000 6.000
23.000 7.000 11.000
15.000 14.000 9.000
19.000 17.000 11.000
22.000 16.000 8.000
10.000 18.000 15.000
17.000 16.000 22.000
12.000 16.000 12.000
15.000 22.000 23.000
14.000 31.000 20.000
14.000 28.000 13.000
17.000 42.000 21.000
10.000 31.000 29.000
