64.000 71.000 94.000
6.000 14.000 28.000
19.000 32.000 19.000
12.000 23.000 24.000
25.000 23.000 17.000
13.000 24.000 13.000
12.000 20.000 16.000
15.000 18.000 29.000
12.000 17.000 13.000
26.000 13.000 16.000
21.000 14.000 18.000
19.000 28.000 13.000
22.000 15.000 23.000
24.000 13.000 15.000
15.000 16.000 17.000
21.000 16.000 20.000
15.000 20.000 12.000
7.000 17.000 12.000
20.000 17.000 8.000
12.000 10.000 10.000
14.000 5.000 8.000
8.000 7.000 11.000
8.000 7.000 5.000
13.000 7.000 7.000
14.000 7.000 8.000
10.000 12.000 7.000
9.000 6.000 7.000
2.000 4.000 4.000
4.000 9.000 20.000
6.000 9.000 5.000
4.000 5.000 12.000
7.000 3.000 7.000
8.000 8.000 4.000
10.000 3.000 9.000
8.000 1.000 2.000
5.000 2.000 7.000
6.000 4.000 9.000
6.000 3.000 6.000
4.000 0.000 8.000
4.000 2.000 10.000
7.000 4.000 4.000
2.000 6.000 2.000
9.000 9.000 8.000
6.000 4.000 7.000
4.000 9.000 5.000
12.000 6.000 4.000
13.000 6.000 4.000
7.000 10.000 4.000
15.000 8.000 6.000
15.000 5.000 8.000
10.000 11.000 9.000
20.000 12.000 4.000
21.000 12.000 18.000
17.000 11.000 16.000
23.000 23.000 19.000
15.000 24.000 25.000
28.000 40.000 28.000
20.000 41.000 34.000
