62.000 58.000 53.000
4.000 14.000 9.000
8.000 14.000 5.000
3.000 12.000 4.000
6.000 15.000 5.000
12.000 17.000 7.000
6.000 9.000 8.000
8.000 12.000 9.000
8.000 23.000 7.000
12.000 24.000 3.000
8.000 23.000 6.000
8.000 19.000 8.000
7.000 15.000 9.000
16.000 20.000 9.000
7.000 15.000 11.000
14.000 23.000 14.000
5.000 17.000 12.000
7.000 20.000 15.000
8.000 12.000 13.000
7.000 20.000 8.000
12.000 14.000 4.000
14.000 13.000 9.000
11.000 14.000 12.000
13.000 14.000 11.000
13.000 11.000 15.000
16.000 10.000 14.000
10.000 8.000 11.000
15.000 9.000 10.000
21.000 3.000 14.000
11.000 7.000 17.000
17.000 7.000 13.000
13.000 6.000 17.000
13.000 6.000 12.000
14.000 5.000 14.000
21.000 3.000 14.000
15.000 2.000 16.000
16.000 3.000 22.000
7.000 5.000 19.000
23.000 7.000 19.000
28.000 6.000 14.000
18.000 11.000 19.000
15.000 12.000 23.000
14.000 14.000 18.000
10.000 12.000 9.000
14.000 22.000 15.000
15.000 20.000 11.000
13.000 14.000 14.000
19.000 17.000 15.000
15.000 25.000 14.000
22.000 12.000 13.000
17.000 18.000 18.000
13.000 17.000 17.000
8.000 28.000 8.000
16.000 22.000 17.000
15.000 31.000 11.000
18.000 33.000 12.000
19.000 21.000 15.000
7.000 15.000 13.000
