83.000 81.000 96.000
7.000 25.000 29.000
22.000 38.000 15.000
14.000 20.000 16.000
16.000 18.000 12.000
22.000 19.000 12.000
15.000 12.000 15.000
9.000 9.000 10.000
10.000 12.000 15.000
10.000 8.000 11.000
13.000 12.000 9.000
11.000 20.000 11.000
12.000 13.000 12.000
10.000 9.000 23.000
18.000 7.000 16.000
16.000 15.000 9.000
7.000 14.000 6.000
6.000 9.000 7.000
12.000 11.000 8.000
9.000 5.000 6.000
9.000 9.000 6.000
12.000 10.000 7.000
8.000 1.000 4.000
8.000 8.000 7.000
11.000 7.000 5.000
7.000 8.000 4.000
8.000 9.000 4.000
2.000 4.000 11.000
8.000 10.000 6.000
5.000 5.000 10.000
2.000 6.000 12.000
5.000 6.000 11.000
11.000 5.000 8.000
11.000 2.000 12.000
4.000 1.000 14.000
10.000 1.000 10.000
3.000 3.000 13.000
7.000 4.000 9.000
9.000 3.000 6.000
8.000 8.000 8.000
3.000 10.000 9.000
10.000 5.000 3.000
8.000 8.000 6.000
4.000 6.000 5.000
6.000 7.000 7.000
11.000 6.000 4.000
11.000 9.000 9.000
4.000 7.000 7.000
9.000 5.000 5.000
13.000 13.000 3.000
14.000 9.000 6.000
13.000 4.000 16.000
20.000 15.000 12.000
18.000 11.000 25.000
17.000 26.000 23.000
26.000 29.000 33.000
26.000 53.000 27.000
33.000 46.000 45.000
