79.000 69.000 95.000
13.000 25.000 18.000
15.000 21.000 12.000
16.000 25.000 13.000
20.000 21.000 16.000
24.000 16.000 11.000
14.000 15.000 16.000
15.000 12.000 11.000
18.000 19.000 14.000
12.000 18.000 11.000
7.000 13.000 17.000
14.000 15.000 10.000
10.000 7.000 11.000
14.000 11.000 12.000
11.000 14.000 10.000
13.000 10.000 8.000
10.000 11.000 15.000
11.000 22.000 10.000
12.000 17.000 5.000
9.000 10.000 4.000
14.000 11.000 5.000
18.000 13.000 11.000
5.000 7.000 12.000
9.000 13.000 12.000
13.000 14.000 5.000
8.000 11.000 10.000
12.000 11.000 16.000
9.000 16.000 14.000
7.000 7.000 18.000
13.000 11.000 9.000
20.000 7.000 12.000
9.000 6.000 19.000
11.000 6.000 15.000
11.000 7.000 14.000
12.000 4.000 14.000
14.000 4.000 14.000
15.000 5.000 14.000
7.000 9.000 17.000
7.000 5.000 12.000
15.000 4.000 11.000
17.000 7.000 13.000
9.000 11.000 13.000
10.000 7.000 16.000
11.000 14.000 12.000
5.000 11.000 9.000
14.000 12.000 10.000
15.000 10.000 9.000
11.000 23.000 9.000
14.000 12.000 4.000
10.000 17.000 9.000
14.000 14.000 6.000
11.000 13.000 14.000
16.000 14.000 6.000
20.000 17.000 15.000
24.000 28.000 15.000
15.000 25.000 21.000
16.000 30.000 20.000
21.000 29.000 23.000
