88.000 71.000 110.000
8.000 18.000 14.000
13.000 20.000 16.000
13.000 9.000 17.000
23.000 14.000 13.000
15.000 10.000 9.000
20.000 20.000 14.000
8.000 20.000 11.000
14.000 10.000 13.000
21.000 18.000 10.000
10.000 13.000 15.000
14.000 21.000 5.000
10.000 22.000 9.000
8.000 15.000 16.000
12.000 5.000 6.000
11.000 10.000 6.000
13.000 11.000 5.000
9.000 11.000 9.000
14.000 12.000 13.000
11.000 11.000 10.000
14.000 12.000 7.000
14.000 12.000 12.000
9.000 11.000 8.000
11.000 8.000 16.000
14.000 10.000 13.000
9.000 12.000 17.000
17.000 6.000 14.000
11.000 17.000 17.000
13.000 10.000 16.000
14.000 11.000 14.000
10.000 6.000 11.000
11.000 4.000 15.000
18.000 6.000 23.000
10.000 4.000 13.000
11.000 11.000 17.000
12.000 3.000 14.000
17.000 5.000 17.000
10.000 11.000 18.000
8.000 8.000 16.000
18.000 11.000 19.000
9.000 14.000 15.000
16.000 12.000 9.000
11.000 14.000 10.000
16.000 13.000 12.000
23.000 20.000 12.000
18.000 18.000 15.000
11.000 18.000 14.000
18.000 21.000 11.000
18.000 20.000 10.000
18.000 21.000 8.000
13.000 18.000 11.000
17.000 17.000 12.000
21.000 13.000 13.000
12.000 19.000 11.000
17.000 17.000 14.000
16.000 19.000 15.000
11.000 27.000 12.000
12.000 23.000 12.000
