89.000 63.000 99.000
19.000 46.000 34.000
62.000 45.000 19.000
20.000 29.000 25.000
28.000 21.000 15.000
16.000 15.000 20.000
15.000 21.000 25.000
15.000 19.000 20.000
9.000 6.000 8.000
13.000 14.000 12.000
7.000 3.000 3.000
9.000 8.000 10.000
10.000 9.000 11.000
14.000 17.000 19.000
9.000 19.000 18.000
9.000 18.000 14.000
25.000 14.000 18.000
12.000 10.000 8.000
6.000 7.000 2.000
2.000 2.000 1.000
1.000 2.000 3.000
2.000 2.000 2.000
3.000 2.000 4.000
4.000 4.000 8.000
7.000 4.000 6.000
4.000 5.000 3.000
3.000 6.000 3.000
1.000 2.000 2.000
5.000 5.000 2.000
3.000 4.000 5.000
4.000 3.000 3.000
4.000 3.000 3.000
4.000 2.000 3.000
1.000 2.000 1.000
2.000 0.000 1.000
2.000 1.000 3.000
2.000 0.000 5.000
0.000 1.000 2.000
1.000 0.000 3.000
5.000 0.000 0.000
0.000 2.000 3.000
4.000 1.000 0.000
6.000 2.000 5.000
4.000 0.000 3.000
4.000 1.000 1.000
5.000 2.000 2.000
4.000 5.000 0.000
4.000 3.000 2.000
5.000 1.000 0.000
4.000 3.000 1.000
7.000 3.000 4.000
1.000 7.000 4.000
8.000 7.000 3.000
10.000 9.000 14.000
22.000 16.000 22.000
44.000 30.000 29.000
41.000 60.000 45.000
61.000 84.000 84.000
