119.000 119.000 119.000
47.000 47.000 47.000
36.000 36.000 36.000
37.000 37.000 37.000
30.000 30.000 30.000
18.000 18.000 18.000
29.000 29.000 29.000
19.000 19.000 19.000
15.000 15.000 15.000
21.000 21.000 21.000
11.000 11.000 11.000
12.000 12.000 12.000
10.000 10.000 10.000
14.000 14.000 14.000
24.000 24.000 24.000
17.000 17.000 17.000
25.000 25.000 25.000
13.000 13.000 13.000
2.000 2.000 2.000
3.000 3.000 3.000
4.000 4.000 4.000
0.000 0.000 0.000
1.000 1.000 1.000
1.000 1.000 1.000
3.000 3.000 3.000
6.000 6.000 6.000
6.000 6.000 6.000
7.000 7.000 7.000
5.000 5.000 5.000
6.000 6.000 6.000
2.000 2.000 2.000
2.000 2.000 2.000
2.000 2.000 2.000
0.000 0.000 0.000
0.000 0.000 0.000
0.000 0.000 0.000
0.000 0.000 0.000
0.000 0.000 0.000
0.000 0.000 0.000
0.000 0.000 0.000
0.000 0.000 0.000
0.000 0.000 0.000
0.000 0.000 0.000
0.000 0.000 0.000
0.000 0.000 0.000
0.000 0.000 0.000
0.000 0.000 0.000
0.000 0.000 0.000
0.000 0.000 0.000
0.000 0.000 0.000
0.000 0.000 0.000
0.000 0.000 0.000
1.000 1.000 1.000
3.000 3.000 3.000
11.000 11.000 11.000
26.000 26.000 26.000
52.000 52.000 52.000
80.000 80.000 80.000
