72.000 59.000 59.000
4.000 6.000 9.000
11.000 11.000 8.000
9.000 14.000 16.000
15.000 21.000 15.000
10.000 13.000 6.000
10.000 9.000 15.000
6.000 12.000 9.000
8.000 7.000 11.000
9.000 12.000 18.000
7.000 17.000 11.000
9.000 11.000 20.000
12.000 15.000 11.000
11.000 17.000 12.000
10.000 17.000 12.000
9.000 16.000 6.000
12.000 16.000 10.000
6.000 14.000 7.000
12.000 5.000 7.000
11.000 14.000 11.000
8.000 11.000 15.000
7.000 11.000 6.000
8.000 9.000 10.000
8.000 6.000 12.000
14.000 14.000 9.000
9.000 9.000 9.000
16.000 9.000 10.000
9.000 6.000 10.000
16.000 11.000 12.000
12.000 4.000 11.000
14.000 3.000 12.000
19.000 10.000 11.000
12.000 4.000 13.000
9.000 1.000 16.000
13.000 4.000 16.000
15.000 4.000 18.000
10.000 8.000 12.000
22.000 9.000 18.000
17.000 8.000 15.000
13.000 7.000 12.000
12.000 9.000 20.000
10.000 14.000 13.000
17.000 11.000 10.000
11.000 18.000 12.000
19.000 13.000 14.000
10.000 12.000 9.000
16.000 10.000 4.000
19.000 12.000 3.000
16.000 17.000 7.000
15.000 16.000 9.000
16.000 19.000 16.000
14.000 28.000 11.000
20.000 11.000 11.000
29.000 28.000 13.000
18.000 24.000 21.000
20.000 24.000 18.000
20.000 47.000 24.000
21.000 33.000 23.000
