75.000 85.000 79.000
9.000 26.000 18.000
26.000 32.000 12.000
10.000 23.000 14.000
19.000 20.000 20.000
12.000 16.000 11.000
16.000 19.000 14.000
18.000 18.000 26.000
10.000 13.000 25.000
13.000 9.000 10.000
21.000 11.000 13.000
16.000 6.000 10.000
13.000 5.000 10.000
12.000 17.000 12.000
11.000 3.000 8.000
7.000 13.000 7.000
8.000 8.000 5.000
3.000 7.000 4.000
5.000 11.000 4.000
10.000 10.000 6.000
10.000 11.000 6.000
10.000 6.000 8.000
5.000 12.000 7.000
10.000 10.000 7.000
13.000 8.000 7.000
7.000 10.000 9.000
13.000 14.000 9.000
6.000 11.000 11.000
14.000 11.000 16.000
10.000 9.000 6.000
7.000 7.000 10.000
10.000 4.000 12.000
9.000 7.000 18.000
10.000 9.000 11.000
14.000 1.000 15.000
9.000 3.000 21.000
12.000 6.000 7.000
4.000 4.000 8.000
9.000 5.000 17.000
2.000 6.000 11.000
10.000 2.000 23.000
11.000 5.000 10.000
9.000 9.000 4.000
13.000 10.000 8.000
8.000 9.000 4.000
10.000 13.000 5.000
10.000 9.000 9.000
8.000 11.000 10.000
4.000 10.000 5.000
15.000 6.000 11.000
7.000 14.000 9.000
6.000 7.000 17.000
15.000 9.000 13.000
21.000 13.000 21.000
14.000 24.000 27.000
20.000 41.000 19.000
23.000 36.000 27.000
29.000 45.000 27.000
