91.000 83.000 61.000
14.000 26.000 26.000
15.000 19.000 15.000
11.000 19.000 25.000
18.000 20.000 26.000
19.000 20.000 9.000
11.000 15.000 13.000
15.000 12.000 15.000
12.000 16.000 13.000
9.000 14.000 13.000
10.000 7.000 12.000
15.000 11.000 11.000
13.000 11.000 8.000
6.000 14.000 10.000
3.000 9.000 8.000
6.000 12.000 7.000
16.000 16.000 6.000
9.000 7.000 7.000
5.000 9.000 8.000
12.000 4.000 5.000
3.000 9.000 3.000
10.000 9.000 4.000
16.000 6.000 7.000
9.000 12.000 7.000
16.000 5.000 8.000
12.000 6.000 10.000
5.000 6.000 10.000
4.000 6.000 7.000
12.000 12.000 12.000
10.000 9.000 12.000
5.000 4.000 16.000
9.000 11.000 10.000
12.000 3.000 7.000
7.000 5.000 10.000
16.000 2.000 12.000
9.000 4.000 9.000
4.000 3.000 8.000
7.000 7.000 8.000
5.000 4.000 12.000
14.000 7.000 10.000
11.000 5.000 11.000
6.000 10.000 8.000
10.000 5.000 2.000
14.000 8.000 16.000
13.000 4.000 9.000
12.000 8.000 6.000
21.000 9.000 6.000
15.000 9.000 10.000
20.000 9.000 7.000
15.000 5.000 10.000
12.000 10.000 10.000
28.000 11.000 4.000
22.000 22.000 15.000
21.000 32.000 15.000
20.000 34.000 24.000
25.000 32.000 30.000
22.000 34.000 32.000
26.000 49.000 26.000
