78.000 71.000 79.000
13.000 23.000 31.000
16.000 33.000 16.000
10.000 26.000 19.000
16.000 15.000 23.000
19.000 12.000 13.000
12.000 18.000 20.000
16.000 14.000 18.000
16.000 16.000 11.000
12.000 10.000 10.000
16.000 16.000 12.000
14.000 14.000 9.000
12.000 24.000 13.000
12.000 17.000 22.000
17.000 10.000 11.000
16.000 18.000 14.000
6.000 14.000 14.000
10.000 10.000 10.000
10.000 7.000 11.000
9.000 7.000 7.000
6.000 10.000 6.000
5.000 6.000 7.000
8.000 9.000 6.000
13.000 10.000 10.000
14.000 7.000 6.000
10.000 9.000 7.000
8.000 8.000 7.000
9.000 9.000 11.000
8.000 11.000 7.000
5.000 4.000 11.000
14.000 6.000 9.000
7.000 7.000 12.000
10.000 5.000 6.000
9.000 2.000 6.000
5.000 3.000 6.000
9.000 3.000 4.000
6.000 4.000 9.000
6.000 5.000 5.000
4.000 2.000 10.000
8.000 3.000 5.000
10.000 5.000 5.000
8.000 5.000 4.000
6.000 6.000 4.000
3.000 4.000 6.000
5.000 6.000 5.000
6.000 1.000 0.000
5.000 3.000 4.000
10.000 3.000 5.000
6.000 8.000 1.000
5.000 3.000 8.000
18.000 9.000 4.000
15.000 6.000 8.000
12.000 9.000 13.000
21.000 16.000 20.000
24.000 22.000 24.000
30.000 40.000 39.000
24.000 54.000 34.000
28.000 51.000 42.000
