95.000 72.000 88.000
12.000 35.000 22.000
26.000 26.000 15.000
11.000 25.000 29.000
16.000 23.000 14.000
18.000 20.000 14.000
12.000 26.000 16.000
11.000 22.000 21.000
12.000 15.000 16.000
11.000 10.000 23.000
18.000 13.000 12.000
17.000 15.000 13.000
20.000 8.000 21.000
5.000 17.000 13.000
8.000 12.000 9.000
14.000 15.000 8.000
11.000 9.000 10.000
9.000 11.000 6.000
13.000 12.000 5.000
11.000 7.000 12.000
18.000 8.000 9.000
9.000 15.000 2.000
10.000 12.000 7.000
9.000 7.000 9.000
12.000 13.000 8.000
14.000 4.000 10.000
10.000 9.000 11.000
11.000 12.000 6.000
9.000 7.000 10.000
13.000 4.000 12.000
14.000 8.000 8.000
12.000 11.000 14.000
12.000 6.000 16.000
10.000 10.000 15.000
8.000 5.000 13.000
5.000 4.000 12.000
6.000 4.000 12.000
8.000 1.000 7.000
13.000 1.000 14.000
5.000 0.000 7.000
11.000 7.000 10.000
11.000 4.000 9.000
10.000 5.000 10.000
10.000 6.000 4.000
14.000 15.000 10.000
10.000 7.000 9.000
9.000 9.000 7.000
11.000 10.000 5.000
15.000 15.000 7.000
13.000 8.000 11.000
19.000 16.000 10.000
9.000 14.000 17.000
17.000 16.000 12.000
25.000 17.000 16.000
20.000 26.000 17.000
26.000 24.000 15.000
19.000 38.000 21.000
13.000 42.000 22.000
