101.000 108.000 101.000
10.000 21.000 19.000
13.000 31.000 9.000
4.000 17.000 15.000
12.000 20.000 23.000
8.000 18.000 10.000
15.000 19.000 11.000
17.000 27.000 14.000
11.000 21.000 17.000
22.000 21.000 12.000
21.000 15.000 20.000
16.000 12.000 13.000
21.000 14.000 10.000
11.000 21.000 16.000
12.000 20.000 15.000
12.000 20.000 11.000
13.000 14.000 11.000
16.000 10.000 16.000
12.000 10.000 10.000
20.000 6.000 8.000
14.000 6.000 16.000
8.000 13.000 17.000
18.000 8.000 5.000
17.000 11.000 9.000
13.000 6.000 9.000
12.000 13.000 13.000
13.000 4.000 13.000
10.000 4.000 13.000
14.000 7.000 13.000
10.000 5.000 17.000
13.000 8.000 11.000
12.000 5.000 17.000
9.000 5.000 25.000
18.000 4.000 12.000
12.000 5.000 9.000
11.000 2.000 15.000
9.000 6.000 10.000
12.000 10.000 10.000
9.000 6.000 6.000
15.000 6.000 14.000
13.000 10.000 16.000
12.000 9.000 11.000
15.000 8.000 6.000
9.000 14.000 14.000
10.000 7.000 9.000
10.000 15.000 11.000
17.000 13.000 4.000
13.000 13.000 9.000
14.000 6.000 7.000
13.000 14.000 8.000
8.000 17.000 9.000
12.000 11.000 5.000
12.000 18.000 12.000
15.000 19.000 9.000
11.000 24.000 18.000
12.000 19.000 15.000
8.000 29.000 13.000
17.000 26.000 22.000
