72.000 63.000 84.000
15.000 31.000 26.000
28.000 29.000 20.000
19.000 23.000 20.000
21.000 28.000 29.000
28.000 22.000 15.000
14.000 20.000 10.000
16.000 11.000 18.000
9.000 13.000 15.000
8.000 14.000 15.000
17.000 9.000 9.000
14.000 13.000 14.000
17.000 9.000 7.000
11.000 18.000 17.000
18.000 13.000 13.000
8.000 11.000 15.000
11.000 13.000 13.000
10.000 3.000 10.000
6.000 9.000 3.000
3.000 7.000 3.000
2.000 2.000 1.000
4.000 2.000 5.000
5.000 6.000 4.000
9.000 6.000 3.000
6.000 5.000 7.000
5.000 7.000 6.000
7.000 7.000 9.000
4.000 6.000 7.000
3.000 6.000 3.000
7.000 6.000 7.000
3.000 10.000 12.000
8.000 2.000 4.000
2.000 0.000 8.000
4.000 1.000 5.000
3.000 0.000 6.000
7.000 0.000 4.000
4.000 1.000 4.000
3.000 0.000 6.000
6.000 2.000 4.000
3.000 1.000 4.000
1.000 3.000 6.000
0.000 6.000 6.000
6.000 7.000 4.000
4.000 2.000 5.000
4.000 3.000 4.000
2.000 6.000 3.000
5.000 3.000 6.000
2.000 4.000 4.000
4.000 4.000 5.000
7.000 5.000 3.000
5.000 5.000 9.000
7.000 11.000 8.000
10.000 4.000 13.000
13.000 12.000 23.000
22.000 24.000 21.000
40.000 39.000 31.000
56.000 42.000 41.000
47.000 62.000 56.000
