76.000 64.000 74.000
9.000 20.000 20.000
18.000 22.000 15.000
11.000 18.000 25.000
18.000 12.000 19.000
12.000 16.000 18.000
12.000 21.000 21.000
8.000 9.000 10.000
13.000 10.000 16.000
16.000 14.000 12.000
10.000 15.000 9.000
13.000 14.000 11.000
18.000 13.000 9.000
12.000 6.000 12.000
5.000 14.000 9.000
11.000 14.000 12.000
14.000 7.000 3.000
2.000 10.000 5.000
9.000 11.000 2.000
10.000 7.000 3.000
6.000 3.000 3.000
6.000 4.000 6.000
3.000 3.000 5.000
2.000 6.000 3.000
11.000 3.000 4.000
8.000 9.000 9.000
9.000 9.000 7.000
3.000 6.000 7.000
8.000 4.000 7.000
10.000 5.000 3.000
4.000 5.000 14.000
9.000 4.000 7.000
8.000 5.000 6.000
5.000 4.000 8.000
4.000 4.000 8.000
9.000 1.000 10.000
7.000 4.000 8.000
5.000 4.000 13.000
14.000 4.000 9.000
10.000 4.000 13.000
11.000 4.000 6.000
7.000 7.000 8.000
8.000 7.000 4.000
12.000 10.000 8.000
8.000 9.000 6.000
12.000 4.000 3.000
8.000 12.000 6.000
21.000 4.000 14.000
6.000 6.000 5.000
10.000 6.000 13.000
14.000 13.000 12.000
17.000 16.000 16.000
24.000 15.000 24.000
23.000 10.000 36.000
18.000 21.000 29.000
25.000 32.000 28.000
22.000 51.000 35.000
28.000 47.000 45.000
