91.000 83.000 82.000
14.000 36.000 28.000
33.000 29.000 20.000
18.000 22.000 26.000
25.000 14.000 23.000
24.000 17.000 25.000
16.000 13.000 18.000
16.000 25.000 20.000
13.000 18.000 13.000
11.000 13.000 12.000
13.000 21.000 13.000
10.000 12.000 12.000
17.000 13.000 11.000
11.000 14.000 12.000
16.000 8.000 16.000
10.000 15.000 15.000
11.000 16.000 7.000
12.000 14.000 13.000
9.000 9.000 10.000
9.000 10.000 5.000
8.000 13.000 8.000
9.000 5.000 6.000
7.000 8.000 6.000
16.000 9.000 10.000
6.000 8.000 11.000
10.000 6.000 8.000
11.000 16.000 12.000
16.000 13.000 6.000
8.000 10.000 14.000
9.000 6.000 12.000
5.000 5.000 7.000
8.000 8.000 11.000
12.000 5.000 5.000
10.000 2.000 9.000
5.000 2.000 6.000
7.000 1.000 11.000
3.000 3.000 12.000
4.000 1.000 6.000
7.000 5.000 7.000
3.000 6.000 2.000
7.000 2.000 1.000
6.000 3.000 5.000
3.000 6.000 3.000
5.000 4.000 6.000
6.000 6.000 3.000
6.000 5.000 4.000
4.000 5.000 0.000
6.000 3.000 2.000
8.000 4.000 2.000
14.000 5.000 1.000
12.000 4.000 9.000
16.000 3.000 11.000
20.000 12.000 14.000
20.000 18.000 20.000
18.000 18.000 26.000
29.000 24.000 34.000
22.000 44.000 44.000
24.000 49.000 24.000
