101.000 58.000 75.000
10.000 19.000 11.000
14.000 22.000 8.000
11.000 19.000 23.000
10.000 15.000 18.000
11.000 14.000 18.000
9.000 17.000 12.000
8.000 20.000 10.000
15.000 13.000 15.000
14.000 12.000 16.000
13.000 14.000 7.000
11.000 17.000 16.000
19.000 14.000 10.000
12.000 9.000 7.000
13.000 10.000 10.000
10.000 20.000 13.000
9.000 11.000 6.000
9.000 11.000 8.000
18.000 9.000 6.000
10.000 10.000 2.000
8.000 9.000 7.000
10.000 12.000 7.000
10.000 12.000 9.000
8.000 14.000 7.000
12.000 6.000 10.000
7.000 7.000 9.000
13.000 14.000 12.000
10.000 5.000 17.000
10.000 11.000 13.000
10.000 10.000 16.000
13.000 5.000 10.000
10.000 9.000 13.000
13.000 6.000 14.000
7.000 7.000 12.000
7.000 3.000 22.000
10.000 4.000 11.000
14.000 7.000 10.000
9.000 3.000 14.000
8.000 5.000 17.000
11.000 8.000 18.000
11.000 13.000 19.000
6.000 7.000 12.000
8.000 8.000 16.000
9.000 8.000 14.000
13.000 20.000 8.000
13.000 12.000 7.000
16.000 15.000 12.000
19.000 22.000 10.000
16.000 11.000 12.000
22.000 16.000 14.000
19.000 15.000 10.000
17.000 14.000 17.000
19.000 18.000 14.000
18.000 23.000 20.000
24.000 24.000 16.000
19.000 28.000 23.000
23.000 24.000 20.000
18.000 36.000 21.000
