74.000 39.000 105.000
5.000 12.000 19.000
13.000 13.000 11.000
8.000 20.000 15.000
13.000 12.000 13.000
6.000 13.000 18.000
10.000 20.000 23.000
10.000 14.000 19.000
6.000 15.000 16.000
13.000 13.000 16.000
12.000 14.000 15.000
12.000 13.000 19.000
16.000 7.000 14.000
13.000 15.000 19.000
13.000 12.000 20.000
17.000 19.000 17.000
11.000 15.000 8.000
14.000 17.000 12.000
20.000 11.000 13.000
6.000 10.000 13.000
11.000 15.000 11.000
20.000 9.000 13.000
15.000 8.000 10.000
20.000 13.000 14.000
14.000 6.000 20.000
18.000 11.000 19.000
24.000 6.000 14.000
19.000 5.000 14.000
11.000 12.000 10.000
12.000 6.000 16.000
23.000 7.000 18.000
19.000 9.000 16.000
18.000 4.000 23.000
15.000 3.000 17.000
21.000 3.000 15.000
14.000 4.000 16.000
15.000 1.000 16.000
16.000 5.000 14.000
21.000 9.000 23.000
15.000 11.000 6.000
16.000 7.000 16.000
19.000 11.000 6.000
19.000 11.000 18.000
11.000 13.000 13.000
9.000 19.000 12.000
20.000 13.000 11.000
17.000 21.000 13.000
13.000 16.000 10.000
15.000 22.000 14.000
10.000 21.000 9.000
13.000 34.000 7.000
10.000 24.000 14.000
17.000 19.000 14.000
15.000 18.000 10.000
10.000 16.000 8.000
10.000 27.000 15.000
13.000 18.000 10.000
8.000 16.000 9.000
