94.000 67.000 69.000
11.000 31.000 12.000
11.000 16.000 10.000
13.000 14.000 12.000
15.000 24.000 28.000
17.000 22.000 15.000
14.000 14.000 24.000
11.000 7.000 10.000
19.000 10.000 10.000
9.000 14.000 15.000
15.000 16.000 20.000
8.000 16.000 13.000
16.000 21.000 8.000
12.000 12.000 20.000
7.000 18.000 10.000
11.000 10.000 13.000
11.000 15.000 12.000
12.000 14.000 6.000
14.000 9.000 9.000
9.000 10.000 8.000
8.000 10.000 8.000
9.000 17.000 11.000
7.000 2.000 5.000
10.000 8.000 5.000
10.000 5.000 3.000
10.000 8.000 7.000
10.000 6.000 10.000
7.000 7.000 1.000
7.000 4.000 7.000
8.000 9.000 7.000
8.000 5.000 6.000
13.000 3.000 12.000
11.000 4.000 15.000
8.000 4.000 11.000
10.000 5.000 11.000
6.000 5.000 16.000
6.000 3.000 13.000
10.000 5.000 9.000
9.000 1.000 13.000
6.000 4.000 5.000
7.000 5.000 6.000
5.000 7.000 12.000
10.000 5.000 10.000
13.000 6.000 9.000
14.000 9.000 3.000
4.000 14.000 8.000
10.000 9.000 5.000
9.000 12.000 2.000
13.000 6.000 4.000
11.000 6.000 6.000
13.000 12.000 8.000
19.000 24.000 14.000
19.000 19.000 11.000
19.000 22.000 17.000
33.000 23.000 16.000
27.000 37.000 21.000
22.000 35.000 34.000
22.000 54.000 34.000
