44.000 28.000 60.000
9.000 7.000 5.000
10.000 15.000 3.000
3.000 12.000 6.000
7.000 18.000 4.000
8.000 9.000 5.000
10.000 11.000 2.000
10.000 6.000 3.000
3.000 10.000 10.000
5.000 9.000 6.000
3.000 6.000 1.000
9.000 6.000 6.000
7.000 5.000 11.000
6.000 8.000 8.000
6.000 13.000 4.000
7.000 8.000 9.000
2.000 14.000 11.000
6.000 16.000 9.000
5.000 6.000 6.000
11.000 10.000 9.000
6.000 6.000 10.000
6.000 5.000 11.000
5.000 6.000 14.000
8.000 4.000 9.000
7.000 2.000 11.000
9.000 4.000 12.000
5.000 7.000 14.000
7.000 5.000 15.000
8.000 0.000 16.000
9.000 1.000 14.000
10.000 5.000 10.000
3.000 4.000 17.000
6.000 5.000 10.000
9.000 3.000 15.000
5.000 5.000 16.000
6.000 4.000 11.000
13.000 8.000 13.000
10.000 2.000 13.000
10.000 2.000 13.000
10.000 3.000 17.000
10.000 4.000 14.000
10.000 9.000 10.000
12.000 12.000 8.000
12.000 12.000 21.000
8.000 10.000 16.000
10.000 13.000 21.000
21.000 12.000 14.000
17.000 16.000 15.000
18.000 28.000 15.000
14.000 23.000 13.000
20.000 24.000 31.000
18.000 30.000 22.000
20.000 32.000 13.000
23.000 26.000 19.000
34.000 27.000 27.000
29.000 42.000 24.000
27.000 37.000 24.000
30.000 33.000 25.000
