94.000 61.000 76.000
11.000 26.000 21.000
25.000 27.000 22.000
10.000 34.000 22.000
15.000 18.000 19.000
15.000 27.000 25.000
11.000 18.000 18.000
14.000 12.000 18.000
14.000 9.000 18.000
19.000 14.000 11.000
16.000 11.000 21.000
16.000 12.000 23.000
10.000 13.000 17.000
13.000 17.000 19.000
15.000 23.000 22.000
21.000 16.000 14.000
10.000 21.000 6.000
9.000 22.000 9.000
7.000 10.000 8.000
20.000 11.000 12.000
15.000 7.000 4.000
7.000 11.000 8.000
7.000 4.000 5.000
10.000 7.000 12.000
6.000 6.000 9.000
9.000 6.000 9.000
8.000 7.000 4.000
6.000 6.000 8.000
8.000 7.000 7.000
8.000 8.000 7.000
6.000 7.000 3.000
3.000 2.000 7.000
4.000 7.000 5.000
6.000 6.000 10.000
6.000 4.000 13.000
9.000 4.000 10.000
5.000 2.000 7.000
4.000 1.000 10.000
8.000 3.000 7.000
2.000 9.000 9.000
14.000 6.000 8.000
12.000 6.000 9.000
11.000 3.000 6.000
2.000 11.000 6.000
14.000 7.000 4.000
9.000 4.000 5.000
4.000 10.000 2.000
16.000 7.000 2.000
11.000 6.000 13.000
15.000 8.000 16.000
14.000 10.000 17.000
12.000 9.000 16.000
18.000 13.000 13.000
31.000 14.000 37.000
24.000 14.000 20.000
24.000 23.000 36.000
21.000 38.000 31.000
25.000 53.000 30.000
