84.000 92.000 89.000
7.000 22.000 16.000
20.000 33.000 12.000
11.000 25.000 24.000
18.000 25.000 17.000
15.000 25.000 18.000
13.000 19.000 23.000
15.000 32.000 16.000
16.000 17.000 26.000
16.000 16.000 17.000
6.000 10.000 19.000
23.000 6.000 16.000
9.000 16.000 18.000
16.000 15.000 9.000
16.000 13.000 11.000
14.000 10.000 14.000
11.000 11.000 12.000
12.000 11.000 9.000
16.000 7.000 5.000
13.000 16.000 11.000
13.000 17.000 7.000
11.000 13.000 6.000
14.000 13.000 7.000
13.000 10.000 11.000
11.000 8.000 10.000
15.000 17.000 14.000
13.000 8.000 11.000
12.000 16.000 15.000
10.000 8.000 18.000
16.000 14.000 13.000
18.000 5.000 19.000
9.000 9.000 15.000
16.000 6.000 21.000
17.000 3.000 20.000
16.000 8.000 14.000
15.000 7.000 20.000
17.000 10.000 5.000
7.000 9.000 16.000
13.000 7.000 16.000
12.000 9.000 14.000
10.000 10.000 11.000
15.000 8.000 11.000
9.000 7.000 9.000
12.000 5.000 9.000
17.000 11.000 17.000
9.000 6.000 8.000
14.000 14.000 3.000
11.000 11.000 6.000
9.000 9.000 5.000
16.000 11.000 8.000
9.000 19.000 11.000
9.000 21.000 14.000
19.000 20.000 15.000
14.000 20.000 11.000
12.000 13.000 15.000
10.000 21.000 15.000
14.000 28.000 12.000
10.000 21.000 13.000
