80.000 85.000 71.000
16.000 28.000 13.000
25.000 24.000 14.000
11.000 24.000 24.000
21.000 22.000 27.000
15.000 20.000 18.000
15.000 16.000 15.000
15.000 13.000 18.000
13.000 14.000 23.000
19.000 14.000 15.000
11.000 18.000 12.000
15.000 20.000 11.000
25.000 19.000 17.000
14.000 9.000 15.000
15.000 16.000 12.000
15.000 13.000 16.000
9.000 12.000 8.000
10.000 10.000 15.000
8.000 10.000 9.000
6.000 9.000 10.000
6.000 8.000 6.000
6.000 7.000 5.000
13.000 15.000 8.000
17.000 15.000 8.000
11.000 8.000 6.000
10.000 11.000 6.000
16.000 13.000 13.000
11.000 17.000 10.000
14.000 5.000 8.000
8.000 9.000 8.000
11.000 3.000 12.000
11.000 6.000 16.000
5.000 4.000 20.000
11.000 3.000 11.000
6.000 5.000 14.000
9.000 4.000 10.000
6.000 3.000 16.000
6.000 4.000 9.000
9.000 7.000 13.000
5.000 1.000 13.000
9.000 7.000 10.000
9.000 7.000 13.000
12.000 12.000 4.000
9.000 7.000 9.000
17.000 6.000 8.000
12.000 7.000 5.000
12.000 9.000 10.000
13.000 13.000 6.000
13.000 16.000 7.000
12.000 6.000 6.000
22.000 13.000 5.000
12.000 9.000 10.000
17.000 15.000 10.000
22.000 21.000 17.000
11.000 28.000 13.000
12.000 32.000 24.000
16.000 36.000 17.000
30.000 31.000 26.000
