170.000 141.000 148.000
38.000 72.000 61.000
52.000 54.000 41.000
31.000 37.000 35.000
37.000 29.000 38.000
30.000 21.000 25.000
14.000 25.000 24.000
19.000 16.000 11.000
13.000 9.000 15.000
8.000 12.000 13.000
12.000 9.000 10.000
13.000 6.000 9.000
8.000 8.000 11.000
10.000 15.000 4.000
10.000 22.000 13.000
10.000 6.000 11.000
4.000 10.000 7.000
4.000 4.000 4.000
7.000 8.000 6.000
3.000 2.000 2.000
5.000 3.000 3.000
6.000 1.000 3.000
4.000 4.000 1.000
2.000 2.000 0.000
1.000 5.000 3.000
5.000 2.000 6.000
8.000 6.000 4.000
5.000 5.000 6.000
9.000 13.000 18.000
12.000 8.000 12.000
6.000 6.000 4.000
7.000 4.000 7.000
3.000 3.000 5.000
3.000 1.000 4.000
5.000 3.000 10.000
0.000 1.000 4.000
4.000 1.000 2.000
3.000 2.000 2.000
0.000 0.000 3.000
3.000 1.000 0.000
2.000 3.000 2.000
1.000 0.000 2.000
1.000 2.000 0.000
2.000 3.000 2.000
1.000 4.000 2.000
2.000 0.000 0.000
0.000 1.000 1.000
2.000 1.000 2.000
1.000 1.000 2.000
0.000 1.000 0.000
1.000 1.000 2.000
5.000 1.000 5.000
12.000 3.000 3.000
7.000 10.000 10.000
18.000 17.000 11.000
28.000 26.000 31.000
35.000 48.000 31.000
59.000 71.000 52.000
