55.000 55.000 74.000
8.000 11.000 17.000
13.000 19.000 15.000
5.000 20.000 15.000
8.000 13.000 11.000
12.000 11.000 8.000
12.000 11.000 13.000
16.000 12.000 18.000
5.000 6.000 11.000
15.000 11.000 7.000
9.000 11.000 8.000
16.000 20.000 14.000
8.000 15.000 7.000
8.000 6.000 6.000
11.000 9.000 11.000
8.000 14.000 14.000
8.000 11.000 14.000
11.000 9.000 6.000
9.000 7.000 6.000
8.000 12.000 7.000
11.000 13.000 8.000
13.000 12.000 6.000
17.000 9.000 15.000
14.000 8.000 16.000
15.000 8.000 10.000
13.000 16.000 17.000
9.000 13.000 11.000
14.000 7.000 26.000
10.000 10.000 21.000
13.000 7.000 16.000
11.000 15.000 21.000
13.000 10.000 21.000
13.000 4.000 19.000
16.000 8.000 16.000
24.000 7.000 14.000
18.000 9.000 24.000
11.000 8.000 19.000
17.000 5.000 18.000
19.000 11.000 13.000
18.000 10.000 18.000
14.000 9.000 13.000
27.000 14.000 13.000
18.000 13.000 16.000
26.000 16.000 11.000
11.000 17.000 15.000
21.000 18.000 12.000
16.000 16.000 11.000
9.000 22.000 12.000
20.000 17.000 12.000
19.000 12.000 8.000
25.000 16.000 11.000
17.000 25.000 21.000
17.000 24.000 11.000
19.000 22.000 13.000
14.000 22.000 16.000
19.000 27.000 13.000
10.000 28.000 10.000
13.000 17.000 13.000
