79.000 78.000 100.000
14.000 26.000 25.000
24.000 31.000 20.000
15.000 34.000 21.000
21.000 25.000 23.000
22.000 18.000 21.000
22.000 20.000 22.000
17.000 14.000 30.000
15.000 17.000 17.000
21.000 11.000 16.000
24.000 13.000 16.000
12.000 9.000 17.000
9.000 17.000 14.000
8.000 20.000 21.000
7.000 17.000 13.000
14.000 17.000 16.000
8.000 22.000 16.000
13.000 11.000 6.000
13.000 11.000 8.000
16.000 8.000 8.000
18.000 13.000 12.000
8.000 9.000 9.000
15.000 8.000 9.000
9.000 9.000 4.000
10.000 13.000 11.000
6.000 14.000 8.000
7.000 9.000 9.000
6.000 12.000 5.000
10.000 7.000 11.000
18.000 4.000 8.000
12.000 3.000 13.000
11.000 7.000 8.000
5.000 9.000 16.000
10.000 7.000 12.000
12.000 7.000 11.000
6.000 5.000 10.000
11.000 8.000 14.000
15.000 2.000 17.000
9.000 10.000 15.000
7.000 2.000 18.000
8.000 5.000 10.000
10.000 4.000 7.000
12.000 7.000 7.000
6.000 9.000 9.000
10.000 13.000 8.000
8.000 8.000 7.000
12.000 16.000 1.000
12.000 12.000 7.000
7.000 10.000 6.000
14.000 10.000 6.000
15.000 6.000 7.000
11.000 17.000 10.000
20.000 10.000 12.000
18.000 11.000 10.000
21.000 17.000 16.000
17.000 24.000 19.000
23.000 34.000 27.000
16.000 38.000 18.000
