92.000 96.000 146.000
11.000 32.000 25.000
21.000 36.000 15.000
12.000 18.000 17.000
31.000 30.000 24.000
23.000 24.000 9.000
15.000 20.000 25.000
18.000 20.000 21.000
9.000 11.000 5.000
23.000 10.000 16.000
9.000 10.000 10.000
19.000 8.000 9.000
18.000 16.000 9.000
12.000 8.000 7.000
12.000 15.000 5.000
9.000 16.000 11.000
12.000 6.000 10.000
12.000 6.000 7.000
12.000 18.000 10.000
13.000 11.000 4.000
10.000 6.000 10.000
8.000 9.000 7.000
7.000 3.000 12.000
8.000 6.000 8.000
17.000 9.000 10.000
9.000 7.000 5.000
5.000 8.000 8.000
7.000 12.000 13.000
9.000 8.000 17.000
9.000 6.000 15.000
8.000 10.000 11.000
10.000 6.000 7.000
14.000 5.000 5.000
13.000 9.000 13.000
14.000 8.000 10.000
7.000 0.000 12.000
10.000 4.000 11.000
12.000 4.000 5.000
12.000 3.000 8.000
6.000 7.000 6.000
9.000 9.000 10.000
6.000 6.000 8.000
8.000 7.000 11.000
6.000 9.000 9.000
7.000 11.000 7.000
11.000 8.000 3.000
7.000 8.000 6.000
10.000 8.000 10.000
21.000 7.000 6.000
14.000 14.000 8.000
11.000 7.000 15.000
12.000 18.000 13.000
14.000 10.000 17.000
15.000 14.000 15.000
20.000 28.000 25.000
17.000 25.000 33.000
17.000 23.000 23.000
13.000 38.000 28.000
