77.000 69.000 104.000
12.000 31.000 22.000
23.000 23.000 19.000
17.000 27.000 15.000
18.000 28.000 26.000
18.000 16.000 16.000
11.000 20.000 23.000
18.000 21.000 19.000
17.000 17.000 18.000
17.000 17.000 13.000
13.000 16.000 17.000
23.000 7.000 10.000
22.000 16.000 16.000
12.000 16.000 13.000
14.000 20.000 16.000
13.000 11.000 10.000
15.000 12.000 10.000
11.000 10.000 6.000
6.000 11.000 6.000
11.000 10.000 9.000
10.000 5.000 2.000
6.000 5.000 12.000
16.000 8.000 8.000
8.000 8.000 6.000
12.000 12.000 7.000
7.000 12.000 13.000
7.000 10.000 9.000
13.000 19.000 10.000
9.000 10.000 9.000
10.000 10.000 14.000
11.000 10.000 10.000
9.000 6.000 11.000
9.000 4.000 12.000
14.000 9.000 14.000
8.000 0.000 19.000
9.000 4.000 9.000
9.000 5.000 8.000
7.000 3.000 8.000
5.000 6.000 6.000
7.000 6.000 14.000
5.000 6.000 8.000
5.000 13.000 10.000
5.000 10.000 6.000
11.000 11.000 8.000
16.000 11.000 7.000
6.000 7.000 8.000
14.000 7.000 11.000
17.000 6.000 5.000
7.000 6.000 6.000
6.000 8.000 7.000
12.000 9.000 10.000
11.000 7.000 20.000
13.000 10.000 12.000
17.000 10.000 16.000
21.000 18.000 24.000
22.000 19.000 18.000
22.000 33.000 29.000
18.000 44.000 25.000
