80.000 72.000 79.000
19.000 36.000 32.000
25.000 33.000 18.000
15.000 21.000 21.000
22.000 21.000 23.000
12.000 16.000 8.000
16.000 16.000 28.000
21.000 15.000 18.000
16.000 19.000 18.000
13.000 14.000 17.000
10.000 14.000 17.000
14.000 13.000 11.000
21.000 6.000 11.000
17.000 19.000 12.000
15.000 18.000 10.000
20.000 20.000 21.000
3.000 20.000 19.000
6.000 9.000 8.000
12.000 10.000 12.000
14.000 11.000 3.000
10.000 9.000 7.000
8.000 6.000 10.000
14.000 2.000 5.000
10.000 9.000 4.000
14.000 10.000 13.000
11.000 14.000 6.000
8.000 10.000 8.000
8.000 10.000 16.000
9.000 5.000 14.000
5.000 14.000 13.000
13.000 12.000 9.000
8.000 14.000 11.000
15.000 7.000 6.000
6.000 1.000 5.000
9.000 4.000 7.000
9.000 2.000 5.000
3.000 2.000 12.000
10.000 2.000 9.000
6.000 1.000 4.000
3.000 3.000 9.000
2.000 6.000 2.000
4.000 5.000 6.000
3.000 2.000 7.000
9.000 5.000 3.000
7.000 4.000 3.000
7.000 6.000 4.000
10.000 6.000 4.000
9.000 6.000 3.000
9.000 1.000 5.000
6.000 2.000 0.000
10.000 6.000 5.000
17.000 3.000 11.000
14.000 17.000 16.000
20.000 15.000 10.000
26.000 27.000 25.000
11.000 19.000 38.000
27.000 43.000 27.000
24.000 54.000 37.000
