68.000 44.000 94.000
11.000 23.000 22.000
28.000 36.000 20.000
15.000 26.000 24.000
25.000 15.000 16.000
12.000 25.000 18.000
17.000 19.000 23.000
15.000 25.000 17.000
8.000 10.000 17.000
16.000 16.000 14.000
9.000 11.000 12.000
18.000 12.000 12.000
10.000 10.000 10.000
16.000 13.000 6.000
7.000 9.000 6.000
10.000 11.000 5.000
8.000 11.000 7.000
14.000 6.000 6.000
8.000 11.000 3.000
4.000 5.000 9.000
4.000 5.000 3.000
9.000 3.000 5.000
8.000 0.000 7.000
9.000 2.000 6.000
10.000 10.000 10.000
2.000 4.000 3.000
5.000 12.000 9.000
4.000 9.000 8.000
9.000 9.000 8.000
8.000 6.000 14.000
9.000 9.000 4.000
6.000 5.000 9.000
9.000 2.000 7.000
7.000 4.000 10.000
9.000 3.000 11.000
10.000 1.000 11.000
8.000 1.000 8.000
3.000 4.000 7.000
4.000 4.000 3.000
10.000 2.000 5.000
7.000 5.000 2.000
5.000 8.000 7.000
8.000 9.000 4.000
11.000 9.000 5.000
4.000 5.000 4.000
6.000 8.000 7.000
12.000 7.000 10.000
12.000 7.000 5.000
7.000 5.000 2.000
8.000 8.000 8.000
7.000 6.000 15.000
12.000 6.000 15.000
17.000 6.000 17.000
31.000 15.000 22.000
36.000 31.000 33.000
33.000 24.000 41.000
24.000 48.000 43.000
30.000 41.000 42.000
