72.000 54.000 69.000
8.000 19.000 21.000
7.000 25.000 6.000
8.000 17.000 11.000
7.000 21.000 14.000
12.000 21.000 11.000
8.000 6.000 17.000
7.000 16.000 11.000
14.000 15.000 10.000
12.000 9.000 16.000
8.000 13.000 15.000
12.000 13.000 10.000
23.000 10.000 6.000
5.000 10.000 13.000
14.000 10.000 9.000
12.000 15.000 12.000
6.000 11.000 10.000
11.000 7.000 5.000
12.000 11.000 8.000
7.000 17.000 10.000
11.000 16.000 7.000
13.000 12.000 9.000
6.000 8.000 11.000
9.000 11.000 10.000
7.000 12.000 8.000
18.000 10.000 12.000
13.000 12.000 17.000
18.000 16.000 18.000
14.000 12.000 11.000
16.000 9.000 16.000
13.000 9.000 16.000
16.000 7.000 14.000
12.000 7.000 15.000
10.000 9.000 22.000
11.000 10.000 19.000
11.000 6.000 19.000
13.000 10.000 21.000
17.000 7.000 18.000
21.000 14.000 14.000
22.000 15.000 19.000
15.000 7.000 13.000
12.000 11.000 12.000
17.000 16.000 17.000
22.000 10.000 15.000
15.000 13.000 12.000
19.000 12.000 16.000
21.000 16.000 14.000
20.000 15.000 15.000
11.000 12.000 7.000
15.000 15.000 11.000
15.000 23.000 12.000
11.000 24.000 15.000
15.000 32.000 18.000
13.000 20.000 17.000
17.000 24.000 14.000
11.000 25.000 13.000
13.000 27.000 12.000
12.000 23.000 17.000
