86.000 48.000 79.000
14.000 13.000 7.000
16.000 19.000 6.000
7.000 16.000 7.000
11.000 12.000 7.000
11.000 10.000 5.000
14.000 8.000 17.000
6.000 14.000 8.000
10.000 18.000 10.000
7.000 19.000 11.000
11.000 18.000 13.000
13.000 12.000 8.000
12.000 15.000 8.000
14.000 16.000 10.000
13.000 12.000 10.000
4.000 13.000 8.000
21.000 20.000 7.000
13.000 14.000 6.000
8.000 15.000 10.000
13.000 11.000 5.000
10.000 11.000 7.000
7.000 10.000 9.000
5.000 15.000 12.000
9.000 20.000 10.000
12.000 7.000 9.000
14.000 9.000 15.000
14.000 9.000 12.000
9.000 12.000 7.000
11.000 14.000 12.000
10.000 6.000 17.000
11.000 4.000 19.000
12.000 7.000 18.000
10.000 6.000 23.000
14.000 7.000 18.000
12.000 4.000 14.000
10.000 3.000 33.000
15.000 4.000 20.000
11.000 5.000 18.000
14.000 10.000 14.000
16.000 9.000 17.000
18.000 9.000 14.000
17.000 6.000 13.000
13.000 12.000 14.000
15.000 19.000 9.000
13.000 16.000 16.000
15.000 19.000 17.000
14.000 21.000 17.000
19.000 20.000 14.000
19.000 22.000 13.000
13.000 22.000 12.000
15.000 9.000 15.000
12.000 12.000 12.000
16.000 27.000 17.000
21.000 16.000 11.000
16.000 27.000 13.000
26.000 27.000 19.000
18.000 18.000 20.000
15.000 26.000 14.000
