91.000 52.000 65.000
5.000 16.000 12.000
5.000 9.000 5.000
7.000 10.000 11.000
8.000 11.000 10.000
17.000 12.000 5.000
13.000 12.000 16.000
13.000 9.000 10.000
13.000 7.000 15.000
13.000 19.000 12.000
13.000 8.000 11.000
9.000 14.000 13.000
13.000 9.000 14.000
8.000 14.000 8.000
16.000 11.000 9.000
13.000 17.000 14.000
12.000 20.000 16.000
11.000 12.000 14.000
10.000 11.000 12.000
11.000 12.000 7.000
11.000 9.000 14.000
12.000 11.000 13.000
15.000 15.000 15.000
11.000 3.000 16.000
6.000 5.000 11.000
14.000 7.000 11.000
15.000 14.000 11.000
10.000 10.000 11.000
20.000 6.000 16.000
14.000 5.000 12.000
10.000 9.000 14.000
10.000 5.000 8.000
12.000 2.000 13.000
22.000 3.000 19.000
16.000 6.000 15.000
18.000 5.000 12.000
15.000 2.000 22.000
14.000 4.000 16.000
7.000 4.000 10.000
19.000 11.000 20.000
15.000 8.000 14.000
8.000 7.000 9.000
13.000 12.000 17.000
7.000 12.000 15.000
13.000 16.000 13.000
19.000 15.000 18.000
16.000 21.000 16.000
17.000 24.000 13.000
17.000 23.000 18.000
14.000 26.000 14.000
23.000 31.000 15.000
18.000 25.000 13.000
20.000 33.000 18.000
15.000 28.000 13.000
14.000 23.000 12.000
15.000 20.000 11.000
10.000 26.000 15.000
10.000 22.000 14.000
