119.000 46.000 54.000
8.000 12.000 10.000
7.000 10.000 6.000
8.000 13.000 9.000
5.000 14.000 11.000
14.000 14.000 11.000
7.000 14.000 14.000
11.000 11.000 13.000
11.000 12.000 9.000
4.000 11.000 10.000
11.000 11.000 10.000
14.000 15.000 15.000
12.000 14.000 6.000
8.000 18.000 15.000
12.000 15.000 7.000
14.000 14.000 8.000
15.000 10.000 10.000
12.000 19.000 10.000
15.000 15.000 5.000
18.000 16.000 11.000
10.000 21.000 11.000
16.000 11.000 12.000
13.000 9.000 7.000
14.000 13.000 11.000
16.000 8.000 12.000
25.000 5.000 10.000
19.000 15.000 8.000
13.000 9.000 19.000
18.000 10.000 11.000
18.000 13.000 15.000
21.000 6.000 18.000
15.000 8.000 16.000
19.000 9.000 18.000
16.000 10.000 8.000
20.000 5.000 15.000
13.000 8.000 22.000
29.000 10.000 13.000
24.000 10.000 28.000
17.000 9.000 19.000
12.000 5.000 20.000
23.000 8.000 20.000
19.000 12.000 10.000
15.000 13.000 14.000
13.000 14.000 10.000
14.000 10.000 13.000
13.000 13.000 14.000
15.000 22.000 15.000
17.000 14.000 9.000
10.000 21.000 20.000
14.000 18.000 13.000
12.000 20.000 15.000
8.000 14.000 15.000
12.000 15.000 17.000
8.000 34.000 17.000
14.000 25.000 16.000
13.000 27.000 20.000
11.000 25.000 17.000
4.000 31.000 22.000
