95.000 74.000 74.000
10.000 22.000 16.000
10.000 16.000 8.000
10.000 24.000 22.000
11.000 16.000 21.000
19.000 25.000 14.000
5.000 21.000 10.000
8.000 12.000 8.000
22.000 15.000 14.000
12.000 13.000 17.000
11.000 11.000 11.000
10.000 13.000 14.000
11.000 13.000 8.000
17.000 15.000 16.000
11.000 13.000 11.000
8.000 9.000 9.000
8.000 13.000 10.000
5.000 13.000 10.000
9.000 13.000 12.000
15.000 15.000 10.000
8.000 10.000 6.000
10.000 13.000 11.000
10.000 13.000 8.000
9.000 10.000 8.000
10.000 9.000 8.000
15.000 7.000 11.000
11.000 9.000 15.000
10.000 11.000 7.000
13.000 11.000 10.000
13.000 6.000 10.000
17.000 8.000 15.000
6.000 6.000 19.000
13.000 6.000 15.000
10.000 10.000 18.000
18.000 6.000 17.000
15.000 4.000 14.000
16.000 4.000 14.000
5.000 9.000 10.000
15.000 2.000 18.000
16.000 5.000 13.000
7.000 13.000 10.000
13.000 9.000 17.000
15.000 11.000 16.000
15.000 14.000 10.000
15.000 12.000 10.000
18.000 12.000 11.000
10.000 15.000 6.000
12.000 13.000 7.000
17.000 13.000 11.000
15.000 19.000 9.000
19.000 19.000 13.000
13.000 12.000 11.000
26.000 19.000 22.000
17.000 23.000 20.000
22.000 23.000 20.000
16.000 29.000 11.000
16.000 30.000 16.000
12.000 31.000 19.000
