62.000 50.000 129.000
9.000 15.000 13.000
12.000 22.000 27.000
8.000 31.000 21.000
18.000 27.000 12.000
17.000 19.000 16.000
12.000 19.000 14.000
16.000 28.000 21.000
13.000 15.000 12.000
16.000 14.000 12.000
18.000 16.000 11.000
10.000 10.000 9.000
14.000 12.000 11.000
4.000 12.000 8.000
10.000 5.000 8.000
11.000 14.000 10.000
12.000 12.000 10.000
9.000 12.000 7.000
11.000 7.000 9.000
10.000 12.000 7.000
12.000 5.000 9.000
14.000 7.000 13.000
14.000 5.000 5.000
10.000 9.000 8.000
11.000 9.000 13.000
12.000 6.000 12.000
12.000 6.000 15.000
9.000 5.000 17.000
6.000 4.000 12.000
10.000 4.000 16.000
6.000 5.000 17.000
7.000 10.000 22.000
10.000 7.000 10.000
15.000 5.000 10.000
14.000 4.000 11.000
12.000 6.000 16.000
11.000 5.000 13.000
12.000 4.000 13.000
9.000 6.000 9.000
11.000 6.000 6.000
11.000 15.000 12.000
8.000 9.000 10.000
11.000 9.000 11.000
15.000 5.000 10.000
12.000 18.000 14.000
11.000 13.000 14.000
15.000 20.000 10.000
15.000 27.000 8.000
21.000 14.000 14.000
15.000 22.000 11.000
14.000 15.000 17.000
11.000 9.000 16.000
20.000 12.000 21.000
15.000 18.000 25.000
20.000 14.000 17.000
21.000 12.000 20.000
17.000 21.000 30.000
12.000 33.000 16.000
