93.000 54.000 78.000
11.000 21.000 19.000
14.000 21.000 10.000
11.000 17.000 18.000
18.000 23.000 17.000
19.000 21.000 13.000
15.000 15.000 10.000
9.000 10.000 12.000
12.000 11.000 15.000
10.000 12.000 12.000
10.000 15.000 13.000
19.000 9.000 16.000
9.000 20.000 7.000
9.000 17.000 8.000
9.000 16.000 11.000
6.000 13.000 7.000
12.000 13.000 11.000
11.000 12.000 10.000
7.000 9.000 11.000
9.000 17.000 10.000
10.000 11.000 13.000
15.000 9.000 13.000
11.000 13.000 4.000
14.000 16.000 8.000
5.000 12.000 8.000
13.000 12.000 11.000
17.000 14.000 14.000
15.000 9.000 6.000
13.000 9.000 14.000
10.000 2.000 22.000
12.000 5.000 12.000
11.000 5.000 17.000
14.000 6.000 16.000
7.000 6.000 29.000
9.000 8.000 19.000
16.000 5.000 14.000
11.000 6.000 18.000
15.000 6.000 21.000
13.000 13.000 16.000
12.000 11.000 15.000
11.000 12.000 13.000
11.000 6.000 14.000
10.000 17.000 12.000
12.000 11.000 5.000
14.000 15.000 10.000
21.000 19.000 12.000
21.000 21.000 14.000
15.000 11.000 7.000
17.000 14.000 11.000
17.000 15.000 11.000
22.000 15.000 18.000
9.000 9.000 9.000
17.000 18.000 13.000
13.000 17.000 9.000
21.000 16.000 12.000
26.000 21.000 20.000
15.000 20.000 16.000
13.000 28.000 21.000
