75.000 55.000 74.000
5.000 35.000 22.000
32.000 28.000 11.000
17.000 24.000 20.000
22.000 18.000 23.000
14.000 15.000 12.000
16.000 14.000 22.000
13.000 14.000 9.000
16.000 8.000 17.000
12.000 11.000 11.000
8.000 6.000 11.000
9.000 9.000 15.000
15.000 9.000 9.000
5.000 9.000 8.000
9.000 12.000 10.000
9.000 13.000 11.000
16.000 11.000 6.000
11.000 13.000 6.000
6.000 9.000 5.000
4.000 4.000 3.000
5.000 3.000 7.000
3.000 4.000 4.000
9.000 7.000 10.000
6.000 7.000 3.000
11.000 12.000 3.000
10.000 7.000 2.000
4.000 7.000 9.000
4.000 9.000 8.000
9.000 8.000 8.000
8.000 4.000 9.000
9.000 6.000 12.000
7.000 5.000 10.000
6.000 8.000 7.000
3.000 4.000 5.000
4.000 1.000 5.000
10.000 5.000 3.000
3.000 3.000 7.000
1.000 3.000 2.000
6.000 5.000 12.000
5.000 6.000 5.000
5.000 1.000 8.000
6.000 5.000 9.000
3.000 1.000 10.000
2.000 5.000 5.000
6.000 4.000 5.000
5.000 8.000 5.000
5.000 6.000 1.000
5.000 12.000 1.000
6.000 7.000 4.000
5.000 6.000 4.000
6.000 3.000 11.000
13.000 5.000 8.000
10.000 10.000 16.000
14.000 10.000 24.000
29.000 23.000 26.000
30.000 34.000 26.000
40.000 47.000 38.000
44.000 72.000 71.000
