138.000 74.000 68.000
15.000 33.000 21.000
27.000 29.000 14.000
17.000 21.000 22.000
16.000 21.000 22.000
16.000 16.000 15.000
12.000 10.000 29.000
21.000 16.000 20.000
14.000 15.000 23.000
17.000 19.000 13.000
11.000 11.000 16.000
11.000 23.000 14.000
10.000 20.000 14.000
14.000 13.000 16.000
19.000 18.000 18.000
14.000 23.000 14.000
19.000 17.000 12.000
3.000 14.000 15.000
10.000 11.000 7.000
6.000 12.000 11.000
10.000 3.000 10.000
8.000 5.000 5.000
11.000 0.000 7.000
8.000 10.000 6.000
4.000 7.000 8.000
11.000 11.000 7.000
10.000 12.000 6.000
11.000 15.000 16.000
14.000 18.000 13.000
10.000 8.000 9.000
7.000 4.000 8.000
9.000 9.000 11.000
7.000 3.000 13.000
5.000 3.000 5.000
7.000 2.000 10.000
6.000 1.000 5.000
8.000 2.000 9.000
9.000 2.000 6.000
4.000 2.000 7.000
9.000 3.000 5.000
5.000 8.000 8.000
4.000 3.000 7.000
6.000 4.000 4.000
6.000 7.000 3.000
8.000 2.000 4.000
7.000 3.000 4.000
10.000 8.000 7.000
6.000 0.000 5.000
15.000 5.000 4.000
14.000 5.000 4.000
10.000 9.000 11.000
14.000 12.000 10.000
14.000 14.000 12.000
26.000 17.000 20.000
23.000 28.000 20.000
17.000 33.000 16.000
27.000 51.000 33.000
22.000 48.000 41.000
