93.000 82.000 122.000
8.000 13.000 17.000
15.000 19.000 18.000
9.000 20.000 19.000
16.000 18.000 17.000
15.000 21.000 16.000
17.000 23.000 18.000
18.000 9.000 18.000
10.000 19.000 23.000
15.000 22.000 8.000
5.000 13.000 14.000
11.000 12.000 12.000
16.000 20.000 17.000
11.000 19.000 10.000
16.000 20.000 13.000
16.000 24.000 9.000
12.000 8.000 16.000
10.000 12.000 15.000
18.000 5.000 17.000
18.000 9.000 12.000
11.000 12.000 9.000
17.000 8.000 12.000
10.000 9.000 13.000
11.000 9.000 4.000
11.000 14.000 11.000
7.000 9.000 10.000
14.000 8.000 17.000
10.000 11.000 11.000
14.000 7.000 12.000
12.000 11.000 10.000
17.000 4.000 8.000
12.000 8.000 14.000
9.000 4.000 8.000
15.000 3.000 17.000
10.000 4.000 6.000
13.000 2.000 12.000
11.000 4.000 16.000
7.000 3.000 10.000
14.000 7.000 11.000
11.000 10.000 13.000
14.000 4.000 9.000
11.000 11.000 3.000
11.000 9.000 4.000
10.000 10.000 2.000
12.000 21.000 10.000
11.000 14.000 3.000
11.000 18.000 4.000
17.000 8.000 6.000
13.000 11.000 6.000
13.000 10.000 6.000
8.000 6.000 13.000
16.000 18.000 15.000
17.000 10.000 24.000
19.000 18.000 16.000
14.000 18.000 24.000
20.000 26.000 21.000
16.000 33.000 21.000
20.000 26.000 20.000
