123.000 60.000 94.000
10.000 27.000 17.000
18.000 25.000 14.000
5.000 17.000 15.000
17.000 27.000 32.000
8.000 26.000 18.000
6.000 22.000 18.000
5.000 18.000 13.000
15.000 14.000 19.000
13.000 13.000 7.000
16.000 17.000 15.000
11.000 10.000 7.000
14.000 11.000 13.000
10.000 12.000 18.000
16.000 18.000 10.000
14.000 18.000 11.000
15.000 13.000 14.000
13.000 18.000 9.000
13.000 14.000 11.000
18.000 11.000 12.000
15.000 5.000 13.000
14.000 14.000 11.000
14.000 5.000 8.000
15.000 9.000 6.000
12.000 15.000 17.000
9.000 11.000 10.000
15.000 7.000 15.000
9.000 3.000 10.000
13.000 5.000 13.000
7.000 6.000 12.000
11.000 13.000 11.000
13.000 11.000 17.000
9.000 4.000 9.000
20.000 3.000 18.000
6.000 4.000 13.000
5.000 7.000 15.000
6.000 3.000 10.000
13.000 6.000 11.000
10.000 6.000 12.000
8.000 10.000 6.000
18.000 10.000 11.000
6.000 9.000 13.000
9.000 8.000 9.000
8.000 15.000 15.000
17.000 8.000 7.000
11.000 14.000 4.000
16.000 9.000 5.000
2.000 10.000 10.000
14.000 16.000 10.000
17.000 13.000 10.000
6.000 7.000 10.000
16.000 17.000 6.000
10.000 13.000 14.000
19.000 16.000 17.000
11.000 23.000 20.000
16.000 16.000 25.000
12.000 37.000 23.000
11.000 26.000 15.000
