98.000 90.000 73.000
16.000 21.000 35.000
24.000 27.000 16.000
20.000 32.000 24.000
29.000 27.000 21.000
17.000 18.000 15.000
22.000 14.000 23.000
25.000 13.000 20.000
22.000 17.000 21.000
15.000 12.000 15.000
16.000 20.000 20.000
8.000 8.000 15.000
21.000 18.000 17.000
14.000 11.000 14.000
13.000 12.000 9.000
7.000 15.000 13.000
9.000 11.000 6.000
4.000 9.000 7.000
12.000 8.000 11.000
5.000 9.000 6.000
7.000 9.000 6.000
6.000 8.000 8.000
8.000 8.000 4.000
7.000 8.000 9.000
9.000 6.000 8.000
4.000 9.000 5.000
12.000 13.000 7.000
7.000 13.000 10.000
8.000 12.000 15.000
16.000 8.000 14.000
7.000 11.000 15.000
10.000 6.000 7.000
12.000 6.000 7.000
10.000 6.000 9.000
7.000 1.000 12.000
7.000 5.000 12.000
6.000 3.000 7.000
6.000 5.000 9.000
7.000 3.000 4.000
7.000 2.000 11.000
10.000 1.000 11.000
9.000 13.000 10.000
7.000 8.000 9.000
10.000 6.000 9.000
5.000 5.000 3.000
9.000 11.000 4.000
8.000 8.000 9.000
9.000 13.000 7.000
8.000 5.000 10.000
8.000 12.000 6.000
6.000 11.000 8.000
11.000 5.000 8.000
15.000 9.000 10.000
23.000 9.000 11.000
30.000 12.000 22.000
33.000 24.000 33.000
30.000 37.000 34.000
23.000 44.000 37.000
