119.000 41.000 81.000
10.000 25.000 14.000
8.000 19.000 13.000
8.000 23.000 13.000
10.000 16.000 14.000
10.000 18.000 18.000
9.000 20.000 14.000
11.000 15.000 14.000
9.000 13.000 14.000
11.000 15.000 9.000
6.000 16.000 10.000
9.000 13.000 12.000
12.000 13.000 13.000
8.000 6.000 15.000
13.000 14.000 10.000
18.000 15.000 9.000
10.000 9.000 7.000
11.000 9.000 11.000
8.000 12.000 8.000
9.000 12.000 5.000
17.000 6.000 9.000
10.000 3.000 10.000
11.000 10.000 7.000
13.000 10.000 14.000
14.000 12.000 7.000
11.000 7.000 8.000
14.000 12.000 14.000
17.000 15.000 18.000
19.000 3.000 10.000
20.000 14.000 10.000
12.000 11.000 12.000
18.000 6.000 8.000
13.000 7.000 9.000
18.000 6.000 13.000
13.000 4.000 17.000
17.000 9.000 17.000
11.000 3.000 17.000
9.000 5.000 14.000
21.000 6.000 16.000
14.000 12.000 17.000
7.000 8.000 3.000
14.000 15.000 12.000
18.000 7.000 6.000
16.000 10.000 12.000
12.000 7.000 5.000
17.000 11.000 13.000
19.000 13.000 10.000
11.000 13.000 14.000
15.000 19.000 8.000
13.000 19.000 11.000
15.000 15.000 11.000
14.000 21.000 12.000
12.000 35.000 17.000
16.000 29.000 22.000
20.000 30.000 21.000
14.000 23.000 20.000
18.000 22.000 28.000
11.000 36.000 30.000
