86.000 76.000 85.000
11.000 33.000 18.000
30.000 19.000 16.000
12.000 18.000 22.000
17.000 19.000 25.000
18.000 22.000 13.000
17.000 13.000 17.000
12.000 16.000 12.000
12.000 8.000 15.000
9.000 18.000 15.000
11.000 13.000 11.000
8.000 12.000 10.000
5.000 9.000 8.000
12.000 13.000 9.000
11.000 14.000 7.000
7.000 6.000 12.000
10.000 12.000 11.000
9.000 6.000 3.000
13.000 8.000 9.000
12.000 10.000 10.000
7.000 9.000 6.000
7.000 5.000 7.000
7.000 13.000 9.000
13.000 10.000 4.000
11.000 7.000 6.000
9.000 9.000 8.000
8.000 11.000 7.000
9.000 18.000 4.000
7.000 8.000 13.000
2.000 9.000 8.000
9.000 5.000 9.000
6.000 8.000 9.000
8.000 5.000 11.000
12.000 2.000 7.000
7.000 5.000 22.000
9.000 5.000 9.000
16.000 4.000 13.000
10.000 7.000 15.000
10.000 4.000 12.000
8.000 5.000 7.000
10.000 5.000 11.000
9.000 5.000 12.000
3.000 7.000 10.000
9.000 14.000 10.000
8.000 6.000 4.000
6.000 12.000 8.000
8.000 5.000 4.000
7.000 10.000 6.000
8.000 10.000 9.000
11.000 6.000 7.000
10.000 5.000 10.000
15.000 8.000 9.000
14.000 10.000 15.000
21.000 10.000 16.000
21.000 23.000 20.000
26.000 34.000 25.000
31.000 42.000 27.000
19.000 50.000 42.000
