87.000 90.000 58.000
17.000 29.000 21.000
20.000 17.000 15.000
19.000 11.000 17.000
13.000 14.000 22.000
26.000 15.000 20.000
12.000 25.000 20.000
14.000 10.000 12.000
19.000 18.000 17.000
12.000 10.000 13.000
10.000 12.000 17.000
13.000 15.000 8.000
16.000 20.000 8.000
23.000 16.000 14.000
6.000 12.000 9.000
7.000 12.000 14.000
9.000 8.000 6.000
8.000 7.000 13.000
4.000 4.000 6.000
7.000 0.000 3.000
5.000 9.000 8.000
9.000 8.000 7.000
8.000 8.000 5.000
7.000 11.000 8.000
14.000 7.000 9.000
9.000 7.000 5.000
9.000 13.000 16.000
11.000 7.000 10.000
6.000 12.000 6.000
6.000 11.000 14.000
12.000 6.000 9.000
9.000 8.000 9.000
6.000 2.000 13.000
10.000 5.000 12.000
5.000 3.000 12.000
3.000 5.000 16.000
6.000 8.000 17.000
4.000 8.000 11.000
3.000 2.000 7.000
11.000 6.000 10.000
10.000 6.000 9.000
7.000 4.000 8.000
10.000 2.000 6.000
13.000 6.000 12.000
8.000 10.000 4.000
10.000 7.000 8.000
7.000 12.000 11.000
12.000 6.000 9.000
6.000 6.000 12.000
8.000 13.000 11.000
10.000 7.000 10.000
13.000 6.000 20.000
11.000 15.000 11.000
21.000 13.000 18.000
29.000 15.000 22.000
25.000 30.000 30.000
28.000 40.000 33.000
30.000 54.000 45.000
