93.000 74.000 53.000
10.000 11.000 16.000
12.000 17.000 5.000
7.000 15.000 7.000
14.000 11.000 11.000
15.000 12.000 11.000
12.000 22.000 10.000
11.000 11.000 22.000
12.000 13.000 12.000
14.000 22.000 7.000
12.000 12.000 9.000
13.000 12.000 17.000
10.000 9.000 13.000
12.000 15.000 13.000
7.000 19.000 8.000
16.000 23.000 11.000
12.000 14.000 7.000
17.000 19.000 11.000
10.000 13.000 10.000
8.000 13.000 19.000
16.000 14.000 10.000
15.000 13.000 11.000
12.000 23.000 9.000
8.000 16.000 16.000
13.000 12.000 9.000
19.000 12.000 12.000
13.000 8.000 9.000
12.000 7.000 18.000
19.000 4.000 11.000
7.000 5.000 22.000
13.000 13.000 20.000
12.000 6.000 18.000
11.000 4.000 16.000
7.000 7.000 10.000
16.000 4.000 24.000
14.000 4.000 14.000
11.000 5.000 18.000
17.000 10.000 19.000
16.000 6.000 20.000
18.000 7.000 18.000
12.000 5.000 7.000
17.000 10.000 10.000
21.000 12.000 15.000
19.000 13.000 11.000
16.000 19.000 10.000
15.000 19.000 13.000
23.000 11.000 7.000
16.000 19.000 18.000
18.000 18.000 10.000
13.000 13.000 12.000
23.000 15.000 14.000
15.000 20.000 9.000
14.000 26.000 9.000
15.000 23.000 18.000
16.000 23.000 18.000
18.000 30.000 20.000
14.000 21.000 17.000
12.000 22.000 18.000
