93.000 91.000 59.000
11.000 30.000 25.000
23.000 22.000 11.000
17.000 19.000 20.000
21.000 22.000 18.000
20.000 9.000 15.000
13.000 18.000 25.000
17.000 13.000 11.000
12.000 5.000 12.000
4.000 9.000 10.000
13.000 12.000 15.000
19.000 8.000 14.000
11.000 7.000 11.000
10.000 20.000 13.000
9.000 16.000 8.000
5.000 11.000 10.000
12.000 7.000 7.000
15.000 9.000 11.000
5.000 8.000 11.000
4.000 7.000 6.000
4.000 8.000 1.000
9.000 6.000 8.000
9.000 5.000 6.000
10.000 9.000 7.000
13.000 4.000 6.000
6.000 8.000 7.000
8.000 7.000 11.000
6.000 11.000 8.000
7.000 10.000 8.000
6.000 10.000 5.000
3.000 4.000 11.000
7.000 5.000 11.000
9.000 5.000 10.000
9.000 4.000 9.000
3.000 1.000 2.000
6.000 2.000 11.000
4.000 4.000 3.000
0.000 4.000 10.000
5.000 7.000 3.000
5.000 3.000 7.000
6.000 3.000 5.000
8.000 3.000 11.000
5.000 2.000 7.000
7.000 3.000 6.000
12.000 4.000 5.000
6.000 8.000 6.000
8.000 3.000 4.000
9.000 10.000 5.000
8.000 5.000 4.000
7.000 5.000 5.000
10.000 5.000 4.000
19.000 7.000 8.000
19.000 5.000 13.000
22.000 22.000 13.000
24.000 23.000 22.000
38.000 39.000 36.000
28.000 64.000 30.000
47.000 55.000 43.000
