75.000 54.000 63.000
6.000 12.000 16.000
22.000 14.000 12.000
10.000 20.000 21.000
16.000 20.000 15.000
14.000 16.000 9.000
8.000 10.000 8.000
15.000 19.000 14.000
5.000 9.000 7.000
7.000 15.000 7.000
11.000 8.000 16.000
9.000 15.000 9.000
8.000 14.000 8.000
9.000 14.000 7.000
10.000 13.000 6.000
7.000 16.000 15.000
5.000 15.000 9.000
11.000 15.000 7.000
9.000 11.000 7.000
10.000 8.000 6.000
16.000 8.000 9.000
9.000 9.000 10.000
8.000 9.000 9.000
11.000 11.000 4.000
13.000 14.000 6.000
9.000 8.000 13.000
13.000 11.000 13.000
13.000 13.000 10.000
4.000 11.000 11.000
16.000 8.000 11.000
10.000 7.000 17.000
11.000 10.000 11.000
13.000 4.000 24.000
8.000 8.000 16.000
12.000 8.000 19.000
9.000 5.000 20.000
14.000 6.000 19.000
11.000 2.000 15.000
17.000 11.000 20.000
11.000 8.000 18.000
7.000 11.000 20.000
10.000 11.000 12.000
13.000 14.000 12.000
18.000 14.000 13.000
15.000 15.000 13.000
19.000 10.000 10.000
19.000 17.000 14.000
15.000 13.000 11.000
15.000 18.000 7.000
8.000 17.000 18.000
22.000 13.000 8.000
26.000 21.000 14.000
18.000 22.000 13.000
20.000 17.000 17.000
14.000 23.000 29.000
14.000 27.000 18.000
24.000 33.000 21.000
17.000 24.000 17.000
