69.000 69.000 90.000
20.000 40.000 25.000
31.000 23.000 14.000
29.000 24.000 29.000
22.000 27.000 23.000
21.000 18.000 24.000
15.000 21.000 19.000
24.000 14.000 21.000
10.000 17.000 14.000
15.000 13.000 11.000
16.000 7.000 13.000
13.000 15.000 6.000
8.000 14.000 11.000
12.000 15.000 11.000
7.000 9.000 6.000
12.000 10.000 9.000
12.000 10.000 12.000
9.000 15.000 6.000
9.000 10.000 8.000
8.000 8.000 4.000
3.000 4.000 4.000
6.000 1.000 5.000
11.000 6.000 4.000
4.000 6.000 4.000
2.000 5.000 6.000
6.000 5.000 8.000
14.000 15.000 10.000
10.000 12.000 11.000
9.000 15.000 15.000
9.000 9.000 9.000
7.000 7.000 10.000
10.000 8.000 8.000
10.000 3.000 7.000
9.000 10.000 10.000
18.000 4.000 8.000
10.000 6.000 13.000
5.000 1.000 13.000
7.000 4.000 23.000
6.000 5.000 11.000
8.000 4.000 9.000
6.000 7.000 11.000
7.000 8.000 6.000
9.000 4.000 12.000
5.000 9.000 10.000
8.000 9.000 5.000
8.000 15.000 8.000
11.000 3.000 10.000
9.000 11.000 7.000
12.000 11.000 9.000
7.000 7.000 8.000
17.000 12.000 12.000
12.000 10.000 18.000
13.000 11.000 6.000
24.000 9.000 26.000
19.000 24.000 21.000
27.000 27.000 17.000
29.000 36.000 31.000
22.000 39.000 29.000
