86.000 63.000 79.000
12.000 50.000 31.000
26.000 23.000 18.000
16.000 24.000 28.000
24.000 21.000 22.000
20.000 18.000 14.000
18.000 13.000 18.000
24.000 15.000 11.000
9.000 14.000 13.000
11.000 9.000 12.000
13.000 12.000 12.000
13.000 10.000 18.000
18.000 14.000 17.000
13.000 15.000 16.000
15.000 19.000 14.000
15.000 14.000 7.000
10.000 16.000 18.000
9.000 17.000 12.000
12.000 9.000 5.000
7.000 2.000 9.000
5.000 10.000 4.000
8.000 4.000 5.000
10.000 4.000 10.000
9.000 6.000 4.000
4.000 5.000 9.000
13.000 8.000 2.000
6.000 13.000 7.000
7.000 9.000 9.000
7.000 12.000 6.000
8.000 3.000 6.000
15.000 12.000 17.000
4.000 2.000 10.000
6.000 10.000 10.000
5.000 8.000 6.000
5.000 3.000 11.000
6.000 3.000 7.000
7.000 3.000 4.000
2.000 4.000 10.000
7.000 6.000 9.000
7.000 1.000 12.000
3.000 5.000 4.000
2.000 4.000 6.000
6.000 6.000 5.000
5.000 5.000 7.000
2.000 5.000 7.000
10.000 6.000 3.000
10.000 6.000 2.000
6.000 9.000 4.000
6.000 6.000 3.000
4.000 3.000 6.000
7.000 6.000 7.000
3.000 7.000 13.000
18.000 6.000 14.000
21.000 11.000 27.000
21.000 18.000 25.000
38.000 33.000 25.000
39.000 48.000 40.000
36.000 45.000 34.000
