97.000 95.000 79.000
7.000 27.000 18.000
24.000 20.000 9.000
11.000 27.000 21.000
14.000 15.000 25.000
17.000 16.000 13.000
8.000 18.000 17.000
17.000 18.000 21.000
8.000 15.000 14.000
15.000 14.000 11.000
10.000 10.000 10.000
9.000 9.000 13.000
11.000 7.000 13.000
5.000 14.000 14.000
10.000 6.000 6.000
18.000 14.000 7.000
8.000 8.000 6.000
15.000 7.000 10.000
10.000 6.000 4.000
7.000 11.000 8.000
6.000 6.000 2.000
11.000 10.000 6.000
7.000 15.000 6.000
15.000 9.000 5.000
9.000 3.000 7.000
17.000 14.000 8.000
13.000 10.000 15.000
12.000 7.000 17.000
14.000 11.000 15.000
7.000 12.000 12.000
8.000 12.000 15.000
16.000 7.000 11.000
13.000 7.000 5.000
10.000 5.000 12.000
10.000 5.000 10.000
11.000 9.000 16.000
9.000 2.000 12.000
10.000 7.000 8.000
10.000 3.000 10.000
14.000 8.000 17.000
9.000 8.000 6.000
18.000 5.000 5.000
14.000 11.000 14.000
19.000 8.000 7.000
13.000 9.000 10.000
15.000 12.000 8.000
19.000 9.000 5.000
12.000 8.000 8.000
17.000 11.000 8.000
13.000 7.000 7.000
15.000 12.000 7.000
14.000 20.000 7.000
13.000 21.000 12.000
18.000 24.000 13.000
17.000 29.000 15.000
15.000 39.000 31.000
14.000 39.000 20.000
11.000 39.000 29.000
