103.000 74.000 71.000
17.000 40.000 30.000
26.000 24.000 25.000
16.000 23.000 26.000
18.000 28.000 29.000
14.000 19.000 18.000
19.000 24.000 25.000
23.000 27.000 20.000
21.000 15.000 14.000
14.000 17.000 14.000
21.000 18.000 10.000
14.000 7.000 19.000
8.000 21.000 23.000
20.000 16.000 22.000
16.000 16.000 20.000
11.000 24.000 11.000
7.000 10.000 11.000
7.000 11.000 14.000
9.000 4.000 4.000
7.000 5.000 9.000
12.000 4.000 4.000
7.000 5.000 2.000
11.000 5.000 2.000
9.000 6.000 7.000
3.000 9.000 10.000
7.000 9.000 6.000
8.000 4.000 5.000
5.000 6.000 3.000
2.000 2.000 7.000
4.000 7.000 5.000
5.000 5.000 5.000
5.000 1.000 3.000
3.000 4.000 8.000
5.000 1.000 3.000
2.000 1.000 1.000
4.000 0.000 2.000
6.000 1.000 4.000
10.000 1.000 2.000
3.000 1.000 3.000
6.000 1.000 1.000
0.000 2.000 1.000
2.000 1.000 2.000
6.000 1.000 2.000
3.000 0.000 2.000
2.000 2.000 1.000
0.000 2.000 0.000
9.000 0.000 0.000
11.000 2.000 1.000
3.000 0.000 2.000
6.000 8.000 3.000
3.000 5.000 4.000
12.000 5.000 4.000
19.000 15.000 11.000
34.000 12.000 12.000
16.000 15.000 20.000
26.000 31.000 26.000
44.000 57.000 55.000
30.000 65.000 80.000
