90.000 69.000 88.000
15.000 35.000 24.000
26.000 37.000 19.000
25.000 21.000 23.000
23.000 24.000 27.000
21.000 19.000 12.000
17.000 19.000 15.000
22.000 21.000 17.000
15.000 15.000 17.000
10.000 12.000 16.000
12.000 19.000 21.000
11.000 9.000 18.000
17.000 14.000 18.000
17.000 20.000 14.000
23.000 18.000 15.000
9.000 21.000 14.000
11.000 11.000 10.000
13.000 8.000 9.000
11.000 12.000 7.000
7.000 8.000 6.000
7.000 7.000 6.000
4.000 5.000 5.000
5.000 6.000 3.000
8.000 2.000 7.000
11.000 11.000 8.000
6.000 8.000 4.000
9.000 14.000 9.000
6.000 8.000 8.000
11.000 11.000 14.000
7.000 6.000 6.000
6.000 5.000 11.000
7.000 5.000 5.000
9.000 2.000 6.000
2.000 2.000 9.000
4.000 4.000 5.000
5.000 3.000 8.000
9.000 2.000 7.000
2.000 7.000 5.000
4.000 2.000 6.000
5.000 1.000 2.000
5.000 5.000 3.000
2.000 3.000 9.000
4.000 2.000 3.000
5.000 3.000 4.000
2.000 2.000 6.000
5.000 4.000 0.000
6.000 2.000 6.000
4.000 8.000 4.000
9.000 7.000 4.000
8.000 4.000 6.000
6.000 6.000 4.000
13.000 5.000 7.000
17.000 9.000 4.000
16.000 14.000 14.000
25.000 20.000 17.000
31.000 39.000 34.000
51.000 39.000 32.000
34.000 73.000 49.000
