108.000 67.000 105.000
9.000 15.000 16.000
18.000 14.000 11.000
11.000 26.000 22.000
22.000 23.000 12.000
12.000 20.000 12.000
11.000 18.000 19.000
11.000 19.000 17.000
15.000 11.000 15.000
15.000 10.000 16.000
8.000 10.000 14.000
18.000 13.000 9.000
10.000 10.000 13.000
6.000 14.000 7.000
9.000 10.000 6.000
9.000 18.000 4.000
11.000 8.000 11.000
2.000 8.000 5.000
14.000 10.000 9.000
10.000 14.000 4.000
7.000 13.000 10.000
7.000 10.000 9.000
9.000 10.000 6.000
9.000 9.000 6.000
13.000 4.000 8.000
11.000 12.000 13.000
16.000 9.000 9.000
7.000 8.000 11.000
11.000 13.000 15.000
11.000 10.000 11.000
8.000 10.000 11.000
16.000 8.000 18.000
12.000 7.000 16.000
13.000 6.000 10.000
13.000 10.000 22.000
17.000 2.000 13.000
13.000 10.000 17.000
6.000 7.000 19.000
13.000 2.000 10.000
6.000 7.000 19.000
17.000 10.000 14.000
8.000 5.000 12.000
17.000 13.000 9.000
14.000 9.000 14.000
13.000 9.000 10.000
10.000 13.000 8.000
19.000 21.000 6.000
11.000 14.000 13.000
17.000 16.000 10.000
14.000 14.000 13.000
13.000 11.000 10.000
20.000 13.000 19.000
16.000 14.000 21.000
15.000 15.000 17.000
24.000 24.000 12.000
15.000 27.000 24.000
22.000 22.000 18.000
9.000 33.000 19.000
