96.000 68.000 62.000
8.000 17.000 13.000
9.000 11.000 8.000
15.000 13.000 8.000
9.000 17.000 15.000
20.000 9.000 3.000
14.000 11.000 14.000
10.000 14.000 12.000
12.000 23.000 9.000
14.000 17.000 12.000
12.000 16.000 16.000
13.000 15.000 11.000
19.000 19.000 14.000
13.000 14.000 13.000
23.000 14.000 12.000
12.000 12.000 15.000
13.000 11.000 14.000
14.000 12.000 6.000
17.000 12.000 6.000
8.000 23.000 7.000
10.000 15.000 13.000
10.000 12.000 13.000
19.000 7.000 12.000
10.000 17.000 11.000
10.000 14.000 11.000
18.000 17.000 12.000
18.000 12.000 21.000
14.000 7.000 13.000
10.000 10.000 20.000
14.000 3.000 20.000
13.000 9.000 19.000
14.000 10.000 20.000
18.000 11.000 27.000
15.000 3.000 16.000
14.000 4.000 17.000
14.000 8.000 19.000
10.000 7.000 22.000
12.000 5.000 27.000
14.000 7.000 17.000
29.000 10.000 13.000
14.000 15.000 16.000
18.000 16.000 17.000
17.000 16.000 13.000
19.000 15.000 19.000
11.000 12.000 11.000
17.000 12.000 12.000
18.000 15.000 9.000
12.000 18.000 10.000
13.000 21.000 10.000
12.000 21.000 14.000
14.000 20.000 10.000
14.000 22.000 15.000
6.000 24.000 14.000
11.000 16.000 9.000
10.000 28.000 9.000
10.000 22.000 14.000
8.000 11.000 11.000
11.000 23.000 10.000
