76.000 65.000 81.000
6.000 17.000 13.000
13.000 18.000 6.000
6.000 16.000 15.000
13.000 15.000 9.000
8.000 19.000 12.000
14.000 14.000 11.000
14.000 19.000 9.000
18.000 15.000 12.000
16.000 35.000 8.000
10.000 24.000 8.000
20.000 19.000 11.000
15.000 14.000 7.000
17.000 18.000 19.000
19.000 15.000 10.000
17.000 12.000 9.000
24.000 14.000 8.000
9.000 21.000 10.000
11.000 12.000 17.000
18.000 16.000 14.000
14.000 15.000 12.000
19.000 19.000 8.000
11.000 13.000 10.000
15.000 11.000 13.000
14.000 10.000 11.000
11.000 11.000 11.000
13.000 8.000 12.000
12.000 4.000 15.000
12.000 8.000 18.000
15.000 12.000 14.000
10.000 7.000 16.000
17.000 11.000 22.000
13.000 4.000 14.000
12.000 5.000 16.000
18.000 2.000 15.000
10.000 5.000 16.000
10.000 8.000 21.000
17.000 5.000 24.000
13.000 8.000 18.000
12.000 12.000 19.000
14.000 12.000 16.000
8.000 12.000 17.000
15.000 14.000 17.000
5.000 21.000 14.000
13.000 17.000 14.000
11.000 18.000 10.000
21.000 13.000 14.000
18.000 16.000 18.000
15.000 20.000 8.000
7.000 22.000 11.000
18.000 18.000 16.000
13.000 19.000 12.000
10.000 14.000 13.000
15.000 14.000 12.000
13.000 18.000 15.000
16.000 14.000 9.000
5.000 21.000 12.000
9.000 18.000 10.000
