90.000 78.000 146.000
8.000 37.000 31.000
28.000 25.000 20.000
20.000 30.000 22.000
39.000 20.000 15.000
14.000 21.000 19.000
16.000 18.000 17.000
24.000 20.000 18.000
9.000 22.000 19.000
13.000 13.000 11.000
20.000 15.000 19.000
16.000 13.000 14.000
16.000 13.000 10.000
14.000 18.000 12.000
10.000 18.000 8.000
16.000 13.000 10.000
4.000 15.000 8.000
9.000 4.000 12.000
12.000 11.000 12.000
5.000 9.000 11.000
12.000 7.000 11.000
7.000 7.000 7.000
11.000 4.000 7.000
8.000 7.000 7.000
14.000 3.000 9.000
12.000 14.000 9.000
5.000 7.000 10.000
10.000 8.000 12.000
9.000 4.000 12.000
7.000 8.000 15.000
8.000 9.000 10.000
7.000 5.000 13.000
7.000 7.000 10.000
7.000 5.000 8.000
11.000 3.000 8.000
6.000 1.000 8.000
10.000 3.000 7.000
9.000 2.000 3.000
4.000 4.000 4.000
5.000 7.000 10.000
7.000 10.000 7.000
7.000 8.000 4.000
7.000 1.000 10.000
7.000 7.000 3.000
9.000 10.000 0.000
6.000 14.000 1.000
14.000 9.000 6.000
15.000 10.000 4.000
4.000 9.000 6.000
8.000 10.000 5.000
13.000 6.000 9.000
11.000 8.000 8.000
14.000 4.000 15.000
10.000 10.000 14.000
17.000 14.000 23.000
20.000 20.000 29.000
26.000 34.000 31.000
20.000 44.000 23.000
