103.000 85.000 88.000
16.000 36.000 32.000
20.000 25.000 13.000
22.000 28.000 28.000
26.000 28.000 28.000
19.000 22.000 19.000
15.000 21.000 23.000
19.000 15.000 16.000
10.000 13.000 10.000
16.000 17.000 16.000
11.000 13.000 13.000
11.000 8.000 13.000
14.000 13.000 15.000
14.000 20.000 17.000
10.000 7.000 9.000
6.000 10.000 13.000
8.000 7.000 9.000
9.000 6.000 12.000
11.000 14.000 9.000
8.000 10.000 10.000
6.000 9.000 3.000
10.000 10.000 7.000
14.000 6.000 4.000
11.000 8.000 2.000
16.000 9.000 8.000
9.000 7.000 7.000
8.000 10.000 10.000
12.000 12.000 11.000
14.000 18.000 5.000
9.000 15.000 15.000
11.000 13.000 18.000
8.000 13.000 18.000
4.000 4.000 6.000
5.000 5.000 14.000
7.000 1.000 7.000
7.000 1.000 11.000
7.000 5.000 4.000
6.000 0.000 9.000
5.000 4.000 5.000
9.000 3.000 8.000
5.000 4.000 5.000
6.000 3.000 6.000
8.000 5.000 4.000
2.000 2.000 4.000
10.000 7.000 3.000
9.000 8.000 3.000
7.000 3.000 3.000
11.000 4.000 6.000
10.000 4.000 1.000
9.000 3.000 6.000
8.000 6.000 4.000
8.000 6.000 12.000
14.000 13.000 9.000
21.000 13.000 21.000
18.000 24.000 16.000
26.000 31.000 26.000
25.000 55.000 34.000
23.000 53.000 47.000
