110.000 78.000 78.000
10.000 21.000 23.000
13.000 31.000 9.000
9.000 17.000 16.000
16.000 21.000 14.000
20.000 20.000 9.000
13.000 14.000 13.000
15.000 12.000 22.000
17.000 15.000 23.000
11.000 15.000 11.000
8.000 9.000 13.000
16.000 11.000 9.000
12.000 10.000 18.000
9.000 13.000 14.000
10.000 7.000 15.000
5.000 13.000 10.000
13.000 13.000 7.000
3.000 10.000 6.000
10.000 12.000 5.000
12.000 9.000 12.000
11.000 9.000 6.000
10.000 12.000 6.000
11.000 8.000 6.000
8.000 13.000 8.000
17.000 8.000 6.000
7.000 10.000 10.000
15.000 7.000 12.000
9.000 9.000 15.000
9.000 17.000 16.000
8.000 9.000 11.000
13.000 11.000 12.000
14.000 9.000 8.000
12.000 8.000 19.000
11.000 5.000 18.000
19.000 5.000 12.000
16.000 8.000 12.000
10.000 13.000 14.000
14.000 3.000 12.000
8.000 7.000 11.000
22.000 7.000 15.000
13.000 3.000 11.000
17.000 8.000 19.000
14.000 7.000 5.000
9.000 12.000 10.000
15.000 16.000 5.000
14.000 16.000 11.000
12.000 10.000 13.000
9.000 4.000 15.000
15.000 10.000 7.000
13.000 15.000 16.000
10.000 15.000 14.000
17.000 21.000 20.000
13.000 14.000 17.000
18.000 18.000 26.000
18.000 28.000 18.000
18.000 34.000 34.000
17.000 23.000 17.000
12.000 35.000 24.000
