64.000 67.000 66.000
10.000 10.000 17.000
17.000 24.000 11.000
6.000 27.000 16.000
14.000 20.000 17.000
19.000 16.000 13.000
16.000 17.000 13.000
11.000 13.000 14.000
10.000 9.000 15.000
20.000 13.000 15.000
13.000 11.000 10.000
18.000 11.000 13.000
14.000 11.000 14.000
12.000 17.000 18.000
13.000 18.000 15.000
10.000 13.000 7.000
10.000 12.000 9.000
8.000 12.000 11.000
10.000 14.000 4.000
12.000 9.000 17.000
11.000 13.000 16.000
18.000 7.000 3.000
5.000 14.000 9.000
14.000 8.000 10.000
9.000 13.000 11.000
8.000 9.000 12.000
7.000 9.000 7.000
9.000 11.000 13.000
10.000 10.000 15.000
13.000 6.000 12.000
10.000 5.000 8.000
14.000 7.000 21.000
8.000 3.000 17.000
8.000 7.000 8.000
5.000 1.000 20.000
9.000 2.000 14.000
6.000 5.000 19.000
8.000 3.000 13.000
8.000 5.000 17.000
12.000 5.000 10.000
9.000 7.000 12.000
13.000 8.000 4.000
13.000 11.000 11.000
13.000 6.000 10.000
7.000 13.000 4.000
18.000 14.000 9.000
17.000 16.000 5.000
4.000 11.000 6.000
15.000 10.000 9.000
21.000 18.000 14.000
14.000 16.000 10.000
21.000 14.000 17.000
22.000 14.000 12.000
36.000 14.000 16.000
19.000 27.000 18.000
26.000 42.000 17.000
20.000 32.000 22.000
24.000 26.000 18.000
