97.000 109.000 87.000
8.000 24.000 27.000
21.000 27.000 22.000
17.000 22.000 23.000
24.000 17.000 41.000
18.000 27.000 19.000
13.000 20.000 21.000
18.000 23.000 19.000
19.000 24.000 20.000
17.000 14.000 16.000
17.000 17.000 17.000
14.000 18.000 21.000
14.000 18.000 13.000
13.000 14.000 17.000
14.000 17.000 8.000
9.000 11.000 15.000
19.000 20.000 14.000
5.000 11.000 8.000
15.000 9.000 11.000
8.000 11.000 10.000
12.000 4.000 13.000
12.000 11.000 11.000
14.000 8.000 6.000
11.000 7.000 15.000
10.000 14.000 11.000
10.000 5.000 11.000
19.000 14.000 10.000
16.000 6.000 6.000
10.000 9.000 15.000
8.000 7.000 15.000
11.000 5.000 11.000
10.000 5.000 13.000
12.000 8.000 15.000
16.000 7.000 13.000
5.000 7.000 9.000
15.000 5.000 7.000
13.000 3.000 14.000
8.000 7.000 12.000
9.000 11.000 9.000
6.000 6.000 10.000
10.000 5.000 8.000
6.000 6.000 11.000
10.000 7.000 9.000
5.000 10.000 7.000
8.000 7.000 7.000
17.000 7.000 6.000
9.000 19.000 7.000
14.000 9.000 7.000
13.000 14.000 9.000
8.000 13.000 9.000
19.000 9.000 9.000
12.000 13.000 10.000
12.000 13.000 12.000
10.000 11.000 16.000
15.000 17.000 15.000
14.000 24.000 10.000
12.000 32.000 13.000
17.000 25.000 19.000
