43.000 124.000 71.000
4.000 11.000 16.000
10.000 16.000 12.000
6.000 13.000 14.000
12.000 14.000 10.000
14.000 14.000 10.000
7.000 11.000 19.000
13.000 11.000 18.000
8.000 14.000 13.000
14.000 15.000 5.000
10.000 17.000 9.000
9.000 6.000 12.000
7.000 20.000 19.000
8.000 15.000 14.000
16.000 18.000 9.000
12.000 6.000 10.000
10.000 15.000 9.000
13.000 13.000 12.000
19.000 13.000 13.000
12.000 11.000 16.000
11.000 15.000 8.000
17.000 5.000 12.000
12.000 7.000 7.000
11.000 10.000 12.000
17.000 6.000 16.000
13.000 5.000 15.000
13.000 7.000 14.000
15.000 6.000 6.000
11.000 8.000 12.000
20.000 1.000 11.000
14.000 7.000 11.000
11.000 2.000 22.000
8.000 9.000 16.000
11.000 3.000 18.000
15.000 7.000 13.000
16.000 7.000 13.000
16.000 4.000 18.000
12.000 9.000 18.000
11.000 3.000 14.000
18.000 4.000 15.000
16.000 5.000 8.000
16.000 6.000 9.000
21.000 13.000 14.000
21.000 13.000 11.000
16.000 3.000 12.000
14.000 12.000 9.000
13.000 10.000 9.000
14.000 18.000 13.000
18.000 17.000 12.000
16.000 23.000 12.000
13.000 13.000 13.000
25.000 25.000 19.000
15.000 16.000 17.000
12.000 16.000 12.000
13.000 14.000 17.000
16.000 25.000 26.000
17.000 30.000 18.000
8.000 30.000 18.000
