65.000 54.000 46.000
9.000 13.000 12.000
10.000 6.000 9.000
2.000 16.000 14.000
12.000 14.000 6.000
12.000 12.000 10.000
8.000 9.000 8.000
14.000 12.000 12.000
5.000 14.000 8.000
10.000 13.000 8.000
14.000 11.000 8.000
10.000 6.000 11.000
8.000 7.000 5.000
8.000 6.000 3.000
12.000 20.000 11.000
8.000 12.000 8.000
10.000 11.000 7.000
7.000 11.000 5.000
8.000 14.000 11.000
10.000 15.000 4.000
6.000 17.000 7.000
13.000 11.000 13.000
12.000 10.000 8.000
12.000 18.000 12.000
9.000 13.000 11.000
12.000 13.000 14.000
17.000 6.000 8.000
4.000 13.000 13.000
18.000 6.000 14.000
12.000 7.000 19.000
20.000 4.000 18.000
11.000 2.000 16.000
8.000 4.000 14.000
16.000 8.000 20.000
13.000 10.000 19.000
18.000 8.000 24.000
15.000 7.000 22.000
13.000 6.000 15.000
19.000 6.000 16.000
18.000 10.000 11.000
20.000 8.000 13.000
8.000 11.000 12.000
15.000 8.000 13.000
17.000 20.000 11.000
18.000 22.000 15.000
15.000 14.000 11.000
15.000 13.000 15.000
15.000 21.000 8.000
28.000 22.000 21.000
22.000 23.000 13.000
16.000 12.000 5.000
16.000 17.000 19.000
16.000 20.000 15.000
26.000 22.000 15.000
14.000 24.000 17.000
20.000 30.000 21.000
11.000 27.000 13.000
12.000 34.000 28.000
