71.000 53.000 81.000
11.000 23.000 25.000
23.000 18.000 22.000
11.000 18.000 22.000
14.000 21.000 19.000
14.000 21.000 10.000
19.000 11.000 18.000
19.000 23.000 22.000
14.000 15.000 14.000
19.000 15.000 9.000
13.000 15.000 12.000
15.000 9.000 13.000
13.000 19.000 8.000
12.000 8.000 18.000
8.000 12.000 12.000
8.000 12.000 10.000
8.000 14.000 9.000
10.000 15.000 7.000
13.000 9.000 7.000
9.000 5.000 9.000
17.000 11.000 8.000
7.000 4.000 7.000
5.000 7.000 6.000
5.000 5.000 9.000
5.000 15.000 4.000
14.000 9.000 7.000
8.000 9.000 10.000
7.000 9.000 4.000
7.000 4.000 6.000
6.000 6.000 7.000
15.000 3.000 12.000
4.000 1.000 12.000
1.000 2.000 11.000
4.000 6.000 9.000
7.000 3.000 9.000
7.000 2.000 5.000
3.000 4.000 7.000
2.000 2.000 4.000
7.000 3.000 6.000
10.000 2.000 6.000
5.000 3.000 5.000
5.000 5.000 7.000
12.000 4.000 4.000
9.000 7.000 8.000
8.000 8.000 3.000
10.000 7.000 1.000
3.000 9.000 7.000
7.000 6.000 8.000
11.000 7.000 10.000
13.000 13.000 6.000
20.000 8.000 14.000
5.000 9.000 12.000
14.000 7.000 13.000
25.000 15.000 25.000
34.000 22.000 18.000
39.000 26.000 32.000
43.000 52.000 26.000
30.000 54.000 41.000
