81.000 74.000 77.000
8.000 34.000 15.000
21.000 19.000 13.000
10.000 17.000 22.000
14.000 12.000 23.000
16.000 15.000 11.000
9.000 12.000 12.000
18.000 16.000 17.000
9.000 4.000 18.000
16.000 10.000 11.000
16.000 10.000 13.000
7.000 18.000 19.000
9.000 18.000 8.000
10.000 11.000 15.000
11.000 19.000 11.000
11.000 22.000 10.000
11.000 19.000 12.000
11.000 9.000 4.000
10.000 15.000 9.000
8.000 9.000 11.000
14.000 10.000 8.000
10.000 7.000 6.000
13.000 5.000 5.000
7.000 9.000 6.000
9.000 14.000 8.000
14.000 14.000 11.000
13.000 9.000 8.000
8.000 10.000 9.000
13.000 8.000 14.000
10.000 8.000 16.000
13.000 15.000 12.000
11.000 12.000 15.000
19.000 15.000 11.000
15.000 4.000 14.000
16.000 4.000 16.000
12.000 6.000 16.000
4.000 6.000 14.000
8.000 6.000 16.000
17.000 12.000 18.000
9.000 8.000 13.000
15.000 14.000 11.000
13.000 10.000 12.000
14.000 15.000 6.000
20.000 20.000 7.000
12.000 8.000 9.000
9.000 7.000 14.000
10.000 9.000 13.000
10.000 7.000 9.000
17.000 10.000 6.000
13.000 9.000 13.000
8.000 8.000 11.000
13.000 12.000 12.000
11.000 13.000 10.000
14.000 23.000 14.000
22.000 25.000 26.000
18.000 26.000 20.000
18.000 33.000 29.000
16.000 24.000 23.000
