86.000 49.000 79.000
4.000 30.000 25.000
9.000 18.000 16.000
10.000 12.000 12.000
13.000 21.000 15.000
15.000 18.000 15.000
7.000 14.000 15.000
14.000 17.000 14.000
7.000 9.000 9.000
15.000 12.000 11.000
7.000 17.000 8.000
16.000 9.000 10.000
11.000 9.000 10.000
10.000 12.000 11.000
10.000 14.000 9.000
8.000 10.000 6.000
12.000 7.000 10.000
11.000 5.000 8.000
15.000 14.000 4.000
6.000 9.000 8.000
10.000 6.000 7.000
11.000 11.000 8.000
5.000 8.000 2.000
17.000 11.000 11.000
7.000 5.000 6.000
13.000 6.000 2.000
12.000 6.000 8.000
11.000 8.000 6.000
8.000 5.000 10.000
8.000 11.000 11.000
10.000 10.000 8.000
10.000 6.000 15.000
10.000 5.000 16.000
6.000 6.000 14.000
8.000 6.000 13.000
9.000 3.000 15.000
11.000 1.000 12.000
5.000 3.000 10.000
14.000 4.000 14.000
11.000 5.000 7.000
16.000 4.000 7.000
11.000 2.000 9.000
24.000 10.000 4.000
17.000 7.000 8.000
13.000 5.000 13.000
16.000 8.000 14.000
6.000 17.000 10.000
14.000 15.000 7.000
15.000 29.000 15.000
15.000 18.000 11.000
15.000 12.000 10.000
13.000 12.000 19.000
22.000 18.000 30.000
22.000 27.000 18.000
25.000 31.000 25.000
14.000 24.000 33.000
19.000 54.000 33.000
26.000 37.000 34.000
