72.000 52.000 76.000
11.000 17.000 17.000
13.000 17.000 6.000
12.000 16.000 12.000
10.000 12.000 14.000
10.000 27.000 13.000
11.000 16.000 17.000
7.000 13.000 7.000
8.000 13.000 11.000
12.000 7.000 8.000
12.000 14.000 12.000
16.000 11.000 9.000
9.000 11.000 14.000
13.000 13.000 18.000
8.000 17.000 11.000
10.000 12.000 11.000
16.000 17.000 6.000
13.000 16.000 7.000
9.000 11.000 12.000
17.000 15.000 7.000
13.000 9.000 11.000
15.000 9.000 11.000
10.000 9.000 5.000
12.000 11.000 6.000
5.000 7.000 14.000
10.000 10.000 12.000
10.000 12.000 12.000
4.000 9.000 12.000
12.000 12.000 8.000
15.000 8.000 10.000
10.000 8.000 11.000
8.000 3.000 16.000
16.000 8.000 9.000
8.000 4.000 16.000
13.000 7.000 11.000
10.000 2.000 12.000
7.000 3.000 15.000
3.000 4.000 16.000
6.000 2.000 5.000
11.000 4.000 10.000
13.000 3.000 9.000
12.000 8.000 12.000
10.000 10.000 12.000
6.000 3.000 5.000
7.000 7.000 11.000
13.000 7.000 6.000
13.000 12.000 5.000
10.000 14.000 10.000
20.000 15.000 10.000
30.000 15.000 5.000
14.000 17.000 16.000
15.000 21.000 17.000
24.000 9.000 15.000
24.000 19.000 19.000
15.000 25.000 21.000
21.000 35.000 28.000
23.000 35.000 30.000
22.000 39.000 27.000
