66.000 60.000 95.000
8.000 24.000 25.000
15.000 18.000 16.000
7.000 23.000 14.000
16.000 19.000 19.000
18.000 12.000 16.000
13.000 19.000 15.000
11.000 11.000 16.000
6.000 16.000 19.000
14.000 6.000 9.000
7.000 15.000 7.000
10.000 18.000 8.000
24.000 29.000 7.000
16.000 19.000 14.000
12.000 15.000 14.000
12.000 21.000 11.000
14.000 18.000 14.000
11.000 14.000 16.000
23.000 18.000 3.000
12.000 13.000 11.000
5.000 10.000 11.000
10.000 12.000 7.000
18.000 13.000 13.000
5.000 13.000 7.000
10.000 14.000 9.000
8.000 10.000 14.000
17.000 12.000 13.000
14.000 8.000 14.000
11.000 7.000 15.000
17.000 4.000 15.000
12.000 9.000 18.000
13.000 2.000 13.000
7.000 6.000 15.000
12.000 3.000 15.000
14.000 5.000 17.000
16.000 5.000 13.000
9.000 10.000 14.000
16.000 8.000 23.000
15.000 12.000 12.000
12.000 10.000 12.000
16.000 17.000 14.000
10.000 14.000 9.000
19.000 12.000 9.000
11.000 4.000 8.000
7.000 9.000 8.000
5.000 9.000 6.000
14.000 15.000 11.000
7.000 18.000 11.000
16.000 7.000 11.000
17.000 12.000 8.000
19.000 14.000 11.000
18.000 21.000 12.000
20.000 14.000 16.000
17.000 11.000 14.000
12.000 27.000 9.000
20.000 24.000 14.000
12.000 26.000 19.000
14.000 28.000 14.000
