65.000 46.000 62.000
3.000 8.000 9.000
10.000 10.000 9.000
7.000 13.000 9.000
10.000 13.000 14.000
3.000 11.000 8.000
8.000 5.000 14.000
6.000 11.000 13.000
14.000 10.000 9.000
8.000 21.000 11.000
3.000 18.000 9.000
11.000 7.000 11.000
5.000 20.000 7.000
16.000 10.000 17.000
9.000 14.000 12.000
8.000 7.000 15.000
14.000 11.000 19.000
8.000 15.000 15.000
10.000 9.000 15.000
5.000 10.000 11.000
15.000 10.000 17.000
6.000 8.000 14.000
10.000 13.000 29.000
9.000 7.000 12.000
15.000 14.000 14.000
13.000 5.000 14.000
7.000 10.000 13.000
8.000 9.000 18.000
13.000 5.000 16.000
11.000 2.000 12.000
13.000 6.000 14.000
18.000 6.000 18.000
12.000 2.000 21.000
13.000 3.000 24.000
11.000 4.000 22.000
12.000 4.000 16.000
13.000 8.000 16.000
16.000 3.000 21.000
8.000 5.000 19.000
19.000 6.000 9.000
18.000 9.000 18.000
8.000 14.000 15.000
10.000 15.000 14.000
19.000 20.000 12.000
19.000 17.000 18.000
12.000 19.000 14.000
11.000 19.000 17.000
18.000 25.000 16.000
16.000 20.000 19.000
18.000 22.000 13.000
19.000 22.000 15.000
24.000 29.000 16.000
23.000 23.000 15.000
26.000 25.000 14.000
18.000 32.000 11.000
24.000 21.000 12.000
13.000 28.000 8.000
20.000 20.000 15.000
