99.000 74.000 77.000
7.000 27.000 24.000
19.000 29.000 10.000
15.000 31.000 21.000
17.000 23.000 24.000
17.000 17.000 25.000
21.000 19.000 18.000
19.000 19.000 19.000
9.000 15.000 18.000
18.000 11.000 14.000
18.000 6.000 17.000
13.000 17.000 10.000
22.000 13.000 11.000
11.000 12.000 21.000
12.000 10.000 16.000
17.000 18.000 12.000
13.000 14.000 9.000
8.000 16.000 11.000
11.000 7.000 3.000
11.000 10.000 11.000
9.000 7.000 7.000
11.000 7.000 6.000
7.000 7.000 5.000
7.000 10.000 5.000
7.000 10.000 8.000
6.000 9.000 7.000
12.000 12.000 10.000
12.000 9.000 9.000
5.000 13.000 14.000
11.000 9.000 14.000
7.000 13.000 10.000
6.000 6.000 7.000
6.000 5.000 9.000
7.000 5.000 7.000
6.000 4.000 12.000
9.000 1.000 5.000
4.000 1.000 13.000
7.000 2.000 5.000
9.000 3.000 7.000
7.000 5.000 8.000
8.000 0.000 8.000
6.000 3.000 3.000
10.000 7.000 12.000
9.000 4.000 3.000
7.000 7.000 2.000
6.000 3.000 1.000
11.000 12.000 7.000
11.000 11.000 10.000
14.000 9.000 9.000
11.000 11.000 10.000
15.000 8.000 7.000
15.000 13.000 11.000
16.000 14.000 15.000
22.000 15.000 23.000
30.000 25.000 24.000
27.000 20.000 36.000
23.000 41.000 34.000
25.000 41.000 45.000
