77.000 50.000 66.000
11.000 31.000 20.000
16.000 30.000 17.000
14.000 17.000 19.000
15.000 16.000 24.000
9.000 15.000 12.000
9.000 19.000 15.000
10.000 15.000 16.000
20.000 9.000 18.000
7.000 12.000 8.000
12.000 10.000 8.000
6.000 15.000 15.000
15.000 15.000 8.000
10.000 11.000 16.000
13.000 13.000 16.000
10.000 19.000 14.000
14.000 12.000 11.000
13.000 9.000 10.000
12.000 8.000 6.000
10.000 18.000 5.000
9.000 6.000 9.000
11.000 6.000 10.000
12.000 5.000 3.000
8.000 7.000 9.000
8.000 5.000 4.000
9.000 5.000 16.000
7.000 5.000 6.000
4.000 8.000 3.000
7.000 10.000 6.000
13.000 4.000 11.000
5.000 12.000 12.000
9.000 7.000 9.000
6.000 6.000 5.000
3.000 1.000 3.000
9.000 1.000 12.000
2.000 2.000 9.000
7.000 2.000 6.000
7.000 3.000 7.000
2.000 2.000 5.000
8.000 5.000 10.000
10.000 7.000 7.000
10.000 6.000 7.000
9.000 5.000 2.000
17.000 2.000 1.000
12.000 5.000 7.000
7.000 4.000 3.000
14.000 8.000 6.000
7.000 8.000 5.000
16.000 7.000 1.000
9.000 9.000 3.000
10.000 14.000 11.000
20.000 5.000 16.000
13.000 8.000 19.000
14.000 16.000 25.000
25.000 26.000 23.000
23.000 38.000 31.000
29.000 60.000 47.000
37.000 65.000 43.000
