65.000 30.000 86.000
10.000 14.000 6.000
7.000 15.000 7.000
14.000 11.000 7.000
11.000 21.000 12.000
15.000 16.000 12.000
10.000 12.000 7.000
8.000 16.000 14.000
8.000 10.000 12.000
15.000 14.000 7.000
7.000 10.000 10.000
8.000 4.000 11.000
6.000 12.000 5.000
13.000 12.000 6.000
5.000 11.000 9.000
6.000 8.000 6.000
9.000 10.000 8.000
7.000 9.000 8.000
11.000 10.000 7.000
8.000 10.000 10.000
7.000 4.000 11.000
8.000 12.000 14.000
8.000 13.000 11.000
10.000 9.000 17.000
10.000 10.000 18.000
10.000 8.000 20.000
17.000 13.000 8.000
17.000 12.000 16.000
21.000 10.000 16.000
20.000 11.000 20.000
13.000 6.000 9.000
14.000 12.000 21.000
21.000 6.000 18.000
14.000 7.000 22.000
10.000 6.000 17.000
12.000 3.000 11.000
15.000 3.000 5.000
9.000 3.000 16.000
13.000 5.000 12.000
13.000 10.000 18.000
18.000 8.000 14.000
18.000 8.000 9.000
15.000 18.000 16.000
8.000 10.000 19.000
15.000 8.000 14.000
14.000 16.000 10.000
20.000 21.000 17.000
15.000 20.000 10.000
18.000 19.000 11.000
18.000 26.000 7.000
8.000 14.000 14.000
18.000 18.000 16.000
18.000 28.000 8.000
13.000 26.000 22.000
17.000 30.000 11.000
19.000 30.000 24.000
20.000 26.000 25.000
20.000 24.000 23.000
