109.000 54.000 43.000
8.000 23.000 16.000
22.000 14.000 13.000
12.000 10.000 21.000
16.000 16.000 15.000
16.000 16.000 15.000
11.000 15.000 14.000
9.000 12.000 13.000
10.000 9.000 11.000
17.000 13.000 13.000
16.000 9.000 12.000
15.000 10.000 13.000
10.000 16.000 9.000
8.000 13.000 6.000
8.000 9.000 8.000
5.000 7.000 8.000
9.000 8.000 6.000
8.000 10.000 11.000
8.000 8.000 5.000
8.000 5.000 7.000
6.000 7.000 5.000
8.000 5.000 3.000
10.000 7.000 4.000
5.000 8.000 6.000
6.000 6.000 11.000
7.000 6.000 11.000
8.000 3.000 10.000
3.000 3.000 5.000
8.000 1.000 8.000
4.000 4.000 10.000
7.000 2.000 8.000
6.000 2.000 10.000
1.000 2.000 13.000
7.000 2.000 10.000
5.000 2.000 8.000
11.000 2.000 13.000
3.000 1.000 9.000
4.000 3.000 9.000
6.000 2.000 5.000
9.000 3.000 11.000
10.000 7.000 2.000
9.000 10.000 2.000
6.000 5.000 9.000
8.000 6.000 8.000
12.000 6.000 6.000
9.000 6.000 6.000
13.000 9.000 10.000
7.000 6.000 7.000
15.000 8.000 12.000
14.000 9.000 11.000
24.000 19.000 13.000
16.000 14.000 19.000
27.000 23.000 27.000
29.000 29.000 22.000
32.000 30.000 26.000
41.000 41.000 30.000
30.000 35.000 45.000
31.000 55.000 35.000
