77.000 74.000 97.000
10.000 13.000 21.000
21.000 27.000 9.000
11.000 22.000 20.000
23.000 29.000 21.000
15.000 18.000 17.000
7.000 18.000 18.000
25.000 14.000 13.000
9.000 19.000 17.000
13.000 12.000 15.000
15.000 13.000 14.000
14.000 18.000 10.000
15.000 12.000 14.000
10.000 8.000 13.000
12.000 9.000 9.000
14.000 15.000 5.000
8.000 12.000 14.000
12.000 11.000 6.000
7.000 10.000 9.000
6.000 3.000 4.000
12.000 15.000 9.000
5.000 9.000 8.000
10.000 6.000 6.000
9.000 2.000 5.000
11.000 5.000 5.000
10.000 6.000 9.000
6.000 7.000 12.000
8.000 10.000 7.000
8.000 12.000 9.000
8.000 7.000 14.000
9.000 10.000 13.000
14.000 3.000 12.000
7.000 4.000 13.000
13.000 1.000 5.000
10.000 5.000 15.000
15.000 5.000 13.000
10.000 4.000 10.000
7.000 2.000 9.000
8.000 6.000 9.000
5.000 14.000 5.000
10.000 6.000 9.000
8.000 6.000 12.000
7.000 8.000 1.000
7.000 2.000 5.000
5.000 8.000 6.000
14.000 15.000 4.000
16.000 11.000 7.000
14.000 5.000 5.000
15.000 4.000 5.000
15.000 9.000 11.000
9.000 10.000 14.000
16.000 13.000 14.000
18.000 22.000 12.000
22.000 20.000 25.000
19.000 23.000 26.000
19.000 36.000 33.000
27.000 24.000 36.000
23.000 37.000 29.000
