93.000 78.000 81.000
18.000 39.000 35.000
35.000 36.000 24.000
23.000 18.000 15.000
25.000 22.000 30.000
23.000 21.000 23.000
13.000 26.000 23.000
18.000 28.000 20.000
21.000 16.000 21.000
14.000 18.000 14.000
9.000 9.000 12.000
13.000 7.000 13.000
8.000 5.000 10.000
12.000 6.000 7.000
9.000 14.000 7.000
9.000 9.000 9.000
5.000 5.000 6.000
6.000 7.000 6.000
3.000 4.000 2.000
6.000 1.000 5.000
3.000 3.000 5.000
1.000 6.000 3.000
2.000 4.000 4.000
4.000 6.000 1.000
8.000 6.000 5.000
8.000 3.000 2.000
5.000 6.000 3.000
3.000 5.000 10.000
5.000 9.000 7.000
11.000 6.000 9.000
8.000 5.000 9.000
6.000 4.000 4.000
8.000 1.000 3.000
2.000 1.000 4.000
3.000 1.000 5.000
0.000 0.000 5.000
7.000 2.000 3.000
0.000 0.000 5.000
0.000 2.000 2.000
3.000 2.000 2.000
3.000 3.000 2.000
2.000 3.000 2.000
4.000 2.000 6.000
1.000 3.000 3.000
2.000 3.000 2.000
6.000 4.000 0.000
5.000 2.000 3.000
4.000 2.000 2.000
8.000 1.000 0.000
7.000 2.000 5.000
8.000 2.000 6.000
15.000 5.000 11.000
13.000 12.000 11.000
15.000 14.000 12.000
34.000 23.000 22.000
44.000 39.000 46.000
40.000 42.000 46.000
47.000 79.000 50.000
