96.000 58.000 88.000
16.000 36.000 24.000
19.000 27.000 13.000
17.000 19.000 16.000
24.000 21.000 25.000
24.000 19.000 15.000
11.000 15.000 21.000
20.000 16.000 24.000
14.000 13.000 16.000
13.000 16.000 9.000
10.000 12.000 13.000
14.000 4.000 10.000
10.000 15.000 8.000
10.000 9.000 7.000
6.000 13.000 9.000
5.000 14.000 5.000
8.000 13.000 6.000
4.000 10.000 14.000
7.000 3.000 5.000
9.000 8.000 8.000
7.000 6.000 6.000
15.000 3.000 6.000
6.000 5.000 6.000
7.000 6.000 8.000
5.000 9.000 3.000
7.000 5.000 5.000
8.000 4.000 8.000
6.000 9.000 8.000
8.000 13.000 10.000
6.000 9.000 7.000
6.000 7.000 14.000
7.000 6.000 7.000
5.000 8.000 9.000
8.000 5.000 3.000
10.000 1.000 9.000
4.000 2.000 14.000
9.000 2.000 8.000
3.000 5.000 8.000
5.000 4.000 6.000
6.000 3.000 10.000
5.000 4.000 8.000
6.000 2.000 7.000
6.000 12.000 5.000
6.000 3.000 3.000
8.000 6.000 0.000
5.000 10.000 5.000
12.000 5.000 8.000
9.000 8.000 5.000
12.000 7.000 6.000
13.000 7.000 7.000
4.000 12.000 9.000
18.000 9.000 12.000
15.000 5.000 23.000
31.000 16.000 21.000
24.000 16.000 33.000
25.000 27.000 34.000
32.000 54.000 39.000
39.000 57.000 41.000
