92.000 104.000 96.000
25.000 39.000 32.000
32.000 37.000 24.000
21.000 30.000 30.000
25.000 32.000 34.000
16.000 20.000 24.000
10.000 11.000 21.000
19.000 16.000 19.000
16.000 16.000 13.000
20.000 17.000 13.000
5.000 8.000 12.000
14.000 8.000 9.000
11.000 11.000 9.000
11.000 9.000 8.000
9.000 8.000 12.000
13.000 18.000 14.000
11.000 12.000 10.000
10.000 8.000 8.000
9.000 4.000 6.000
9.000 4.000 5.000
3.000 1.000 0.000
5.000 3.000 5.000
3.000 5.000 2.000
5.000 3.000 5.000
5.000 4.000 3.000
8.000 5.000 4.000
10.000 6.000 7.000
7.000 7.000 3.000
4.000 2.000 6.000
7.000 7.000 7.000
7.000 5.000 8.000
2.000 5.000 5.000
7.000 1.000 5.000
4.000 2.000 4.000
4.000 3.000 2.000
4.000 1.000 2.000
3.000 1.000 5.000
3.000 2.000 3.000
4.000 1.000 4.000
3.000 0.000 2.000
2.000 3.000 0.000
3.000 4.000 3.000
2.000 0.000 2.000
2.000 1.000 1.000
8.000 5.000 1.000
3.000 0.000 1.000
2.000 0.000 0.000
6.000 3.000 3.000
3.000 0.000 0.000
7.000 1.000 4.000
4.000 6.000 0.000
6.000 9.000 3.000
7.000 12.000 10.000
8.000 10.000 13.000
17.000 24.000 18.000
35.000 34.000 32.000
37.000 48.000 52.000
54.000 73.000 71.000
