85.000 65.000 83.000
12.000 42.000 21.000
35.000 31.000 10.000
13.000 19.000 18.000
22.000 17.000 21.000
18.000 19.000 20.000
16.000 19.000 19.000
16.000 17.000 20.000
14.000 11.000 15.000
13.000 5.000 12.000
6.000 8.000 10.000
16.000 16.000 9.000
17.000 11.000 14.000
16.000 17.000 19.000
9.000 16.000 19.000
8.000 22.000 15.000
21.000 20.000 6.000
16.000 14.000 14.000
11.000 5.000 5.000
11.000 6.000 7.000
6.000 5.000 6.000
6.000 6.000 7.000
6.000 7.000 5.000
3.000 7.000 7.000
11.000 6.000 10.000
10.000 13.000 9.000
7.000 9.000 8.000
10.000 10.000 10.000
12.000 11.000 11.000
6.000 13.000 10.000
6.000 8.000 12.000
11.000 4.000 6.000
4.000 3.000 5.000
3.000 5.000 3.000
4.000 2.000 7.000
3.000 0.000 2.000
6.000 1.000 10.000
4.000 2.000 2.000
2.000 5.000 8.000
4.000 1.000 3.000
1.000 5.000 3.000
2.000 1.000 8.000
7.000 3.000 1.000
6.000 1.000 5.000
3.000 3.000 4.000
4.000 3.000 7.000
3.000 8.000 7.000
4.000 5.000 2.000
5.000 2.000 1.000
3.000 2.000 8.000
3.000 4.000 1.000
7.000 4.000 2.000
8.000 9.000 6.000
14.000 11.000 14.000
32.000 15.000 15.000
31.000 37.000 35.000
55.000 54.000 46.000
63.000 67.000 55.000
