66.000 60.000 82.000
5.000 17.000 14.000
16.000 19.000 13.000
10.000 17.000 11.000
21.000 19.000 14.000
10.000 18.000 13.000
12.000 11.000 15.000
8.000 23.000 13.000
7.000 17.000 8.000
10.000 14.000 13.000
7.000 13.000 14.000
9.000 9.000 12.000
14.000 14.000 13.000
13.000 13.000 14.000
13.000 11.000 5.000
14.000 17.000 3.000
6.000 18.000 6.000
12.000 15.000 10.000
10.000 19.000 7.000
11.000 12.000 12.000
19.000 17.000 5.000
10.000 6.000 9.000
14.000 17.000 8.000
20.000 13.000 13.000
9.000 19.000 15.000
13.000 8.000 11.000
8.000 18.000 18.000
19.000 9.000 21.000
12.000 10.000 16.000
19.000 5.000 25.000
19.000 10.000 15.000
14.000 3.000 26.000
14.000 2.000 19.000
17.000 5.000 29.000
8.000 10.000 18.000
16.000 9.000 26.000
20.000 3.000 17.000
13.000 6.000 22.000
14.000 11.000 12.000
17.000 15.000 9.000
18.000 11.000 14.000
8.000 18.000 15.000
13.000 15.000 16.000
18.000 9.000 9.000
19.000 14.000 17.000
15.000 17.000 11.000
26.000 15.000 11.000
15.000 25.000 8.000
24.000 15.000 12.000
12.000 14.000 12.000
15.000 13.000 10.000
19.000 16.000 18.000
16.000 22.000 17.000
11.000 25.000 11.000
15.000 28.000 14.000
16.000 20.000 16.000
15.000 16.000 13.000
12.000 10.000 9.000
