91.000 58.000 86.000
19.000 42.000 32.000
24.000 42.000 17.000
20.000 27.000 24.000
39.000 13.000 23.000
23.000 21.000 21.000
17.000 27.000 19.000
14.000 20.000 12.000
15.000 12.000 23.000
16.000 15.000 17.000
9.000 13.000 16.000
12.000 9.000 15.000
20.000 13.000 24.000
9.000 22.000 12.000
13.000 23.000 24.000
28.000 15.000 22.000
7.000 14.000 8.000
10.000 10.000 7.000
10.000 8.000 3.000
13.000 9.000 6.000
4.000 4.000 3.000
7.000 5.000 5.000
8.000 6.000 2.000
8.000 8.000 5.000
11.000 6.000 7.000
5.000 7.000 11.000
11.000 9.000 8.000
10.000 18.000 11.000
8.000 10.000 4.000
6.000 16.000 16.000
9.000 3.000 10.000
7.000 9.000 5.000
7.000 3.000 8.000
3.000 3.000 7.000
4.000 2.000 2.000
5.000 3.000 4.000
2.000 2.000 6.000
3.000 3.000 7.000
5.000 0.000 6.000
3.000 4.000 4.000
4.000 2.000 4.000
5.000 3.000 7.000
6.000 2.000 5.000
1.000 6.000 1.000
3.000 3.000 5.000
4.000 5.000 1.000
6.000 4.000 2.000
10.000 4.000 1.000
2.000 4.000 2.000
5.000 3.000 4.000
8.000 1.000 1.000
10.000 5.000 9.000
13.000 8.000 9.000
22.000 12.000 10.000
23.000 10.000 17.000
40.000 29.000 29.000
32.000 39.000 44.000
30.000 50.000 58.000
