50.000 52.000 54.000
7.000 5.000 7.000
9.000 12.000 10.000
10.000 15.000 10.000
11.000 6.000 10.000
15.000 10.000 12.000
11.000 14.000 12.000
9.000 11.000 6.000
7.000 12.000 12.000
6.000 13.000 14.000
10.000 14.000 14.000
11.000 15.000 13.000
11.000 13.000 11.000
13.000 22.000 7.000
14.000 11.000 10.000
18.000 12.000 11.000
4.000 17.000 8.000
14.000 21.000 5.000
10.000 14.000 4.000
11.000 23.000 12.000
8.000 12.000 9.000
15.000 20.000 10.000
9.000 11.000 12.000
11.000 13.000 16.000
13.000 12.000 13.000
19.000 11.000 11.000
9.000 6.000 9.000
9.000 15.000 10.000
17.000 9.000 11.000
12.000 14.000 17.000
11.000 10.000 20.000
12.000 8.000 20.000
15.000 7.000 16.000
21.000 10.000 20.000
11.000 5.000 10.000
17.000 11.000 23.000
22.000 5.000 18.000
15.000 5.000 13.000
16.000 9.000 21.000
21.000 6.000 16.000
21.000 8.000 14.000
20.000 14.000 16.000
15.000 16.000 15.000
19.000 19.000 12.000
16.000 22.000 17.000
17.000 14.000 11.000
12.000 25.000 21.000
16.000 13.000 20.000
12.000 22.000 13.000
20.000 19.000 9.000
15.000 14.000 9.000
18.000 21.000 11.000
13.000 15.000 11.000
10.000 30.000 19.000
22.000 30.000 10.000
14.000 31.000 16.000
12.000 17.000 7.000
13.000 17.000 20.000
