40.000 61.000 82.000
6.000 10.000 13.000
15.000 25.000 12.000
5.000 15.000 15.000
12.000 18.000 23.000
16.000 14.000 11.000
8.000 18.000 18.000
9.000 14.000 11.000
5.000 10.000 11.000
7.000 15.000 6.000
9.000 11.000 19.000
6.000 18.000 12.000
9.000 21.000 10.000
5.000 11.000 10.000
12.000 13.000 12.000
9.000 17.000 8.000
10.000 15.000 7.000
9.000 12.000 5.000
8.000 6.000 13.000
12.000 6.000 5.000
11.000 15.000 11.000
13.000 11.000 12.000
7.000 10.000 11.000
9.000 15.000 13.000
11.000 11.000 10.000
13.000 13.000 13.000
8.000 15.000 8.000
10.000 5.000 10.000
6.000 4.000 19.000
4.000 6.000 16.000
14.000 13.000 10.000
9.000 9.000 18.000
9.000 2.000 11.000
7.000 4.000 16.000
9.000 6.000 16.000
4.000 2.000 16.000
9.000 3.000 9.000
11.000 7.000 16.000
7.000 11.000 18.000
8.000 7.000 13.000
9.000 11.000 12.000
14.000 12.000 10.000
12.000 9.000 7.000
16.000 12.000 4.000
12.000 16.000 10.000
15.000 9.000 7.000
12.000 12.000 8.000
20.000 8.000 13.000
10.000 12.000 12.000
17.000 10.000 10.000
23.000 17.000 4.000
25.000 15.000 12.000
26.000 26.000 18.000
22.000 16.000 18.000
21.000 31.000 19.000
26.000 34.000 22.000
19.000 28.000 20.000
16.000 36.000 31.000
