66.000 59.000 80.000
7.000 25.000 21.000
24.000 32.000 14.000
13.000 10.000 16.000
22.000 14.000 15.000
16.000 14.000 14.000
14.000 13.000 14.000
10.000 15.000 11.000
10.000 13.000 16.000
12.000 6.000 12.000
7.000 13.000 15.000
9.000 10.000 14.000
12.000 4.000 7.000
7.000 11.000 8.000
11.000 15.000 7.000
8.000 11.000 7.000
9.000 9.000 1.000
16.000 12.000 6.000
9.000 11.000 8.000
8.000 9.000 4.000
6.000 12.000 5.000
8.000 3.000 6.000
1.000 5.000 7.000
7.000 7.000 2.000
8.000 9.000 11.000
9.000 5.000 10.000
10.000 7.000 12.000
5.000 5.000 9.000
7.000 10.000 13.000
8.000 5.000 15.000
4.000 4.000 15.000
13.000 5.000 11.000
14.000 5.000 17.000
11.000 5.000 12.000
9.000 4.000 8.000
9.000 2.000 11.000
11.000 3.000 15.000
6.000 3.000 8.000
8.000 10.000 7.000
11.000 8.000 8.000
9.000 10.000 10.000
9.000 10.000 7.000
16.000 6.000 11.000
10.000 9.000 10.000
10.000 4.000 12.000
18.000 14.000 5.000
17.000 15.000 5.000
12.000 16.000 10.000
20.000 13.000 13.000
16.000 15.000 12.000
20.000 9.000 14.000
15.000 19.000 13.000
20.000 14.000 20.000
20.000 29.000 14.000
20.000 26.000 25.000
18.000 27.000 26.000
26.000 43.000 21.000
32.000 42.000 32.000
