96.000 75.000 85.000
15.000 37.000 38.000
30.000 29.000 24.000
23.000 28.000 38.000
25.000 25.000 22.000
18.000 21.000 19.000
22.000 19.000 22.000
26.000 24.000 22.000
26.000 19.000 19.000
16.000 11.000 18.000
15.000 18.000 13.000
19.000 15.000 16.000
5.000 20.000 19.000
18.000 20.000 17.000
21.000 14.000 17.000
10.000 22.000 18.000
18.000 18.000 9.000
14.000 10.000 9.000
4.000 12.000 7.000
9.000 6.000 5.000
6.000 2.000 7.000
7.000 2.000 5.000
5.000 5.000 6.000
7.000 4.000 5.000
9.000 11.000 7.000
3.000 8.000 9.000
7.000 10.000 6.000
8.000 4.000 5.000
3.000 9.000 12.000
8.000 3.000 5.000
5.000 4.000 5.000
2.000 2.000 4.000
2.000 3.000 6.000
4.000 3.000 0.000
7.000 4.000 3.000
3.000 2.000 3.000
1.000 0.000 5.000
3.000 1.000 5.000
3.000 0.000 2.000
3.000 2.000 1.000
4.000 2.000 3.000
3.000 4.000 3.000
2.000 0.000 5.000
1.000 1.000 2.000
2.000 8.000 1.000
0.000 5.000 4.000
6.000 1.000 3.000
2.000 2.000 2.000
6.000 4.000 2.000
9.000 2.000 2.000
5.000 4.000 5.000
8.000 3.000 4.000
7.000 2.000 9.000
7.000 10.000 7.000
20.000 13.000 22.000
19.000 32.000 23.000
43.000 44.000 42.000
49.000 60.000 68.000
