93.000 42.000 67.000
9.000 10.000 14.000
7.000 16.000 9.000
9.000 18.000 14.000
10.000 17.000 9.000
9.000 19.000 9.000
9.000 14.000 8.000
11.000 10.000 14.000
9.000 11.000 10.000
5.000 13.000 8.000
10.000 10.000 10.000
14.000 10.000 7.000
5.000 11.000 8.000
6.000 12.000 10.000
8.000 11.000 6.000
12.000 19.000 5.000
5.000 8.000 2.000
12.000 11.000 10.000
3.000 16.000 8.000
13.000 12.000 5.000
9.000 14.000 9.000
13.000 11.000 9.000
19.000 10.000 15.000
13.000 7.000 11.000
16.000 6.000 6.000
16.000 14.000 11.000
19.000 10.000 16.000
15.000 10.000 15.000
16.000 12.000 15.000
20.000 10.000 22.000
13.000 11.000 21.000
17.000 8.000 13.000
9.000 5.000 26.000
30.000 9.000 17.000
14.000 5.000 24.000
19.000 8.000 21.000
21.000 5.000 21.000
17.000 7.000 12.000
17.000 9.000 16.000
19.000 15.000 19.000
10.000 12.000 15.000
12.000 13.000 17.000
19.000 16.000 11.000
9.000 12.000 10.000
17.000 12.000 8.000
12.000 12.000 12.000
17.000 12.000 16.000
22.000 22.000 16.000
16.000 14.000 19.000
17.000 15.000 15.000
2.000 21.000 15.000
20.000 25.000 18.000
14.000 30.000 12.000
16.000 24.000 12.000
17.000 22.000 25.000
14.000 19.000 25.000
12.000 20.000 9.000
13.000 16.000 18.000
