128.000 139.000 104.000
18.000 46.000 44.000
42.000 26.000 14.000
16.000 40.000 26.000
27.000 15.000 32.000
19.000 21.000 15.000
21.000 18.000 26.000
15.000 18.000 28.000
14.000 12.000 16.000
14.000 7.000 10.000
17.000 10.000 13.000
12.000 15.000 18.000
15.000 12.000 19.000
18.000 24.000 12.000
16.000 16.000 10.000
12.000 16.000 18.000
13.000 12.000 14.000
10.000 8.000 6.000
11.000 12.000 8.000
3.000 11.000 2.000
11.000 3.000 3.000
4.000 5.000 4.000
7.000 5.000 6.000
5.000 5.000 9.000
13.000 7.000 10.000
3.000 5.000 4.000
10.000 6.000 8.000
15.000 7.000 12.000
9.000 14.000 12.000
8.000 9.000 12.000
7.000 6.000 16.000
5.000 5.000 6.000
11.000 4.000 6.000
3.000 6.000 10.000
7.000 0.000 4.000
7.000 2.000 10.000
3.000 2.000 8.000
4.000 5.000 3.000
3.000 5.000 2.000
4.000 3.000 6.000
3.000 3.000 3.000
4.000 5.000 5.000
6.000 0.000 4.000
4.000 7.000 5.000
5.000 6.000 5.000
3.000 3.000 9.000
5.000 6.000 3.000
9.000 3.000 9.000
10.000 5.000 3.000
8.000 4.000 5.000
7.000 5.000 7.000
13.000 10.000 4.000
8.000 9.000 14.000
13.000 11.000 10.000
23.000 22.000 17.000
25.000 31.000 20.000
18.000 37.000 24.000
28.000 41.000 42.000
