95.000 66.000 97.000
7.000 23.000 23.000
15.000 25.000 19.000
16.000 21.000 12.000
28.000 21.000 13.000
10.000 16.000 9.000
19.000 11.000 10.000
13.000 18.000 13.000
19.000 11.000 14.000
9.000 10.000 12.000
5.000 10.000 13.000
15.000 10.000 15.000
8.000 13.000 5.000
8.000 15.000 14.000
9.000 14.000 7.000
8.000 14.000 6.000
10.000 9.000 9.000
9.000 15.000 2.000
11.000 11.000 6.000
9.000 8.000 8.000
10.000 9.000 7.000
9.000 7.000 8.000
4.000 11.000 13.000
7.000 9.000 10.000
11.000 7.000 11.000
12.000 7.000 12.000
12.000 6.000 8.000
8.000 11.000 9.000
10.000 6.000 12.000
11.000 8.000 15.000
9.000 9.000 15.000
10.000 10.000 15.000
15.000 6.000 11.000
4.000 3.000 16.000
5.000 6.000 11.000
13.000 2.000 15.000
11.000 7.000 12.000
13.000 8.000 15.000
10.000 5.000 11.000
14.000 8.000 16.000
7.000 12.000 14.000
13.000 12.000 8.000
8.000 11.000 7.000
13.000 17.000 9.000
14.000 13.000 12.000
9.000 14.000 14.000
13.000 19.000 9.000
13.000 16.000 15.000
10.000 14.000 12.000
11.000 13.000 12.000
14.000 14.000 14.000
15.000 17.000 13.000
17.000 17.000 13.000
25.000 20.000 15.000
22.000 25.000 14.000
13.000 23.000 14.000
28.000 43.000 16.000
19.000 36.000 19.000
