82.000 83.000 77.000
17.000 35.000 39.000
43.000 41.000 28.000
23.000 17.000 24.000
27.000 17.000 24.000
13.000 22.000 18.000
25.000 17.000 22.000
18.000 12.000 17.000
18.000 25.000 19.000
11.000 13.000 14.000
13.000 16.000 9.000
22.000 13.000 12.000
15.000 12.000 19.000
22.000 17.000 15.000
15.000 25.000 32.000
16.000 21.000 15.000
13.000 19.000 20.000
11.000 15.000 11.000
10.000 9.000 10.000
13.000 4.000 5.000
8.000 3.000 7.000
6.000 4.000 3.000
5.000 2.000 3.000
7.000 7.000 5.000
10.000 4.000 2.000
9.000 7.000 4.000
9.000 12.000 11.000
3.000 9.000 11.000
8.000 10.000 14.000
6.000 17.000 8.000
10.000 5.000 13.000
4.000 8.000 7.000
6.000 4.000 4.000
5.000 1.000 2.000
5.000 0.000 2.000
2.000 1.000 2.000
0.000 0.000 3.000
3.000 2.000 2.000
2.000 1.000 2.000
0.000 2.000 1.000
1.000 1.000 3.000
2.000 1.000 2.000
0.000 3.000 0.000
1.000 1.000 0.000
3.000 3.000 1.000
0.000 0.000 1.000
3.000 3.000 3.000
4.000 1.000 0.000
3.000 2.000 1.000
8.000 2.000 2.000
6.000 1.000 3.000
10.000 0.000 3.000
10.000 5.000 4.000
20.000 6.000 12.000
24.000 24.000 22.000
27.000 29.000 28.000
39.000 50.000 50.000
50.000 62.000 59.000
