106.000 56.000 76.000
7.000 30.000 24.000
19.000 25.000 15.000
11.000 22.000 20.000
21.000 24.000 31.000
15.000 16.000 18.000
16.000 15.000 17.000
16.000 13.000 16.000
15.000 21.000 16.000
12.000 16.000 8.000
9.000 8.000 8.000
8.000 10.000 13.000
14.000 14.000 12.000
8.000 20.000 16.000
13.000 13.000 14.000
24.000 16.000 8.000
12.000 17.000 11.000
12.000 14.000 17.000
13.000 7.000 9.000
4.000 5.000 6.000
5.000 7.000 7.000
7.000 8.000 2.000
9.000 2.000 4.000
12.000 5.000 9.000
7.000 9.000 6.000
3.000 6.000 6.000
6.000 6.000 8.000
7.000 6.000 7.000
6.000 8.000 8.000
2.000 4.000 6.000
7.000 6.000 7.000
5.000 5.000 4.000
8.000 6.000 6.000
5.000 6.000 8.000
4.000 3.000 8.000
9.000 4.000 5.000
8.000 5.000 5.000
9.000 3.000 4.000
9.000 2.000 4.000
6.000 3.000 6.000
4.000 1.000 9.000
5.000 6.000 8.000
8.000 0.000 6.000
10.000 4.000 3.000
6.000 5.000 6.000
12.000 3.000 6.000
18.000 5.000 2.000
9.000 9.000 6.000
15.000 8.000 7.000
16.000 11.000 10.000
14.000 7.000 9.000
18.000 11.000 11.000
26.000 16.000 10.000
27.000 18.000 22.000
36.000 25.000 20.000
30.000 33.000 29.000
31.000 52.000 31.000
26.000 67.000 40.000
