99.000 69.000 65.000
18.000 42.000 41.000
24.000 33.000 29.000
27.000 22.000 29.000
25.000 17.000 15.000
18.000 24.000 22.000
15.000 19.000 20.000
16.000 16.000 23.000
11.000 17.000 17.000
5.000 14.000 7.000
15.000 2.000 5.000
5.000 7.000 4.000
12.000 9.000 10.000
8.000 6.000 6.000
6.000 14.000 14.000
5.000 5.000 9.000
7.000 10.000 3.000
7.000 4.000 7.000
3.000 6.000 8.000
7.000 7.000 5.000
4.000 2.000 2.000
2.000 3.000 6.000
3.000 4.000 2.000
8.000 3.000 3.000
8.000 4.000 3.000
7.000 7.000 6.000
5.000 8.000 11.000
6.000 12.000 10.000
2.000 9.000 6.000
7.000 7.000 6.000
11.000 5.000 9.000
6.000 5.000 2.000
2.000 3.000 3.000
5.000 2.000 6.000
1.000 2.000 5.000
5.000 0.000 1.000
2.000 1.000 5.000
0.000 1.000 5.000
5.000 3.000 5.000
5.000 3.000 3.000
2.000 2.000 3.000
6.000 0.000 1.000
3.000 4.000 2.000
1.000 2.000 2.000
5.000 4.000 3.000
5.000 4.000 1.000
4.000 2.000 2.000
5.000 3.000 0.000
4.000 1.000 0.000
1.000 2.000 1.000
5.000 2.000 6.000
7.000 3.000 6.000
9.000 4.000 9.000
19.000 14.000 19.000
41.000 19.000 16.000
30.000 37.000 43.000
54.000 71.000 75.000
56.000 68.000 67.000
