84.000 78.000 60.000
8.000 24.000 15.000
20.000 24.000 16.000
9.000 17.000 16.000
12.000 15.000 11.000
15.000 14.000 11.000
10.000 9.000 10.000
15.000 9.000 14.000
8.000 16.000 8.000
13.000 11.000 8.000
10.000 18.000 15.000
14.000 18.000 25.000
18.000 19.000 19.000
17.000 13.000 17.000
10.000 21.000 20.000
15.000 13.000 23.000
22.000 20.000 15.000
10.000 22.000 11.000
18.000 9.000 9.000
5.000 11.000 6.000
8.000 6.000 11.000
6.000 12.000 9.000
17.000 6.000 12.000
10.000 5.000 9.000
9.000 6.000 10.000
12.000 9.000 10.000
14.000 7.000 7.000
8.000 6.000 11.000
9.000 8.000 9.000
9.000 8.000 5.000
8.000 8.000 7.000
9.000 5.000 11.000
5.000 5.000 7.000
12.000 1.000 13.000
5.000 3.000 2.000
6.000 5.000 14.000
7.000 3.000 6.000
9.000 1.000 8.000
11.000 4.000 11.000
8.000 5.000 9.000
12.000 4.000 4.000
20.000 6.000 8.000
11.000 4.000 5.000
8.000 5.000 4.000
9.000 5.000 6.000
7.000 3.000 8.000
15.000 5.000 7.000
14.000 9.000 4.000
16.000 9.000 4.000
19.000 8.000 6.000
14.000 13.000 10.000
18.000 12.000 14.000
23.000 20.000 18.000
22.000 22.000 17.000
17.000 22.000 27.000
31.000 40.000 29.000
22.000 45.000 33.000
25.000 51.000 43.000
