74.000 53.000 79.000
12.000 24.000 18.000
14.000 25.000 12.000
9.000 18.000 19.000
12.000 19.000 20.000
24.000 17.000 12.000
13.000 10.000 12.000
11.000 16.000 13.000
9.000 17.000 12.000
8.000 8.000 19.000
17.000 17.000 13.000
9.000 14.000 12.000
17.000 20.000 13.000
14.000 15.000 16.000
15.000 13.000 16.000
10.000 19.000 12.000
15.000 18.000 15.000
18.000 18.000 16.000
14.000 18.000 12.000
8.000 15.000 6.000
8.000 7.000 6.000
9.000 3.000 7.000
4.000 8.000 6.000
10.000 11.000 6.000
9.000 7.000 4.000
7.000 10.000 7.000
7.000 4.000 11.000
10.000 6.000 12.000
10.000 10.000 8.000
16.000 8.000 10.000
6.000 5.000 12.000
10.000 9.000 8.000
11.000 6.000 4.000
10.000 1.000 16.000
11.000 1.000 16.000
6.000 7.000 15.000
9.000 4.000 9.000
6.000 5.000 12.000
9.000 6.000 10.000
20.000 6.000 9.000
8.000 5.000 12.000
11.000 6.000 7.000
12.000 9.000 10.000
11.000 11.000 12.000
13.000 11.000 8.000
9.000 12.000 7.000
15.000 10.000 7.000
15.000 18.000 11.000
11.000 9.000 11.000
16.000 13.000 11.000
14.000 11.000 16.000
16.000 11.000 16.000
18.000 17.000 22.000
14.000 19.000 25.000
15.000 22.000 20.000
21.000 25.000 24.000
30.000 30.000 20.000
17.000 45.000 31.000
