58.000 39.000 116.000
12.000 15.000 15.000
18.000 15.000 8.000
5.000 21.000 10.000
9.000 16.000 6.000
5.000 15.000 15.000
16.000 13.000 13.000
6.000 17.000 9.000
15.000 12.000 9.000
11.000 9.000 11.000
10.000 19.000 8.000
10.000 11.000 11.000
9.000 16.000 8.000
13.000 9.000 4.000
12.000 12.000 13.000
11.000 20.000 8.000
11.000 14.000 13.000
13.000 15.000 13.000
10.000 17.000 5.000
14.000 15.000 13.000
17.000 5.000 11.000
9.000 9.000 15.000
11.000 11.000 17.000
12.000 11.000 14.000
12.000 11.000 18.000
8.000 8.000 11.000
13.000 8.000 12.000
7.000 8.000 15.000
5.000 6.000 17.000
7.000 4.000 15.000
13.000 5.000 13.000
8.000 2.000 14.000
10.000 9.000 18.000
11.000 2.000 19.000
11.000 5.000 16.000
11.000 8.000 20.000
13.000 4.000 21.000
16.000 6.000 11.000
9.000 2.000 21.000
12.000 7.000 14.000
16.000 5.000 13.000
10.000 14.000 18.000
20.000 12.000 10.000
10.000 21.000 11.000
15.000 17.000 14.000
16.000 20.000 14.000
15.000 28.000 12.000
20.000 22.000 12.000
22.000 19.000 10.000
20.000 19.000 18.000
18.000 14.000 18.000
20.000 23.000 12.000
17.000 21.000 17.000
22.000 19.000 17.000
20.000 17.000 9.000
11.000 22.000 18.000
22.000 23.000 8.000
14.000 24.000 19.000
