94.000 64.000 74.000
7.000 33.000 21.000
23.000 23.000 18.000
8.000 28.000 22.000
15.000 25.000 20.000
23.000 24.000 19.000
13.000 13.000 19.000
21.000 10.000 22.000
14.000 15.000 16.000
15.000 19.000 12.000
13.000 9.000 21.000
13.000 9.000 12.000
9.000 15.000 15.000
9.000 17.000 19.000
13.000 15.000 6.000
11.000 19.000 9.000
14.000 14.000 17.000
15.000 12.000 10.000
3.000 19.000 9.000
9.000 13.000 9.000
8.000 7.000 8.000
12.000 6.000 5.000
7.000 7.000 6.000
7.000 9.000 9.000
10.000 11.000 11.000
17.000 6.000 6.000
5.000 4.000 5.000
1.000 8.000 6.000
17.000 7.000 9.000
10.000 10.000 8.000
9.000 7.000 11.000
14.000 4.000 17.000
4.000 2.000 12.000
11.000 4.000 10.000
8.000 2.000 9.000
11.000 3.000 6.000
14.000 1.000 4.000
7.000 3.000 12.000
11.000 7.000 8.000
7.000 5.000 8.000
11.000 4.000 9.000
10.000 3.000 4.000
15.000 13.000 10.000
7.000 8.000 10.000
9.000 9.000 5.000
11.000 7.000 10.000
19.000 5.000 3.000
16.000 12.000 8.000
12.000 8.000 5.000
15.000 8.000 5.000
14.000 8.000 8.000
15.000 13.000 10.000
15.000 19.000 17.000
19.000 17.000 16.000
20.000 25.000 21.000
24.000 33.000 33.000
14.000 57.000 21.000
22.000 46.000 29.000
