78.000 71.000 79.000
12.000 39.000 20.000
20.000 23.000 15.000
19.000 21.000 24.000
23.000 22.000 25.000
22.000 8.000 10.000
11.000 10.000 10.000
16.000 18.000 15.000
7.000 14.000 18.000
11.000 8.000 11.000
13.000 13.000 10.000
15.000 11.000 10.000
13.000 15.000 14.000
11.000 10.000 9.000
16.000 11.000 12.000
9.000 10.000 13.000
8.000 19.000 13.000
8.000 7.000 7.000
7.000 9.000 11.000
7.000 3.000 8.000
10.000 9.000 3.000
7.000 2.000 4.000
9.000 6.000 4.000
9.000 9.000 5.000
10.000 8.000 7.000
6.000 8.000 4.000
5.000 9.000 8.000
8.000 9.000 7.000
8.000 14.000 8.000
11.000 9.000 9.000
5.000 3.000 12.000
6.000 7.000 9.000
7.000 4.000 10.000
8.000 5.000 9.000
5.000 3.000 13.000
6.000 3.000 9.000
7.000 1.000 7.000
5.000 0.000 13.000
3.000 4.000 10.000
10.000 6.000 9.000
5.000 5.000 9.000
5.000 7.000 7.000
9.000 2.000 4.000
6.000 8.000 4.000
5.000 6.000 4.000
5.000 2.000 3.000
7.000 12.000 5.000
6.000 10.000 6.000
5.000 8.000 7.000
14.000 3.000 9.000
9.000 7.000 12.000
8.000 4.000 12.000
15.000 12.000 16.000
21.000 7.000 15.000
23.000 15.000 31.000
30.000 25.000 35.000
38.000 46.000 34.000
41.000 67.000 54.000
