61.000 44.000 51.000
9.000 9.000 10.000
8.000 14.000 5.000
14.000 21.000 8.000
12.000 15.000 11.000
14.000 17.000 6.000
5.000 8.000 14.000
14.000 13.000 10.000
10.000 13.000 9.000
12.000 12.000 5.000
11.000 12.000 7.000
9.000 20.000 5.000
11.000 18.000 5.000
14.000 14.000 10.000
15.000 19.000 14.000
11.000 16.000 15.000
18.000 22.000 13.000
7.000 22.000 17.000
10.000 14.000 12.000
9.000 15.000 10.000
24.000 18.000 16.000
17.000 20.000 12.000
18.000 12.000 8.000
14.000 15.000 16.000
9.000 15.000 12.000
13.000 5.000 9.000
18.000 13.000 28.000
17.000 8.000 27.000
15.000 8.000 17.000
19.000 7.000 15.000
17.000 4.000 25.000
23.000 9.000 21.000
14.000 9.000 19.000
22.000 3.000 22.000
16.000 7.000 15.000
13.000 7.000 16.000
16.000 4.000 16.000
18.000 11.000 19.000
15.000 9.000 16.000
15.000 5.000 26.000
22.000 16.000 16.000
10.000 9.000 20.000
16.000 10.000 18.000
16.000 15.000 13.000
17.000 24.000 15.000
17.000 16.000 11.000
11.000 25.000 10.000
21.000 13.000 10.000
10.000 26.000 20.000
16.000 22.000 10.000
22.000 16.000 12.000
12.000 17.000 7.000
10.000 19.000 12.000
14.000 16.000 16.000
6.000 17.000 19.000
7.000 19.000 14.000
9.000 25.000 13.000
6.000 20.000 18.000
