64.000 66.000 88.000
4.000 30.000 19.000
26.000 15.000 10.000
9.000 18.000 15.000
16.000 17.000 16.000
10.000 18.000 15.000
14.000 20.000 12.000
16.000 15.000 17.000
13.000 19.000 14.000
16.000 18.000 16.000
20.000 11.000 18.000
18.000 8.000 23.000
10.000 11.000 7.000
14.000 14.000 16.000
13.000 13.000 14.000
7.000 17.000 11.000
14.000 14.000 14.000
9.000 11.000 12.000
11.000 7.000 7.000
10.000 9.000 7.000
8.000 12.000 9.000
5.000 8.000 12.000
11.000 14.000 8.000
10.000 8.000 8.000
9.000 7.000 12.000
16.000 5.000 11.000
10.000 11.000 12.000
9.000 3.000 13.000
7.000 10.000 12.000
15.000 5.000 10.000
7.000 7.000 7.000
9.000 5.000 9.000
7.000 4.000 7.000
9.000 2.000 17.000
9.000 5.000 18.000
12.000 3.000 12.000
8.000 2.000 15.000
16.000 11.000 11.000
7.000 5.000 10.000
13.000 6.000 13.000
10.000 4.000 7.000
11.000 8.000 5.000
9.000 12.000 8.000
8.000 8.000 6.000
9.000 14.000 4.000
11.000 11.000 7.000
16.000 6.000 9.000
11.000 12.000 12.000
13.000 8.000 5.000
11.000 6.000 13.000
13.000 9.000 11.000
17.000 17.000 11.000
19.000 13.000 20.000
23.000 19.000 14.000
19.000 23.000 18.000
18.000 41.000 27.000
14.000 36.000 27.000
19.000 34.000 17.000
