59.000 50.000 82.000
7.000 11.000 13.000
5.000 11.000 9.000
14.000 11.000 11.000
8.000 17.000 10.000
9.000 11.000 10.000
11.000 16.000 15.000
11.000 9.000 8.000
8.000 15.000 8.000
14.000 6.000 9.000
16.000 15.000 8.000
9.000 7.000 8.000
5.000 15.000 5.000
13.000 5.000 6.000
7.000 11.000 5.000
5.000 9.000 5.000
10.000 8.000 8.000
11.000 8.000 8.000
7.000 8.000 5.000
5.000 13.000 5.000
7.000 6.000 4.000
11.000 10.000 6.000
8.000 15.000 11.000
8.000 12.000 17.000
10.000 9.000 15.000
12.000 6.000 17.000
11.000 5.000 14.000
15.000 11.000 12.000
11.000 6.000 17.000
7.000 6.000 20.000
8.000 4.000 15.000
9.000 12.000 12.000
16.000 11.000 27.000
12.000 10.000 21.000
6.000 5.000 12.000
9.000 5.000 13.000
16.000 3.000 23.000
15.000 9.000 15.000
18.000 10.000 21.000
13.000 6.000 9.000
18.000 11.000 19.000
12.000 10.000 15.000
16.000 11.000 11.000
12.000 16.000 9.000
10.000 13.000 9.000
18.000 16.000 12.000
21.000 20.000 13.000
19.000 21.000 15.000
19.000 19.000 17.000
21.000 14.000 16.000
23.000 20.000 20.000
16.000 19.000 20.000
29.000 22.000 23.000
23.000 31.000 20.000
21.000 21.000 26.000
18.000 32.000 15.000
20.000 29.000 17.000
17.000 26.000 16.000
