162.000 178.000 151.000
21.000 56.000 45.000
37.000 37.000 25.000
15.000 35.000 43.000
32.000 36.000 26.000
32.000 23.000 26.000
16.000 19.000 30.000
30.000 17.000 18.000
5.000 22.000 12.000
16.000 12.000 14.000
10.000 9.000 10.000
15.000 14.000 11.000
15.000 15.000 11.000
16.000 9.000 14.000
7.000 17.000 8.000
9.000 7.000 5.000
12.000 8.000 8.000
8.000 7.000 12.000
19.000 4.000 3.000
13.000 5.000 6.000
7.000 7.000 2.000
8.000 5.000 7.000
10.000 6.000 4.000
14.000 12.000 7.000
8.000 5.000 10.000
11.000 5.000 10.000
9.000 8.000 8.000
13.000 3.000 7.000
3.000 8.000 16.000
6.000 5.000 12.000
9.000 3.000 6.000
15.000 6.000 12.000
7.000 4.000 8.000
12.000 4.000 13.000
3.000 2.000 8.000
4.000 5.000 12.000
4.000 2.000 3.000
3.000 3.000 12.000
3.000 2.000 7.000
9.000 3.000 5.000
4.000 5.000 4.000
3.000 3.000 8.000
4.000 6.000 9.000
7.000 8.000 5.000
2.000 9.000 8.000
6.000 3.000 7.000
9.000 6.000 6.000
11.000 3.000 4.000
7.000 10.000 3.000
9.000 6.000 8.000
8.000 6.000 7.000
9.000 7.000 5.000
6.000 8.000 6.000
15.000 19.000 9.000
17.000 26.000 18.000
17.000 27.000 15.000
36.000 19.000 24.000
14.000 26.000 27.000
