150.000 70.000 80.000
12.000 32.000 9.000
14.000 21.000 14.000
9.000 25.000 16.000
16.000 22.000 28.000
14.000 17.000 17.000
15.000 18.000 16.000
12.000 13.000 16.000
17.000 7.000 16.000
18.000 18.000 20.000
18.000 14.000 8.000
11.000 13.000 11.000
13.000 8.000 8.000
11.000 10.000 12.000
8.000 14.000 13.000
10.000 15.000 7.000
12.000 10.000 8.000
8.000 8.000 3.000
4.000 7.000 6.000
16.000 12.000 11.000
11.000 4.000 6.000
12.000 8.000 9.000
7.000 7.000 6.000
7.000 7.000 12.000
9.000 7.000 7.000
11.000 6.000 9.000
9.000 8.000 11.000
11.000 9.000 9.000
10.000 6.000 16.000
9.000 8.000 10.000
14.000 7.000 9.000
12.000 5.000 10.000
10.000 6.000 13.000
9.000 4.000 17.000
9.000 9.000 17.000
11.000 6.000 13.000
15.000 6.000 13.000
9.000 10.000 11.000
11.000 9.000 13.000
9.000 8.000 16.000
9.000 8.000 3.000
12.000 9.000 8.000
9.000 8.000 11.000
11.000 10.000 9.000
10.000 13.000 4.000
12.000 12.000 6.000
15.000 4.000 8.000
13.000 6.000 10.000
7.000 15.000 7.000
8.000 12.000 22.000
18.000 14.000 21.000
9.000 15.000 11.000
18.000 16.000 20.000
24.000 26.000 14.000
18.000 29.000 29.000
16.000 28.000 25.000
20.000 46.000 22.000
12.000 36.000 32.000
