65.000 52.000 72.000
4.000 12.000 13.000
6.000 10.000 7.000
13.000 22.000 12.000
16.000 22.000 12.000
10.000 15.000 9.000
1.000 10.000 16.000
8.000 16.000 13.000
10.000 18.000 15.000
14.000 18.000 14.000
5.000 17.000 17.000
10.000 16.000 10.000
14.000 20.000 9.000
13.000 12.000 9.000
16.000 14.000 9.000
9.000 11.000 6.000
6.000 15.000 13.000
9.000 8.000 15.000
13.000 13.000 8.000
10.000 12.000 11.000
7.000 8.000 15.000
16.000 13.000 7.000
16.000 7.000 5.000
7.000 12.000 4.000
14.000 15.000 10.000
8.000 10.000 9.000
16.000 13.000 13.000
7.000 12.000 11.000
16.000 10.000 14.000
13.000 6.000 10.000
9.000 7.000 19.000
13.000 8.000 20.000
10.000 10.000 15.000
14.000 7.000 13.000
14.000 6.000 25.000
16.000 7.000 13.000
18.000 9.000 21.000
13.000 11.000 26.000
15.000 8.000 15.000
20.000 8.000 15.000
13.000 11.000 20.000
9.000 20.000 8.000
11.000 8.000 9.000
13.000 16.000 14.000
19.000 27.000 7.000
18.000 19.000 9.000
17.000 7.000 12.000
17.000 14.000 9.000
13.000 16.000 10.000
11.000 9.000 13.000
18.000 14.000 9.000
15.000 17.000 20.000
11.000 16.000 17.000
20.000 28.000 18.000
21.000 21.000 17.000
16.000 27.000 20.000
15.000 35.000 23.000
14.000 25.000 21.000
