95.000 107.000 138.000
5.000 28.000 15.000
21.000 25.000 12.000
9.000 27.000 19.000
16.000 23.000 21.000
21.000 23.000 16.000
17.000 18.000 18.000
17.000 20.000 18.000
10.000 11.000 20.000
18.000 17.000 10.000
11.000 15.000 24.000
12.000 19.000 12.000
14.000 24.000 15.000
9.000 15.000 17.000
12.000 22.000 11.000
16.000 19.000 13.000
16.000 14.000 12.000
20.000 11.000 8.000
13.000 11.000 13.000
18.000 13.000 14.000
21.000 12.000 11.000
8.000 10.000 11.000
9.000 14.000 8.000
18.000 8.000 14.000
9.000 4.000 14.000
21.000 10.000 13.000
15.000 5.000 16.000
20.000 9.000 15.000
15.000 9.000 20.000
10.000 4.000 24.000
11.000 9.000 17.000
12.000 5.000 14.000
16.000 7.000 11.000
12.000 6.000 13.000
13.000 4.000 18.000
9.000 5.000 18.000
16.000 11.000 15.000
15.000 11.000 13.000
13.000 7.000 6.000
11.000 8.000 11.000
9.000 10.000 13.000
16.000 11.000 8.000
11.000 15.000 12.000
11.000 12.000 6.000
9.000 10.000 6.000
5.000 14.000 7.000
5.000 18.000 8.000
7.000 9.000 11.000
10.000 7.000 11.000
15.000 13.000 8.000
7.000 14.000 5.000
8.000 10.000 13.000
17.000 6.000 8.000
12.000 13.000 10.000
11.000 21.000 7.000
13.000 18.000 9.000
16.000 15.000 8.000
11.000 23.000 9.000
