76.000 92.000 90.000
23.000 32.000 39.000
42.000 23.000 12.000
12.000 39.000 26.000
20.000 18.000 25.000
27.000 12.000 18.000
18.000 12.000 15.000
17.000 21.000 20.000
11.000 9.000 18.000
14.000 10.000 9.000
10.000 10.000 8.000
9.000 13.000 11.000
7.000 15.000 11.000
13.000 8.000 13.000
12.000 9.000 5.000
11.000 13.000 3.000
12.000 8.000 6.000
8.000 13.000 7.000
6.000 5.000 11.000
6.000 10.000 10.000
9.000 7.000 9.000
9.000 7.000 4.000
14.000 10.000 5.000
5.000 12.000 9.000
10.000 10.000 8.000
10.000 10.000 9.000
12.000 14.000 10.000
8.000 16.000 12.000
14.000 10.000 11.000
9.000 17.000 16.000
16.000 13.000 12.000
10.000 7.000 10.000
12.000 5.000 10.000
8.000 5.000 14.000
8.000 4.000 11.000
5.000 2.000 11.000
7.000 4.000 10.000
7.000 5.000 12.000
11.000 3.000 15.000
7.000 4.000 9.000
6.000 3.000 14.000
7.000 8.000 12.000
8.000 4.000 2.000
4.000 11.000 4.000
8.000 9.000 8.000
10.000 10.000 2.000
9.000 7.000 4.000
9.000 9.000 1.000
10.000 5.000 4.000
8.000 5.000 3.000
5.000 3.000 9.000
12.000 6.000 4.000
14.000 8.000 11.000
19.000 12.000 22.000
17.000 20.000 19.000
21.000 28.000 28.000
23.000 34.000 39.000
29.000 54.000 40.000
