118.000 104.000 119.000
20.000 50.000 32.000
38.000 28.000 16.000
13.000 27.000 22.000
17.000 17.000 23.000
17.000 28.000 17.000
16.000 15.000 22.000
11.000 24.000 17.000
18.000 15.000 16.000
13.000 12.000 19.000
10.000 11.000 12.000
11.000 10.000 11.000
8.000 9.000 18.000
13.000 12.000 9.000
10.000 17.000 7.000
11.000 8.000 9.000
11.000 8.000 12.000
11.000 14.000 11.000
15.000 14.000 4.000
10.000 7.000 9.000
4.000 14.000 11.000
14.000 6.000 6.000
3.000 8.000 9.000
7.000 9.000 8.000
15.000 10.000 17.000
9.000 6.000 7.000
8.000 15.000 10.000
11.000 12.000 8.000
14.000 10.000 9.000
11.000 11.000 21.000
8.000 7.000 11.000
9.000 6.000 15.000
15.000 9.000 6.000
12.000 5.000 13.000
12.000 4.000 14.000
10.000 2.000 11.000
8.000 3.000 11.000
7.000 2.000 11.000
5.000 7.000 11.000
4.000 8.000 9.000
8.000 9.000 12.000
12.000 10.000 11.000
13.000 10.000 3.000
10.000 8.000 9.000
10.000 3.000 8.000
10.000 7.000 9.000
12.000 12.000 8.000
6.000 10.000 6.000
21.000 12.000 6.000
7.000 12.000 6.000
12.000 9.000 13.000
11.000 12.000 8.000
12.000 13.000 7.000
13.000 9.000 15.000
16.000 22.000 17.000
18.000 20.000 18.000
19.000 31.000 26.000
17.000 23.000 19.000
