83.000 66.000 43.000
6.000 17.000 14.000
11.000 18.000 1.000
6.000 9.000 10.000
15.000 8.000 9.000
11.000 11.000 5.000
7.000 10.000 5.000
11.000 16.000 10.000
12.000 9.000 13.000
14.000 19.000 10.000
6.000 21.000 10.000
14.000 15.000 11.000
10.000 13.000 14.000
11.000 10.000 8.000
11.000 18.000 7.000
15.000 19.000 11.000
15.000 9.000 13.000
14.000 15.000 8.000
9.000 18.000 8.000
14.000 16.000 12.000
17.000 15.000 11.000
15.000 30.000 7.000
20.000 18.000 8.000
16.000 17.000 13.000
16.000 12.000 13.000
11.000 15.000 13.000
16.000 10.000 20.000
14.000 15.000 19.000
9.000 12.000 17.000
16.000 12.000 16.000
20.000 9.000 21.000
22.000 9.000 22.000
11.000 5.000 22.000
27.000 5.000 15.000
17.000 8.000 17.000
16.000 10.000 18.000
15.000 8.000 13.000
20.000 5.000 18.000
15.000 10.000 22.000
16.000 9.000 32.000
14.000 9.000 19.000
13.000 12.000 19.000
11.000 16.000 22.000
20.000 22.000 10.000
19.000 16.000 9.000
18.000 9.000 15.000
27.000 13.000 12.000
16.000 15.000 14.000
9.000 14.000 19.000
11.000 26.000 8.000
15.000 21.000 15.000
11.000 21.000 13.000
15.000 16.000 15.000
14.000 19.000 14.000
6.000 22.000 12.000
14.000 16.000 10.000
9.000 14.000 15.000
9.000 26.000 9.000
