67.000 59.000 91.000
15.000 26.000 20.000
23.000 19.000 11.000
14.000 17.000 17.000
16.000 21.000 17.000
16.000 18.000 11.000
12.000 18.000 14.000
19.000 15.000 12.000
9.000 15.000 17.000
21.000 15.000 13.000
7.000 18.000 19.000
13.000 11.000 14.000
13.000 18.000 10.000
7.000 11.000 11.000
7.000 8.000 11.000
13.000 18.000 15.000
10.000 17.000 8.000
11.000 6.000 11.000
15.000 10.000 5.000
11.000 11.000 6.000
13.000 12.000 8.000
12.000 11.000 15.000
14.000 14.000 13.000
6.000 14.000 11.000
12.000 7.000 8.000
17.000 11.000 7.000
17.000 16.000 20.000
7.000 9.000 7.000
11.000 11.000 10.000
14.000 6.000 16.000
12.000 10.000 15.000
15.000 18.000 18.000
14.000 13.000 22.000
4.000 6.000 13.000
13.000 6.000 17.000
19.000 6.000 20.000
14.000 3.000 18.000
5.000 7.000 14.000
13.000 6.000 16.000
16.000 12.000 15.000
9.000 7.000 8.000
19.000 14.000 14.000
11.000 7.000 13.000
15.000 18.000 4.000
9.000 10.000 7.000
16.000 9.000 13.000
11.000 16.000 10.000
16.000 17.000 5.000
16.000 9.000 2.000
18.000 8.000 5.000
17.000 15.000 13.000
15.000 15.000 18.000
15.000 17.000 12.000
16.000 16.000 16.000
6.000 37.000 20.000
21.000 17.000 16.000
12.000 18.000 24.000
18.000 27.000 16.000
