58.000 65.000 72.000
10.000 13.000 20.000
16.000 17.000 12.000
4.000 10.000 7.000
14.000 17.000 17.000
14.000 10.000 7.000
8.000 13.000 11.000
16.000 13.000 11.000
16.000 14.000 9.000
9.000 11.000 5.000
10.000 11.000 7.000
13.000 7.000 8.000
11.000 10.000 12.000
8.000 12.000 10.000
15.000 10.000 11.000
8.000 9.000 3.000
18.000 13.000 5.000
11.000 10.000 10.000
8.000 6.000 2.000
6.000 8.000 8.000
6.000 10.000 9.000
11.000 14.000 8.000
10.000 7.000 12.000
14.000 11.000 5.000
12.000 10.000 4.000
10.000 6.000 12.000
8.000 15.000 8.000
9.000 9.000 16.000
6.000 9.000 12.000
6.000 4.000 7.000
8.000 1.000 13.000
10.000 14.000 19.000
7.000 4.000 17.000
7.000 5.000 10.000
9.000 4.000 10.000
10.000 7.000 13.000
11.000 5.000 18.000
19.000 3.000 9.000
6.000 2.000 11.000
10.000 14.000 15.000
11.000 7.000 15.000
22.000 13.000 14.000
15.000 7.000 21.000
15.000 11.000 14.000
17.000 13.000 10.000
11.000 22.000 15.000
18.000 15.000 12.000
22.000 17.000 8.000
21.000 18.000 9.000
17.000 11.000 18.000
17.000 17.000 10.000
24.000 23.000 13.000
16.000 17.000 14.000
18.000 28.000 18.000
18.000 29.000 22.000
30.000 31.000 15.000
27.000 24.000 22.000
19.000 35.000 23.000
