89.000 68.000 72.000
4.000 32.000 20.000
15.000 27.000 15.000
10.000 14.000 18.000
21.000 17.000 21.000
19.000 13.000 16.000
15.000 20.000 17.000
19.000 14.000 10.000
11.000 18.000 13.000
11.000 11.000 7.000
10.000 15.000 20.000
14.000 7.000 13.000
11.000 12.000 17.000
6.000 13.000 14.000
5.000 18.000 11.000
14.000 16.000 12.000
14.000 7.000 7.000
10.000 8.000 5.000
9.000 7.000 7.000
11.000 15.000 7.000
11.000 8.000 5.000
5.000 11.000 7.000
15.000 5.000 8.000
15.000 8.000 8.000
8.000 5.000 8.000
9.000 12.000 11.000
9.000 15.000 7.000
10.000 17.000 5.000
13.000 9.000 10.000
9.000 9.000 11.000
8.000 8.000 7.000
10.000 4.000 11.000
9.000 4.000 12.000
11.000 6.000 9.000
8.000 3.000 9.000
5.000 2.000 9.000
10.000 6.000 7.000
6.000 3.000 14.000
9.000 4.000 12.000
3.000 7.000 11.000
7.000 3.000 12.000
8.000 1.000 4.000
7.000 3.000 10.000
8.000 2.000 6.000
12.000 7.000 8.000
8.000 12.000 7.000
9.000 7.000 7.000
19.000 8.000 4.000
17.000 4.000 3.000
15.000 12.000 5.000
14.000 16.000 15.000
13.000 14.000 18.000
13.000 22.000 14.000
12.000 12.000 19.000
22.000 17.000 20.000
26.000 34.000 30.000
21.000 39.000 29.000
23.000 58.000 44.000
