90.000 71.000 77.000
25.000 42.000 35.000
31.000 31.000 17.000
16.000 28.000 28.000
22.000 16.000 23.000
22.000 17.000 22.000
19.000 16.000 9.000
13.000 22.000 23.000
17.000 13.000 20.000
11.000 13.000 17.000
20.000 16.000 18.000
15.000 9.000 17.000
14.000 16.000 14.000
20.000 22.000 18.000
19.000 21.000 16.000
20.000 21.000 15.000
7.000 12.000 9.000
15.000 12.000 9.000
6.000 2.000 7.000
3.000 2.000 7.000
0.000 5.000 3.000
4.000 3.000 4.000
5.000 4.000 4.000
6.000 8.000 3.000
7.000 6.000 6.000
4.000 4.000 4.000
4.000 6.000 5.000
9.000 6.000 6.000
7.000 10.000 11.000
3.000 8.000 9.000
5.000 5.000 6.000
9.000 3.000 0.000
6.000 2.000 7.000
3.000 1.000 0.000
4.000 1.000 4.000
1.000 0.000 5.000
3.000 1.000 1.000
2.000 2.000 3.000
2.000 1.000 3.000
4.000 5.000 5.000
0.000 3.000 3.000
4.000 3.000 2.000
0.000 0.000 3.000
3.000 1.000 3.000
6.000 3.000 1.000
2.000 3.000 1.000
2.000 0.000 0.000
2.000 2.000 2.000
2.000 1.000 0.000
3.000 5.000 2.000
6.000 2.000 2.000
8.000 2.000 7.000
4.000 2.000 6.000
16.000 9.000 14.000
23.000 19.000 13.000
28.000 30.000 34.000
50.000 61.000 48.000
52.000 75.000 73.000
