194.000 228.000 227.000
54.000 78.000 78.000
73.000 60.000 57.000
38.000 43.000 41.000
34.000 19.000 23.000
31.000 26.000 23.000
25.000 21.000 20.000
22.000 23.000 26.000
19.000 16.000 16.000
18.000 11.000 12.000
12.000 11.000 9.000
13.000 3.000 6.000
8.000 9.000 9.000
11.000 14.000 16.000
12.000 11.000 11.000
11.000 10.000 14.000
6.000 13.000 8.000
7.000 7.000 7.000
8.000 5.000 3.000
4.000 1.000 3.000
3.000 4.000 2.000
1.000 0.000 2.000
3.000 1.000 1.000
3.000 1.000 1.000
11.000 7.000 7.000
4.000 2.000 2.000
5.000 5.000 4.000
2.000 4.000 6.000
5.000 6.000 5.000
2.000 3.000 3.000
4.000 5.000 3.000
5.000 3.000 5.000
0.000 0.000 0.000
0.000 0.000 0.000
0.000 0.000 0.000
2.000 0.000 0.000
1.000 0.000 0.000
0.000 0.000 0.000
0.000 0.000 0.000
1.000 0.000 0.000
1.000 0.000 0.000
1.000 0.000 0.000
3.000 0.000 0.000
0.000 0.000 0.000
0.000 0.000 0.000
1.000 0.000 0.000
0.000 0.000 0.000
2.000 0.000 0.000
1.000 0.000 0.000
1.000 0.000 1.000
2.000 1.000 1.000
4.000 1.000 3.000
5.000 2.000 5.000
13.000 11.000 4.000
9.000 9.000 10.000
17.000 18.000 14.000
24.000 29.000 31.000
36.000 52.000 53.000
