68.000 54.000 61.000
19.000 41.000 30.000
26.000 10.000 13.000
15.000 22.000 21.000
13.000 12.000 9.000
8.000 15.000 15.000
11.000 11.000 11.000
17.000 7.000 15.000
5.000 8.000 9.000
7.000 9.000 6.000
8.000 7.000 5.000
7.000 12.000 4.000
8.000 9.000 10.000
14.000 10.000 13.000
12.000 16.000 15.000
13.000 15.000 9.000
14.000 13.000 16.000
14.000 9.000 13.000
4.000 2.000 6.000
4.000 4.000 2.000
4.000 4.000 4.000
7.000 4.000 4.000
3.000 5.000 5.000
7.000 7.000 6.000
9.000 7.000 11.000
6.000 6.000 5.000
5.000 8.000 6.000
6.000 5.000 3.000
6.000 7.000 12.000
7.000 6.000 6.000
2.000 3.000 3.000
0.000 0.000 1.000
0.000 1.000 0.000
0.000 1.000 0.000
1.000 0.000 1.000
0.000 1.000 2.000
2.000 0.000 0.000
2.000 0.000 0.000
1.000 2.000 3.000
2.000 1.000 1.000
2.000 3.000 2.000
0.000 1.000 1.000
0.000 1.000 1.000
1.000 1.000 0.000
1.000 0.000 3.000
2.000 3.000 0.000
2.000 3.000 0.000
2.000 0.000 3.000
2.000 1.000 1.000
1.000 2.000 0.000
2.000 0.000 3.000
7.000 1.000 5.000
4.000 2.000 4.000
13.000 12.000 11.000
23.000 22.000 13.000
42.000 39.000 30.000
58.000 69.000 56.000
95.000 110.000 89.000
