74.000 66.000 71.000
9.000 15.000 15.000
17.000 17.000 8.000
5.000 26.000 15.000
10.000 14.000 17.000
15.000 11.000 9.000
10.000 9.000 14.000
16.000 7.000 14.000
18.000 9.000 8.000
13.000 11.000 12.000
7.000 16.000 6.000
16.000 11.000 13.000
10.000 13.000 10.000
5.000 11.000 9.000
8.000 18.000 11.000
11.000 13.000 6.000
6.000 10.000 9.000
8.000 6.000 5.000
14.000 12.000 5.000
11.000 10.000 5.000
11.000 9.000 7.000
11.000 5.000 10.000
7.000 15.000 8.000
15.000 8.000 7.000
9.000 16.000 6.000
13.000 10.000 6.000
9.000 9.000 10.000
11.000 9.000 16.000
5.000 17.000 8.000
12.000 11.000 14.000
10.000 11.000 18.000
12.000 4.000 15.000
11.000 7.000 17.000
12.000 2.000 15.000
17.000 3.000 14.000
8.000 6.000 22.000
8.000 6.000 12.000
10.000 7.000 17.000
12.000 4.000 15.000
8.000 7.000 11.000
6.000 7.000 16.000
10.000 10.000 9.000
5.000 16.000 13.000
7.000 11.000 9.000
11.000 6.000 7.000
8.000 14.000 10.000
13.000 15.000 10.000
13.000 14.000 7.000
15.000 11.000 7.000
14.000 14.000 5.000
10.000 14.000 13.000
15.000 6.000 18.000
19.000 18.000 13.000
23.000 22.000 15.000
37.000 24.000 18.000
33.000 35.000 18.000
33.000 50.000 17.000
17.000 35.000 21.000
