76.000 47.000 93.000
6.000 15.000 15.000
9.000 10.000 15.000
5.000 20.000 9.000
13.000 11.000 15.000
7.000 20.000 8.000
8.000 22.000 10.000
9.000 15.000 16.000
6.000 19.000 11.000
11.000 18.000 15.000
13.000 7.000 8.000
8.000 14.000 12.000
8.000 15.000 7.000
3.000 8.000 4.000
10.000 9.000 10.000
9.000 11.000 7.000
9.000 10.000 10.000
11.000 7.000 5.000
14.000 6.000 8.000
7.000 14.000 3.000
11.000 8.000 5.000
6.000 5.000 5.000
10.000 20.000 6.000
12.000 5.000 4.000
15.000 5.000 15.000
10.000 6.000 10.000
11.000 8.000 11.000
8.000 8.000 15.000
6.000 7.000 22.000
18.000 8.000 16.000
16.000 5.000 15.000
12.000 7.000 15.000
12.000 1.000 13.000
9.000 3.000 9.000
11.000 3.000 18.000
10.000 4.000 10.000
9.000 7.000 13.000
13.000 3.000 9.000
18.000 6.000 10.000
15.000 8.000 14.000
16.000 9.000 4.000
10.000 8.000 7.000
15.000 13.000 7.000
14.000 8.000 10.000
12.000 10.000 9.000
12.000 17.000 14.000
12.000 12.000 5.000
16.000 10.000 9.000
15.000 12.000 12.000
20.000 20.000 10.000
19.000 16.000 19.000
16.000 18.000 22.000
19.000 24.000 20.000
25.000 27.000 21.000
20.000 22.000 32.000
16.000 31.000 24.000
27.000 31.000 27.000
19.000 42.000 26.000
