120.000 77.000 53.000
24.000 38.000 27.000
29.000 26.000 18.000
22.000 35.000 22.000
25.000 29.000 27.000
15.000 20.000 21.000
19.000 19.000 25.000
16.000 19.000 30.000
10.000 20.000 24.000
15.000 9.000 18.000
20.000 7.000 9.000
10.000 17.000 20.000
16.000 10.000 17.000
28.000 26.000 24.000
14.000 25.000 20.000
13.000 23.000 21.000
15.000 18.000 17.000
9.000 11.000 10.000
10.000 10.000 11.000
11.000 5.000 7.000
4.000 1.000 3.000
6.000 5.000 2.000
10.000 6.000 9.000
4.000 6.000 6.000
4.000 4.000 3.000
9.000 7.000 6.000
6.000 9.000 17.000
9.000 11.000 8.000
3.000 10.000 8.000
8.000 10.000 12.000
11.000 8.000 9.000
4.000 3.000 3.000
5.000 0.000 3.000
1.000 1.000 4.000
3.000 2.000 4.000
8.000 0.000 2.000
1.000 3.000 4.000
1.000 0.000 2.000
1.000 0.000 1.000
1.000 3.000 0.000
2.000 0.000 4.000
1.000 0.000 6.000
3.000 0.000 0.000
1.000 0.000 0.000
2.000 0.000 0.000
4.000 3.000 1.000
2.000 3.000 1.000
4.000 2.000 1.000
4.000 6.000 2.000
8.000 5.000 2.000
9.000 5.000 3.000
13.000 5.000 5.000
16.000 7.000 6.000
18.000 8.000 16.000
35.000 23.000 18.000
34.000 35.000 27.000
41.000 44.000 34.000
46.000 74.000 62.000
