84.000 63.000 83.000
16.000 25.000 19.000
29.000 31.000 15.000
11.000 28.000 21.000
21.000 28.000 29.000
17.000 19.000 21.000
16.000 15.000 10.000
18.000 13.000 18.000
13.000 12.000 15.000
8.000 15.000 13.000
19.000 16.000 14.000
13.000 11.000 14.000
12.000 17.000 21.000
12.000 16.000 9.000
15.000 15.000 14.000
23.000 16.000 20.000
13.000 17.000 8.000
7.000 9.000 10.000
8.000 10.000 5.000
7.000 6.000 7.000
12.000 7.000 7.000
4.000 4.000 4.000
8.000 8.000 4.000
3.000 7.000 7.000
6.000 10.000 10.000
6.000 7.000 7.000
9.000 6.000 7.000
6.000 8.000 8.000
7.000 11.000 7.000
12.000 13.000 9.000
6.000 15.000 11.000
8.000 7.000 6.000
8.000 4.000 9.000
11.000 1.000 14.000
7.000 2.000 7.000
8.000 1.000 10.000
8.000 7.000 10.000
9.000 3.000 8.000
7.000 5.000 9.000
6.000 3.000 5.000
11.000 4.000 4.000
2.000 3.000 10.000
9.000 5.000 4.000
9.000 6.000 6.000
7.000 4.000 11.000
6.000 3.000 4.000
5.000 7.000 7.000
9.000 8.000 4.000
8.000 10.000 4.000
18.000 4.000 7.000
10.000 16.000 11.000
9.000 7.000 12.000
16.000 15.000 19.000
19.000 17.000 15.000
18.000 30.000 17.000
20.000 25.000 36.000
36.000 42.000 44.000
32.000 46.000 39.000
