95.000 76.000 72.000
15.000 30.000 18.000
18.000 22.000 17.000
24.000 25.000 26.000
21.000 24.000 30.000
19.000 20.000 26.000
14.000 16.000 16.000
14.000 19.000 19.000
10.000 15.000 21.000
6.000 10.000 9.000
12.000 10.000 19.000
14.000 12.000 8.000
10.000 15.000 7.000
15.000 14.000 11.000
7.000 8.000 13.000
16.000 13.000 9.000
14.000 9.000 13.000
8.000 3.000 8.000
4.000 10.000 8.000
9.000 13.000 4.000
10.000 6.000 8.000
6.000 12.000 10.000
8.000 10.000 7.000
8.000 4.000 6.000
13.000 13.000 10.000
13.000 9.000 7.000
7.000 13.000 10.000
6.000 6.000 11.000
13.000 14.000 12.000
6.000 6.000 11.000
10.000 6.000 10.000
10.000 5.000 7.000
6.000 9.000 9.000
12.000 6.000 12.000
9.000 3.000 13.000
6.000 3.000 11.000
12.000 5.000 10.000
9.000 7.000 13.000
5.000 4.000 4.000
5.000 3.000 1.000
7.000 4.000 4.000
6.000 4.000 5.000
10.000 6.000 3.000
4.000 6.000 4.000
6.000 6.000 2.000
12.000 6.000 3.000
7.000 6.000 3.000
6.000 8.000 0.000
7.000 2.000 5.000
7.000 11.000 9.000
11.000 9.000 7.000
14.000 4.000 19.000
24.000 11.000 18.000
20.000 18.000 23.000
19.000 31.000 23.000
30.000 46.000 28.000
28.000 35.000 35.000
21.000 38.000 39.000
