78.000 82.000 84.000
14.000 24.000 24.000
22.000 33.000 16.000
13.000 20.000 30.000
20.000 23.000 19.000
22.000 19.000 15.000
14.000 24.000 15.000
20.000 17.000 22.000
17.000 22.000 14.000
11.000 22.000 12.000
16.000 21.000 25.000
13.000 16.000 28.000
21.000 17.000 19.000
15.000 16.000 15.000
20.000 18.000 16.000
18.000 15.000 13.000
21.000 22.000 13.000
11.000 9.000 20.000
10.000 19.000 10.000
17.000 13.000 12.000
8.000 14.000 8.000
13.000 11.000 6.000
9.000 14.000 14.000
10.000 9.000 2.000
12.000 5.000 11.000
12.000 11.000 6.000
4.000 7.000 6.000
14.000 9.000 12.000
12.000 7.000 7.000
10.000 6.000 15.000
14.000 6.000 11.000
12.000 4.000 12.000
8.000 5.000 11.000
10.000 4.000 10.000
14.000 3.000 14.000
11.000 6.000 12.000
18.000 6.000 12.000
17.000 5.000 10.000
12.000 9.000 6.000
8.000 14.000 17.000
14.000 7.000 8.000
14.000 7.000 4.000
12.000 10.000 9.000
8.000 8.000 6.000
10.000 9.000 7.000
9.000 4.000 9.000
12.000 8.000 10.000
9.000 11.000 3.000
7.000 5.000 7.000
7.000 10.000 4.000
11.000 11.000 7.000
13.000 11.000 10.000
17.000 15.000 13.000
12.000 14.000 18.000
19.000 18.000 18.000
11.000 31.000 15.000
16.000 28.000 14.000
15.000 27.000 22.000
