126.000 111.000 130.000
36.000 54.000 40.000
36.000 34.000 30.000
29.000 28.000 27.000
20.000 23.000 21.000
16.000 21.000 22.000
21.000 20.000 22.000
28.000 23.000 22.000
10.000 13.000 13.000
13.000 13.000 14.000
17.000 11.000 12.000
10.000 14.000 11.000
10.000 10.000 12.000
15.000 20.000 16.000
15.000 16.000 18.000
8.000 8.000 8.000
17.000 16.000 16.000
6.000 3.000 3.000
12.000 6.000 4.000
1.000 1.000 3.000
2.000 4.000 2.000
2.000 3.000 4.000
1.000 0.000 1.000
3.000 2.000 2.000
4.000 2.000 3.000
5.000 8.000 9.000
5.000 7.000 8.000
14.000 13.000 10.000
9.000 10.000 11.000
11.000 11.000 16.000
12.000 9.000 8.000
8.000 11.000 7.000
6.000 4.000 4.000
2.000 1.000 0.000
3.000 1.000 0.000
0.000 3.000 2.000
0.000 0.000 1.000
0.000 2.000 2.000
2.000 2.000 2.000
3.000 0.000 3.000
2.000 1.000 2.000
0.000 1.000 0.000
1.000 0.000 0.000
0.000 1.000 0.000
0.000 1.000 0.000
1.000 0.000 1.000
1.000 0.000 2.000
1.000 1.000 0.000
1.000 3.000 2.000
0.000 0.000 0.000
1.000 1.000 0.000
3.000 1.000 2.000
6.000 3.000 3.000
10.000 9.000 8.000
12.000 13.000 15.000
35.000 30.000 28.000
35.000 41.000 41.000
57.000 60.000 67.000
