71.000 41.000 83.000
5.000 14.000 11.000
13.000 20.000 9.000
6.000 17.000 15.000
10.000 18.000 10.000
8.000 10.000 10.000
18.000 16.000 7.000
6.000 15.000 13.000
6.000 11.000 15.000
11.000 10.000 7.000
13.000 14.000 8.000
6.000 9.000 10.000
13.000 21.000 5.000
8.000 12.000 8.000
8.000 15.000 13.000
14.000 17.000 7.000
17.000 12.000 11.000
11.000 14.000 14.000
8.000 11.000 5.000
9.000 12.000 14.000
14.000 10.000 10.000
13.000 14.000 8.000
16.000 16.000 17.000
16.000 15.000 17.000
16.000 15.000 13.000
14.000 14.000 8.000
8.000 11.000 17.000
15.000 10.000 12.000
15.000 14.000 18.000
15.000 14.000 17.000
18.000 8.000 18.000
24.000 8.000 19.000
18.000 5.000 18.000
15.000 7.000 21.000
6.000 5.000 14.000
12.000 7.000 21.000
13.000 7.000 14.000
13.000 7.000 13.000
14.000 13.000 14.000
20.000 15.000 22.000
23.000 17.000 22.000
26.000 17.000 15.000
10.000 9.000 16.000
19.000 16.000 9.000
13.000 17.000 10.000
17.000 16.000 12.000
15.000 13.000 11.000
13.000 24.000 13.000
17.000 17.000 10.000
17.000 14.000 13.000
17.000 16.000 9.000
9.000 16.000 8.000
13.000 31.000 13.000
12.000 12.000 12.000
21.000 23.000 10.000
12.000 23.000 11.000
10.000 24.000 16.000
10.000 26.000 15.000
