93.000 63.000 129.000
14.000 17.000 8.000
8.000 26.000 10.000
5.000 20.000 16.000
12.000 16.000 18.000
11.000 22.000 18.000
5.000 28.000 20.000
14.000 18.000 21.000
11.000 12.000 11.000
9.000 18.000 13.000
9.000 16.000 14.000
9.000 14.000 12.000
12.000 11.000 10.000
15.000 16.000 7.000
14.000 13.000 11.000
16.000 11.000 16.000
13.000 18.000 9.000
7.000 15.000 6.000
10.000 15.000 10.000
14.000 14.000 16.000
14.000 9.000 13.000
9.000 10.000 6.000
19.000 9.000 7.000
12.000 11.000 13.000
16.000 13.000 12.000
19.000 11.000 15.000
20.000 11.000 15.000
10.000 10.000 17.000
15.000 6.000 20.000
19.000 13.000 16.000
19.000 1.000 15.000
18.000 5.000 19.000
24.000 6.000 16.000
19.000 7.000 21.000
9.000 6.000 14.000
17.000 5.000 19.000
17.000 7.000 13.000
13.000 5.000 16.000
24.000 17.000 14.000
15.000 13.000 12.000
13.000 9.000 14.000
17.000 8.000 10.000
13.000 15.000 8.000
12.000 23.000 15.000
14.000 21.000 10.000
10.000 15.000 8.000
16.000 13.000 16.000
12.000 22.000 9.000
12.000 14.000 13.000
13.000 7.000 8.000
16.000 15.000 8.000
13.000 9.000 11.000
17.000 15.000 10.000
11.000 16.000 9.000
13.000 12.000 18.000
14.000 14.000 15.000
11.000 20.000 12.000
18.000 22.000 16.000
