121.000 110.000 113.000
41.000 55.000 42.000
33.000 37.000 33.000
23.000 26.000 32.000
20.000 21.000 18.000
24.000 18.000 27.000
39.000 35.000 35.000
17.000 27.000 27.000
18.000 19.000 12.000
15.000 15.000 20.000
7.000 7.000 6.000
14.000 12.000 13.000
11.000 11.000 16.000
16.000 21.000 20.000
13.000 9.000 10.000
10.000 8.000 10.000
12.000 13.000 11.000
9.000 10.000 6.000
5.000 6.000 7.000
5.000 5.000 2.000
4.000 3.000 1.000
6.000 1.000 3.000
5.000 3.000 4.000
5.000 2.000 2.000
4.000 5.000 5.000
3.000 3.000 4.000
6.000 3.000 6.000
13.000 16.000 13.000
4.000 4.000 5.000
3.000 5.000 5.000
5.000 7.000 6.000
4.000 5.000 5.000
6.000 6.000 6.000
2.000 0.000 2.000
4.000 1.000 3.000
2.000 0.000 3.000
1.000 1.000 1.000
2.000 2.000 1.000
0.000 1.000 0.000
1.000 0.000 0.000
2.000 0.000 1.000
0.000 1.000 0.000
1.000 0.000 1.000
0.000 0.000 3.000
2.000 3.000 2.000
0.000 3.000 2.000
1.000 3.000 1.000
4.000 0.000 2.000
9.000 2.000 3.000
4.000 0.000 1.000
0.000 3.000 4.000
6.000 1.000 3.000
5.000 3.000 3.000
10.000 8.000 11.000
19.000 14.000 26.000
25.000 23.000 19.000
36.000 43.000 45.000
49.000 60.000 60.000
