89.000 66.000 77.000
21.000 38.000 44.000
22.000 26.000 22.000
20.000 35.000 28.000
18.000 29.000 28.000
33.000 28.000 27.000
18.000 23.000 23.000
31.000 28.000 24.000
19.000 15.000 14.000
15.000 12.000 15.000
20.000 11.000 10.000
16.000 9.000 10.000
14.000 12.000 18.000
18.000 17.000 15.000
7.000 16.000 17.000
17.000 22.000 19.000
12.000 13.000 10.000
10.000 11.000 9.000
4.000 8.000 7.000
1.000 7.000 6.000
5.000 3.000 2.000
5.000 6.000 6.000
6.000 2.000 2.000
6.000 3.000 5.000
8.000 3.000 5.000
4.000 6.000 2.000
3.000 5.000 10.000
10.000 5.000 6.000
6.000 6.000 2.000
1.000 2.000 2.000
7.000 2.000 3.000
1.000 4.000 5.000
5.000 4.000 2.000
6.000 2.000 1.000
2.000 1.000 4.000
1.000 2.000 2.000
0.000 0.000 2.000
1.000 0.000 2.000
1.000 3.000 0.000
2.000 2.000 2.000
3.000 1.000 1.000
4.000 0.000 0.000
0.000 1.000 1.000
4.000 0.000 2.000
4.000 1.000 1.000
4.000 2.000 0.000
2.000 1.000 1.000
8.000 0.000 1.000
5.000 1.000 1.000
6.000 1.000 1.000
6.000 2.000 5.000
13.000 1.000 3.000
14.000 6.000 7.000
23.000 10.000 8.000
20.000 23.000 23.000
36.000 30.000 36.000
35.000 67.000 46.000
55.000 76.000 89.000
