63.000 69.000 69.000
17.000 34.000 39.000
38.000 19.000 16.000
21.000 17.000 22.000
14.000 11.000 13.000
21.000 27.000 14.000
22.000 20.000 16.000
15.000 13.000 15.000
13.000 9.000 16.000
9.000 11.000 9.000
9.000 16.000 8.000
16.000 10.000 10.000
11.000 7.000 13.000
20.000 16.000 18.000
20.000 21.000 20.000
14.000 15.000 13.000
10.000 16.000 14.000
6.000 14.000 15.000
9.000 4.000 4.000
7.000 5.000 4.000
3.000 1.000 4.000
3.000 3.000 4.000
5.000 4.000 2.000
6.000 5.000 4.000
7.000 3.000 4.000
3.000 8.000 3.000
2.000 7.000 7.000
7.000 3.000 7.000
7.000 6.000 6.000
5.000 8.000 5.000
2.000 4.000 3.000
1.000 0.000 3.000
3.000 2.000 4.000
4.000 1.000 4.000
0.000 3.000 7.000
3.000 3.000 9.000
0.000 2.000 1.000
4.000 0.000 0.000
2.000 1.000 3.000
2.000 2.000 4.000
3.000 3.000 2.000
1.000 1.000 6.000
2.000 1.000 1.000
5.000 4.000 0.000
4.000 7.000 2.000
5.000 3.000 3.000
4.000 3.000 4.000
4.000 4.000 0.000
0.000 4.000 3.000
2.000 1.000 4.000
2.000 5.000 4.000
2.000 2.000 3.000
6.000 0.000 11.000
12.000 10.000 18.000
21.000 17.000 26.000
39.000 26.000 40.000
70.000 64.000 59.000
63.000 70.000 64.000
