70.000 62.000 81.000
9.000 28.000 24.000
20.000 19.000 15.000
12.000 18.000 22.000
14.000 18.000 14.000
16.000 13.000 13.000
18.000 16.000 27.000
19.000 20.000 17.000
16.000 14.000 21.000
10.000 11.000 16.000
10.000 17.000 18.000
10.000 17.000 16.000
10.000 12.000 5.000
10.000 11.000 18.000
12.000 18.000 14.000
11.000 19.000 11.000
12.000 16.000 7.000
10.000 10.000 4.000
8.000 13.000 6.000
11.000 6.000 11.000
11.000 9.000 9.000
12.000 3.000 3.000
5.000 7.000 6.000
8.000 6.000 10.000
14.000 8.000 8.000
8.000 4.000 4.000
14.000 7.000 10.000
8.000 10.000 8.000
9.000 12.000 9.000
11.000 9.000 7.000
10.000 11.000 8.000
9.000 5.000 9.000
7.000 4.000 12.000
14.000 5.000 5.000
6.000 5.000 8.000
9.000 3.000 9.000
7.000 2.000 9.000
8.000 3.000 9.000
7.000 3.000 14.000
9.000 3.000 7.000
3.000 2.000 13.000
6.000 7.000 5.000
9.000 6.000 9.000
5.000 7.000 2.000
10.000 7.000 7.000
5.000 8.000 3.000
7.000 5.000 6.000
14.000 9.000 5.000
16.000 10.000 6.000
11.000 7.000 6.000
21.000 14.000 11.000
16.000 7.000 10.000
13.000 12.000 10.000
18.000 18.000 22.000
22.000 28.000 28.000
22.000 27.000 34.000
29.000 40.000 29.000
25.000 60.000 51.000
