133.000 111.000 91.000
15.000 25.000 20.000
28.000 18.000 9.000
12.000 27.000 10.000
19.000 13.000 16.000
16.000 18.000 10.000
15.000 20.000 12.000
22.000 14.000 16.000
9.000 19.000 12.000
15.000 19.000 14.000
12.000 14.000 15.000
14.000 18.000 11.000
11.000 10.000 19.000
13.000 11.000 13.000
9.000 14.000 11.000
10.000 12.000 22.000
6.000 14.000 15.000
3.000 11.000 6.000
13.000 10.000 4.000
7.000 6.000 8.000
4.000 3.000 10.000
12.000 4.000 6.000
9.000 3.000 10.000
12.000 4.000 10.000
8.000 8.000 8.000
11.000 8.000 12.000
11.000 7.000 9.000
5.000 10.000 10.000
8.000 6.000 14.000
4.000 9.000 13.000
5.000 6.000 16.000
13.000 8.000 13.000
11.000 4.000 11.000
10.000 2.000 10.000
9.000 5.000 11.000
10.000 4.000 10.000
11.000 6.000 17.000
8.000 4.000 16.000
9.000 4.000 7.000
10.000 5.000 5.000
11.000 8.000 10.000
5.000 4.000 10.000
8.000 7.000 4.000
12.000 7.000 7.000
9.000 9.000 5.000
13.000 11.000 7.000
15.000 11.000 10.000
11.000 13.000 6.000
12.000 9.000 5.000
10.000 13.000 10.000
15.000 7.000 10.000
13.000 13.000 9.000
22.000 11.000 13.000
16.000 12.000 18.000
16.000 22.000 21.000
28.000 32.000 20.000
24.000 16.000 29.000
21.000 41.000 40.000
