91.000 57.000 73.000
7.000 25.000 22.000
13.000 14.000 8.000
15.000 24.000 15.000
15.000 21.000 8.000
26.000 18.000 10.000
12.000 15.000 23.000
12.000 16.000 20.000
16.000 19.000 19.000
18.000 10.000 12.000
14.000 11.000 18.000
12.000 16.000 13.000
8.000 15.000 9.000
6.000 12.000 8.000
9.000 12.000 13.000
9.000 11.000 9.000
17.000 12.000 9.000
14.000 17.000 11.000
10.000 15.000 6.000
7.000 12.000 12.000
11.000 9.000 11.000
8.000 6.000 7.000
9.000 9.000 8.000
12.000 9.000 7.000
14.000 11.000 7.000
6.000 14.000 16.000
17.000 6.000 9.000
18.000 12.000 11.000
11.000 8.000 16.000
13.000 9.000 17.000
12.000 11.000 14.000
15.000 13.000 12.000
10.000 4.000 16.000
14.000 4.000 12.000
10.000 6.000 17.000
15.000 5.000 18.000
14.000 7.000 21.000
9.000 5.000 16.000
7.000 8.000 10.000
14.000 10.000 15.000
16.000 11.000 14.000
14.000 16.000 11.000
21.000 9.000 12.000
14.000 12.000 16.000
15.000 12.000 19.000
9.000 14.000 6.000
8.000 17.000 12.000
17.000 15.000 8.000
16.000 19.000 8.000
12.000 14.000 12.000
17.000 11.000 18.000
13.000 8.000 19.000
18.000 15.000 10.000
12.000 17.000 14.000
22.000 17.000 12.000
22.000 23.000 20.000
15.000 32.000 18.000
15.000 26.000 19.000
