94.000 72.000 76.000
20.000 42.000 34.000
28.000 29.000 26.000
22.000 17.000 21.000
21.000 28.000 19.000
18.000 16.000 24.000
15.000 18.000 17.000
20.000 23.000 20.000
21.000 16.000 20.000
14.000 11.000 10.000
10.000 20.000 18.000
16.000 11.000 8.000
21.000 20.000 15.000
18.000 15.000 27.000
9.000 16.000 16.000
13.000 19.000 18.000
16.000 7.000 14.000
7.000 13.000 10.000
6.000 12.000 11.000
12.000 7.000 6.000
7.000 3.000 3.000
7.000 5.000 3.000
4.000 6.000 7.000
13.000 7.000 4.000
11.000 11.000 13.000
8.000 8.000 7.000
11.000 4.000 10.000
4.000 14.000 7.000
10.000 11.000 5.000
9.000 7.000 12.000
7.000 3.000 8.000
5.000 7.000 4.000
4.000 1.000 2.000
0.000 2.000 1.000
0.000 1.000 3.000
2.000 2.000 4.000
3.000 1.000 3.000
0.000 2.000 2.000
4.000 1.000 0.000
4.000 2.000 4.000
1.000 0.000 1.000
1.000 1.000 5.000
3.000 1.000 4.000
3.000 5.000 3.000
1.000 4.000 2.000
1.000 1.000 1.000
4.000 3.000 3.000
4.000 1.000 0.000
3.000 0.000 0.000
4.000 4.000 0.000
7.000 0.000 3.000
1.000 3.000 2.000
10.000 1.000 6.000
15.000 12.000 15.000
17.000 20.000 30.000
37.000 28.000 19.000
50.000 51.000 37.000
50.000 76.000 58.000
