92.000 71.000 82.000
7.000 30.000 23.000
20.000 30.000 7.000
21.000 21.000 23.000
24.000 26.000 17.000
21.000 25.000 22.000
19.000 27.000 15.000
16.000 16.000 22.000
12.000 17.000 24.000
18.000 18.000 13.000
14.000 15.000 8.000
14.000 7.000 14.000
13.000 9.000 13.000
14.000 14.000 9.000
7.000 15.000 12.000
12.000 11.000 13.000
6.000 10.000 3.000
4.000 7.000 8.000
9.000 8.000 6.000
12.000 8.000 7.000
5.000 13.000 9.000
12.000 8.000 5.000
6.000 5.000 13.000
7.000 7.000 3.000
5.000 7.000 7.000
11.000 10.000 14.000
8.000 10.000 9.000
9.000 9.000 8.000
13.000 7.000 11.000
9.000 6.000 17.000
7.000 3.000 17.000
10.000 5.000 11.000
11.000 5.000 9.000
6.000 5.000 13.000
7.000 6.000 21.000
8.000 5.000 8.000
9.000 3.000 11.000
9.000 4.000 12.000
5.000 10.000 11.000
7.000 1.000 9.000
9.000 6.000 10.000
10.000 6.000 6.000
9.000 8.000 6.000
4.000 14.000 3.000
13.000 9.000 7.000
12.000 4.000 3.000
6.000 11.000 4.000
15.000 15.000 9.000
14.000 10.000 5.000
12.000 12.000 8.000
16.000 15.000 6.000
8.000 17.000 13.000
14.000 17.000 12.000
20.000 20.000 17.000
24.000 22.000 15.000
18.000 29.000 18.000
23.000 44.000 22.000
31.000 33.000 27.000
