70.000 67.000 66.000
7.000 20.000 15.000
13.000 14.000 12.000
4.000 23.000 21.000
8.000 12.000 13.000
20.000 17.000 11.000
5.000 19.000 16.000
16.000 14.000 12.000
12.000 10.000 15.000
11.000 16.000 14.000
9.000 11.000 14.000
10.000 14.000 12.000
7.000 15.000 14.000
10.000 16.000 14.000
8.000 9.000 9.000
11.000 11.000 8.000
5.000 12.000 11.000
18.000 13.000 12.000
14.000 15.000 12.000
8.000 12.000 10.000
11.000 7.000 13.000
11.000 8.000 5.000
14.000 6.000 5.000
16.000 9.000 4.000
8.000 12.000 7.000
12.000 12.000 14.000
13.000 12.000 8.000
16.000 6.000 9.000
10.000 12.000 13.000
15.000 9.000 12.000
13.000 10.000 5.000
10.000 10.000 21.000
10.000 13.000 13.000
14.000 10.000 22.000
21.000 10.000 16.000
12.000 8.000 13.000
9.000 6.000 14.000
10.000 7.000 16.000
10.000 6.000 13.000
20.000 7.000 20.000
16.000 4.000 13.000
18.000 8.000 12.000
19.000 8.000 5.000
8.000 13.000 13.000
20.000 6.000 10.000
19.000 14.000 10.000
18.000 9.000 8.000
18.000 16.000 6.000
14.000 14.000 10.000
10.000 12.000 8.000
15.000 9.000 17.000
15.000 21.000 14.000
14.000 16.000 11.000
15.000 24.000 12.000
19.000 28.000 20.000
12.000 34.000 32.000
19.000 34.000 23.000
16.000 35.000 26.000
