164.000 95.000 63.000
14.000 24.000 22.000
14.000 25.000 11.000
12.000 21.000 18.000
26.000 23.000 23.000
18.000 23.000 16.000
20.000 18.000 21.000
28.000 18.000 23.000
19.000 19.000 11.000
16.000 14.000 12.000
21.000 15.000 14.000
4.000 25.000 14.000
13.000 13.000 10.000
10.000 26.000 17.000
11.000 14.000 18.000
16.000 11.000 14.000
5.000 12.000 7.000
9.000 12.000 12.000
9.000 11.000 7.000
13.000 9.000 7.000
4.000 6.000 8.000
7.000 11.000 10.000
11.000 4.000 6.000
5.000 6.000 13.000
10.000 6.000 8.000
7.000 8.000 9.000
11.000 12.000 7.000
8.000 9.000 14.000
8.000 7.000 10.000
6.000 11.000 18.000
8.000 3.000 16.000
14.000 4.000 16.000
7.000 2.000 9.000
8.000 3.000 13.000
5.000 5.000 9.000
7.000 3.000 5.000
9.000 3.000 7.000
7.000 9.000 11.000
5.000 5.000 10.000
9.000 11.000 8.000
4.000 9.000 12.000
5.000 5.000 13.000
11.000 4.000 10.000
8.000 8.000 6.000
8.000 6.000 11.000
7.000 12.000 6.000
16.000 15.000 15.000
13.000 7.000 5.000
9.000 11.000 8.000
10.000 4.000 11.000
8.000 8.000 14.000
10.000 7.000 10.000
17.000 11.000 15.000
17.000 8.000 17.000
29.000 19.000 21.000
26.000 21.000 18.000
21.000 32.000 28.000
23.000 36.000 27.000
