142.000 71.000 140.000
11.000 35.000 26.000
21.000 30.000 11.000
13.000 33.000 27.000
17.000 27.000 21.000
17.000 19.000 13.000
15.000 22.000 10.000
13.000 17.000 14.000
15.000 8.000 15.000
12.000 23.000 14.000
10.000 17.000 18.000
18.000 13.000 10.000
11.000 16.000 10.000
20.000 15.000 13.000
13.000 21.000 6.000
11.000 12.000 11.000
8.000 11.000 7.000
5.000 11.000 11.000
14.000 12.000 5.000
11.000 19.000 8.000
10.000 8.000 9.000
17.000 16.000 9.000
7.000 7.000 9.000
12.000 7.000 11.000
11.000 8.000 19.000
11.000 8.000 13.000
9.000 9.000 9.000
9.000 11.000 7.000
5.000 6.000 16.000
9.000 6.000 16.000
13.000 7.000 13.000
10.000 3.000 6.000
12.000 4.000 14.000
10.000 1.000 13.000
12.000 3.000 8.000
11.000 2.000 10.000
16.000 7.000 10.000
13.000 8.000 8.000
11.000 6.000 16.000
9.000 12.000 7.000
12.000 8.000 10.000
7.000 5.000 8.000
11.000 14.000 7.000
7.000 12.000 11.000
14.000 10.000 7.000
10.000 15.000 12.000
5.000 11.000 7.000
13.000 6.000 4.000
17.000 13.000 8.000
8.000 19.000 7.000
15.000 9.000 14.000
10.000 9.000 10.000
13.000 17.000 13.000
20.000 11.000 21.000
15.000 19.000 19.000
16.000 17.000 16.000
10.000 24.000 23.000
20.000 34.000 23.000
