156.000 107.000 53.000
20.000 37.000 34.000
21.000 28.000 19.000
21.000 22.000 28.000
26.000 21.000 15.000
15.000 17.000 20.000
26.000 18.000 23.000
18.000 18.000 24.000
16.000 16.000 16.000
14.000 9.000 18.000
18.000 9.000 16.000
22.000 18.000 16.000
19.000 22.000 20.000
18.000 30.000 16.000
18.000 22.000 25.000
16.000 31.000 21.000
10.000 19.000 25.000
6.000 16.000 21.000
15.000 11.000 9.000
6.000 7.000 8.000
7.000 8.000 11.000
7.000 6.000 7.000
4.000 8.000 9.000
7.000 4.000 10.000
8.000 9.000 8.000
5.000 4.000 6.000
6.000 7.000 15.000
5.000 7.000 6.000
3.000 6.000 12.000
9.000 4.000 2.000
8.000 7.000 8.000
1.000 2.000 8.000
4.000 0.000 5.000
5.000 0.000 3.000
6.000 1.000 1.000
5.000 1.000 4.000
6.000 3.000 6.000
1.000 3.000 9.000
6.000 2.000 6.000
4.000 1.000 1.000
5.000 3.000 4.000
5.000 2.000 2.000
5.000 2.000 1.000
3.000 3.000 3.000
4.000 2.000 3.000
4.000 2.000 2.000
4.000 3.000 2.000
6.000 4.000 1.000
6.000 3.000 0.000
6.000 10.000 1.000
11.000 2.000 6.000
19.000 9.000 5.000
16.000 11.000 10.000
26.000 13.000 7.000
26.000 15.000 15.000
26.000 23.000 32.000
32.000 47.000 28.000
39.000 48.000 44.000
