106.000 89.000 61.000
10.000 28.000 27.000
26.000 23.000 16.000
14.000 24.000 27.000
15.000 16.000 22.000
19.000 19.000 18.000
11.000 14.000 22.000
11.000 16.000 21.000
20.000 18.000 16.000
20.000 16.000 13.000
17.000 11.000 22.000
24.000 12.000 20.000
12.000 13.000 12.000
6.000 16.000 10.000
13.000 18.000 12.000
9.000 15.000 20.000
15.000 13.000 15.000
8.000 20.000 8.000
14.000 6.000 15.000
7.000 5.000 8.000
10.000 5.000 5.000
11.000 14.000 10.000
14.000 9.000 8.000
11.000 7.000 5.000
14.000 5.000 7.000
6.000 8.000 9.000
6.000 13.000 11.000
11.000 8.000 6.000
5.000 12.000 8.000
4.000 4.000 5.000
5.000 8.000 8.000
10.000 2.000 10.000
4.000 5.000 8.000
7.000 6.000 12.000
7.000 1.000 4.000
5.000 3.000 9.000
8.000 3.000 10.000
7.000 8.000 10.000
5.000 8.000 13.000
4.000 5.000 7.000
7.000 5.000 7.000
5.000 3.000 11.000
6.000 6.000 4.000
5.000 6.000 8.000
13.000 5.000 4.000
11.000 6.000 5.000
7.000 8.000 5.000
9.000 12.000 4.000
12.000 10.000 5.000
10.000 4.000 8.000
9.000 2.000 11.000
11.000 3.000 12.000
15.000 14.000 14.000
23.000 13.000 17.000
24.000 21.000 11.000
15.000 27.000 20.000
33.000 48.000 35.000
34.000 43.000 29.000
