67.000 107.000 84.000
13.000 29.000 26.000
21.000 26.000 12.000
14.000 18.000 26.000
27.000 27.000 23.000
25.000 15.000 15.000
12.000 13.000 16.000
15.000 9.000 18.000
22.000 13.000 22.000
17.000 13.000 8.000
14.000 10.000 17.000
15.000 19.000 25.000
22.000 17.000 14.000
17.000 14.000 15.000
24.000 21.000 16.000
11.000 15.000 17.000
16.000 20.000 12.000
10.000 16.000 14.000
8.000 8.000 9.000
9.000 8.000 3.000
6.000 4.000 6.000
11.000 6.000 4.000
11.000 7.000 5.000
6.000 13.000 11.000
6.000 4.000 9.000
6.000 6.000 7.000
6.000 9.000 5.000
11.000 6.000 5.000
7.000 7.000 9.000
6.000 8.000 8.000
6.000 4.000 7.000
10.000 10.000 5.000
11.000 4.000 7.000
3.000 4.000 12.000
4.000 3.000 8.000
5.000 1.000 5.000
3.000 3.000 8.000
7.000 2.000 7.000
4.000 1.000 4.000
1.000 5.000 7.000
7.000 3.000 4.000
9.000 2.000 8.000
4.000 3.000 5.000
8.000 4.000 4.000
10.000 5.000 0.000
4.000 5.000 3.000
3.000 6.000 2.000
6.000 3.000 4.000
7.000 4.000 3.000
8.000 4.000 3.000
11.000 2.000 0.000
9.000 12.000 16.000
15.000 10.000 8.000
23.000 17.000 19.000
17.000 16.000 22.000
31.000 28.000 31.000
30.000 42.000 39.000
22.000 57.000 36.000
