95.000 98.000 128.000
12.000 39.000 21.000
19.000 26.000 14.000
15.000 21.000 20.000
22.000 28.000 20.000
19.000 12.000 17.000
17.000 22.000 22.000
17.000 11.000 16.000
20.000 11.000 14.000
24.000 12.000 17.000
16.000 13.000 14.000
15.000 17.000 18.000
14.000 16.000 19.000
10.000 13.000 16.000
18.000 15.000 13.000
8.000 10.000 9.000
14.000 13.000 10.000
15.000 12.000 8.000
13.000 9.000 4.000
5.000 7.000 9.000
8.000 9.000 7.000
9.000 7.000 6.000
5.000 6.000 4.000
4.000 8.000 7.000
10.000 7.000 3.000
10.000 7.000 6.000
5.000 8.000 17.000
13.000 5.000 6.000
9.000 6.000 10.000
6.000 7.000 9.000
9.000 6.000 14.000
8.000 3.000 8.000
9.000 6.000 4.000
2.000 1.000 8.000
4.000 1.000 16.000
9.000 1.000 10.000
5.000 4.000 6.000
3.000 6.000 5.000
6.000 2.000 10.000
6.000 6.000 7.000
7.000 4.000 4.000
8.000 3.000 4.000
9.000 4.000 3.000
3.000 9.000 6.000
3.000 8.000 7.000
12.000 12.000 4.000
9.000 8.000 5.000
7.000 8.000 7.000
11.000 9.000 6.000
12.000 14.000 3.000
8.000 10.000 8.000
16.000 8.000 13.000
16.000 8.000 18.000
22.000 9.000 26.000
22.000 10.000 36.000
22.000 33.000 30.000
24.000 39.000 23.000
26.000 38.000 38.000
