83.000 69.000 82.000
9.000 27.000 19.000
19.000 14.000 4.000
21.000 27.000 18.000
14.000 27.000 18.000
13.000 16.000 16.000
13.000 13.000 30.000
22.000 16.000 15.000
11.000 14.000 16.000
23.000 18.000 19.000
19.000 22.000 19.000
14.000 16.000 8.000
9.000 23.000 25.000
20.000 18.000 17.000
21.000 19.000 11.000
18.000 23.000 8.000
22.000 11.000 9.000
13.000 14.000 8.000
13.000 15.000 12.000
9.000 9.000 3.000
20.000 11.000 9.000
13.000 9.000 14.000
6.000 15.000 12.000
9.000 10.000 7.000
13.000 8.000 9.000
11.000 9.000 6.000
5.000 9.000 10.000
11.000 11.000 9.000
12.000 8.000 15.000
7.000 3.000 12.000
7.000 8.000 16.000
11.000 7.000 15.000
6.000 1.000 16.000
4.000 3.000 18.000
5.000 3.000 14.000
11.000 3.000 11.000
5.000 2.000 8.000
7.000 4.000 10.000
7.000 7.000 18.000
6.000 3.000 13.000
22.000 11.000 10.000
9.000 13.000 11.000
6.000 10.000 7.000
7.000 6.000 10.000
9.000 7.000 8.000
8.000 11.000 7.000
10.000 11.000 4.000
12.000 11.000 5.000
11.000 15.000 10.000
11.000 9.000 9.000
14.000 6.000 19.000
5.000 6.000 9.000
14.000 13.000 12.000
17.000 16.000 14.000
20.000 14.000 22.000
22.000 21.000 25.000
17.000 22.000 29.000
22.000 22.000 20.000
