83.000 85.000 62.000
13.000 20.000 26.000
20.000 31.000 14.000
18.000 16.000 24.000
24.000 22.000 28.000
22.000 22.000 21.000
16.000 14.000 25.000
12.000 14.000 16.000
19.000 19.000 10.000
12.000 11.000 20.000
20.000 9.000 4.000
12.000 25.000 19.000
14.000 6.000 17.000
13.000 13.000 14.000
13.000 14.000 12.000
6.000 20.000 16.000
14.000 11.000 12.000
9.000 8.000 10.000
9.000 11.000 5.000
14.000 6.000 6.000
9.000 6.000 4.000
7.000 6.000 5.000
9.000 5.000 13.000
9.000 8.000 5.000
10.000 4.000 6.000
10.000 11.000 5.000
8.000 8.000 4.000
9.000 9.000 7.000
3.000 9.000 2.000
5.000 7.000 4.000
5.000 4.000 11.000
8.000 8.000 8.000
4.000 1.000 7.000
3.000 2.000 8.000
5.000 4.000 2.000
2.000 4.000 7.000
6.000 3.000 9.000
5.000 2.000 9.000
4.000 1.000 7.000
7.000 7.000 9.000
5.000 3.000 6.000
3.000 3.000 7.000
5.000 4.000 3.000
7.000 0.000 3.000
3.000 5.000 3.000
11.000 6.000 7.000
6.000 2.000 3.000
5.000 2.000 6.000
6.000 6.000 4.000
10.000 12.000 9.000
12.000 5.000 7.000
15.000 7.000 8.000
14.000 6.000 18.000
16.000 16.000 22.000
25.000 21.000 20.000
28.000 30.000 29.000
32.000 46.000 39.000
30.000 58.000 62.000
