102.000 84.000 88.000
14.000 39.000 14.000
20.000 24.000 10.000
7.000 24.000 23.000
16.000 17.000 28.000
16.000 17.000 11.000
15.000 12.000 21.000
19.000 12.000 20.000
12.000 10.000 18.000
19.000 9.000 10.000
13.000 14.000 20.000
9.000 13.000 12.000
16.000 13.000 13.000
10.000 10.000 12.000
11.000 17.000 9.000
5.000 8.000 8.000
8.000 16.000 10.000
12.000 15.000 9.000
12.000 6.000 7.000
12.000 7.000 7.000
7.000 6.000 9.000
11.000 16.000 9.000
9.000 4.000 7.000
15.000 8.000 7.000
9.000 8.000 7.000
12.000 8.000 9.000
10.000 9.000 13.000
10.000 20.000 11.000
11.000 8.000 11.000
8.000 8.000 12.000
6.000 10.000 12.000
7.000 5.000 9.000
6.000 6.000 15.000
8.000 5.000 11.000
6.000 5.000 7.000
10.000 2.000 8.000
11.000 6.000 7.000
8.000 5.000 14.000
18.000 7.000 8.000
7.000 9.000 8.000
15.000 6.000 13.000
9.000 11.000 13.000
11.000 5.000 12.000
5.000 9.000 6.000
13.000 13.000 8.000
9.000 10.000 5.000
16.000 5.000 9.000
19.000 15.000 7.000
8.000 9.000 9.000
13.000 4.000 7.000
19.000 13.000 11.000
15.000 13.000 9.000
19.000 11.000 20.000
21.000 15.000 15.000
25.000 26.000 25.000
17.000 25.000 28.000
15.000 26.000 22.000
16.000 48.000 32.000
