63.000 62.000 91.000
4.000 33.000 14.000
23.000 16.000 15.000
10.000 21.000 24.000
19.000 22.000 7.000
16.000 24.000 19.000
15.000 16.000 21.000
13.000 16.000 10.000
15.000 13.000 12.000
10.000 12.000 13.000
17.000 11.000 11.000
20.000 14.000 13.000
11.000 17.000 12.000
16.000 11.000 13.000
14.000 13.000 18.000
22.000 20.000 11.000
14.000 16.000 9.000
13.000 9.000 10.000
9.000 14.000 7.000
8.000 7.000 7.000
9.000 10.000 7.000
16.000 7.000 3.000
15.000 6.000 4.000
8.000 10.000 7.000
6.000 10.000 13.000
9.000 11.000 8.000
12.000 11.000 3.000
10.000 5.000 7.000
10.000 9.000 12.000
8.000 9.000 14.000
7.000 10.000 14.000
9.000 5.000 19.000
7.000 6.000 10.000
15.000 10.000 8.000
12.000 1.000 12.000
9.000 0.000 9.000
5.000 2.000 11.000
11.000 6.000 8.000
13.000 8.000 8.000
5.000 3.000 11.000
7.000 7.000 8.000
12.000 3.000 7.000
9.000 8.000 8.000
11.000 8.000 6.000
9.000 6.000 3.000
10.000 11.000 8.000
15.000 8.000 3.000
9.000 6.000 4.000
18.000 4.000 4.000
17.000 11.000 3.000
13.000 13.000 13.000
21.000 10.000 11.000
23.000 20.000 13.000
26.000 20.000 21.000
16.000 19.000 26.000
26.000 21.000 24.000
19.000 33.000 27.000
20.000 48.000 41.000
