103.000 55.000 71.000
17.000 43.000 49.000
30.000 40.000 31.000
30.000 26.000 23.000
35.000 33.000 32.000
20.000 26.000 32.000
22.000 27.000 21.000
21.000 22.000 19.000
15.000 22.000 18.000
14.000 16.000 11.000
16.000 8.000 16.000
21.000 20.000 16.000
14.000 11.000 17.000
13.000 14.000 15.000
13.000 23.000 20.000
10.000 20.000 10.000
13.000 12.000 19.000
8.000 10.000 12.000
7.000 11.000 4.000
4.000 1.000 7.000
8.000 3.000 2.000
9.000 5.000 4.000
6.000 8.000 1.000
11.000 7.000 7.000
7.000 3.000 7.000
10.000 4.000 3.000
5.000 4.000 10.000
9.000 9.000 9.000
3.000 12.000 13.000
2.000 4.000 4.000
9.000 8.000 4.000
3.000 5.000 1.000
7.000 4.000 2.000
3.000 0.000 2.000
5.000 0.000 2.000
4.000 1.000 5.000
1.000 1.000 0.000
2.000 1.000 4.000
2.000 1.000 2.000
2.000 3.000 1.000
3.000 0.000 2.000
2.000 2.000 2.000
1.000 3.000 2.000
0.000 4.000 1.000
5.000 0.000 0.000
0.000 0.000 1.000
2.000 2.000 3.000
8.000 1.000 2.000
5.000 2.000 0.000
9.000 1.000 4.000
5.000 2.000 1.000
7.000 8.000 7.000
17.000 7.000 11.000
18.000 7.000 18.000
29.000 20.000 17.000
31.000 29.000 35.000
36.000 30.000 48.000
40.000 66.000 57.000
