91.000 65.000 64.000
11.000 37.000 25.000
17.000 23.000 16.000
11.000 20.000 23.000
19.000 17.000 16.000
16.000 13.000 19.000
17.000 13.000 17.000
29.000 13.000 16.000
15.000 16.000 10.000
15.000 19.000 18.000
16.000 14.000 16.000
11.000 9.000 8.000
12.000 20.000 17.000
17.000 24.000 18.000
12.000 26.000 16.000
16.000 12.000 9.000
7.000 15.000 11.000
9.000 5.000 12.000
9.000 8.000 18.000
11.000 4.000 8.000
8.000 17.000 9.000
8.000 6.000 7.000
9.000 6.000 9.000
4.000 11.000 8.000
10.000 4.000 6.000
9.000 7.000 2.000
4.000 6.000 13.000
12.000 17.000 8.000
9.000 8.000 9.000
11.000 6.000 13.000
12.000 8.000 5.000
5.000 7.000 9.000
8.000 6.000 1.000
7.000 5.000 8.000
3.000 3.000 8.000
6.000 7.000 9.000
7.000 0.000 10.000
5.000 4.000 5.000
8.000 4.000 7.000
4.000 5.000 7.000
5.000 4.000 6.000
7.000 3.000 8.000
2.000 4.000 4.000
5.000 6.000 4.000
4.000 6.000 3.000
14.000 3.000 5.000
5.000 3.000 2.000
11.000 1.000 0.000
6.000 3.000 1.000
11.000 5.000 5.000
9.000 7.000 3.000
11.000 9.000 8.000
21.000 11.000 11.000
18.000 12.000 19.000
30.000 27.000 24.000
30.000 37.000 31.000
29.000 40.000 44.000
28.000 52.000 43.000
