139.000 85.000 74.000
9.000 25.000 22.000
17.000 27.000 9.000
13.000 17.000 23.000
16.000 25.000 20.000
25.000 22.000 9.000
15.000 16.000 18.000
13.000 11.000 21.000
10.000 6.000 19.000
8.000 13.000 15.000
8.000 10.000 7.000
16.000 3.000 13.000
10.000 18.000 8.000
7.000 7.000 12.000
12.000 12.000 5.000
8.000 15.000 5.000
11.000 7.000 4.000
5.000 8.000 5.000
3.000 11.000 4.000
7.000 10.000 6.000
11.000 10.000 8.000
18.000 8.000 9.000
11.000 8.000 11.000
6.000 8.000 15.000
6.000 12.000 10.000
7.000 11.000 11.000
23.000 15.000 10.000
13.000 11.000 8.000
11.000 4.000 10.000
12.000 10.000 13.000
12.000 7.000 18.000
11.000 8.000 16.000
7.000 10.000 20.000
12.000 5.000 18.000
11.000 9.000 18.000
7.000 7.000 15.000
13.000 5.000 12.000
6.000 5.000 17.000
7.000 6.000 20.000
12.000 12.000 9.000
17.000 13.000 11.000
10.000 6.000 12.000
15.000 8.000 13.000
15.000 12.000 6.000
6.000 10.000 7.000
11.000 14.000 13.000
10.000 13.000 14.000
6.000 12.000 10.000
12.000 14.000 6.000
10.000 15.000 10.000
17.000 16.000 14.000
15.000 11.000 12.000
16.000 14.000 14.000
24.000 20.000 19.000
22.000 24.000 17.000
17.000 27.000 14.000
24.000 22.000 23.000
17.000 27.000 22.000
