74.000 67.000 58.000
10.000 8.000 13.000
10.000 19.000 10.000
11.000 13.000 12.000
7.000 13.000 9.000
8.000 13.000 10.000
9.000 18.000 14.000
11.000 21.000 11.000
8.000 10.000 6.000
15.000 15.000 11.000
12.000 11.000 12.000
10.000 14.000 7.000
15.000 21.000 15.000
13.000 18.000 16.000
6.000 9.000 9.000
13.000 11.000 15.000
10.000 17.000 13.000
10.000 6.000 9.000
14.000 10.000 14.000
7.000 10.000 10.000
10.000 14.000 6.000
14.000 12.000 7.000
10.000 14.000 8.000
14.000 13.000 7.000
11.000 11.000 6.000
11.000 12.000 5.000
7.000 5.000 6.000
10.000 9.000 15.000
17.000 6.000 13.000
8.000 12.000 14.000
16.000 4.000 13.000
13.000 10.000 13.000
23.000 9.000 19.000
13.000 3.000 10.000
9.000 6.000 13.000
26.000 5.000 20.000
11.000 5.000 12.000
16.000 5.000 15.000
12.000 4.000 14.000
14.000 5.000 13.000
14.000 7.000 13.000
24.000 11.000 9.000
18.000 5.000 10.000
15.000 16.000 15.000
15.000 13.000 14.000
18.000 12.000 13.000
19.000 12.000 4.000
15.000 14.000 7.000
18.000 12.000 12.000
16.000 21.000 8.000
16.000 21.000 13.000
16.000 23.000 5.000
19.000 24.000 27.000
13.000 32.000 16.000
16.000 32.000 17.000
14.000 34.000 20.000
14.000 35.000 15.000
16.000 24.000 19.000
