69.000 54.000 63.000
9.000 23.000 20.000
13.000 15.000 11.000
8.000 14.000 20.000
16.000 14.000 10.000
17.000 18.000 9.000
4.000 15.000 18.000
13.000 13.000 12.000
8.000 14.000 10.000
12.000 21.000 9.000
9.000 9.000 13.000
8.000 15.000 7.000
11.000 14.000 4.000
8.000 10.000 11.000
12.000 10.000 12.000
11.000 13.000 5.000
10.000 12.000 10.000
8.000 5.000 14.000
7.000 12.000 9.000
6.000 8.000 15.000
15.000 11.000 12.000
8.000 18.000 7.000
16.000 7.000 9.000
12.000 10.000 8.000
13.000 8.000 10.000
14.000 21.000 13.000
10.000 9.000 16.000
10.000 11.000 20.000
13.000 8.000 13.000
14.000 9.000 13.000
12.000 4.000 16.000
13.000 6.000 16.000
18.000 4.000 16.000
20.000 13.000 16.000
10.000 11.000 22.000
16.000 6.000 17.000
18.000 12.000 17.000
12.000 5.000 20.000
20.000 10.000 21.000
12.000 13.000 13.000
11.000 11.000 18.000
16.000 12.000 16.000
18.000 6.000 15.000
18.000 14.000 14.000
20.000 18.000 9.000
14.000 12.000 10.000
11.000 14.000 10.000
15.000 12.000 10.000
14.000 14.000 13.000
19.000 16.000 13.000
19.000 15.000 11.000
15.000 26.000 11.000
15.000 11.000 11.000
12.000 19.000 20.000
17.000 28.000 8.000
14.000 29.000 14.000
20.000 26.000 16.000
12.000 26.000 20.000
