108.000 79.000 86.000
25.000 51.000 53.000
37.000 26.000 21.000
18.000 19.000 24.000
16.000 23.000 14.000
21.000 25.000 18.000
21.000 24.000 25.000
18.000 11.000 17.000
16.000 12.000 17.000
11.000 12.000 10.000
17.000 8.000 13.000
13.000 14.000 13.000
12.000 10.000 10.000
5.000 10.000 17.000
11.000 13.000 13.000
11.000 20.000 12.000
7.000 7.000 6.000
3.000 8.000 8.000
5.000 8.000 3.000
5.000 4.000 4.000
6.000 3.000 5.000
2.000 3.000 3.000
6.000 1.000 1.000
2.000 4.000 5.000
5.000 7.000 4.000
7.000 4.000 7.000
6.000 4.000 4.000
6.000 8.000 6.000
6.000 7.000 3.000
4.000 5.000 5.000
4.000 7.000 6.000
5.000 3.000 5.000
5.000 2.000 2.000
1.000 2.000 1.000
2.000 1.000 3.000
1.000 2.000 3.000
5.000 1.000 2.000
1.000 5.000 3.000
2.000 1.000 3.000
2.000 1.000 1.000
1.000 3.000 3.000
0.000 2.000 5.000
4.000 2.000 6.000
4.000 1.000 2.000
0.000 4.000 4.000
11.000 1.000 2.000
4.000 7.000 2.000
9.000 3.000 1.000
8.000 1.000 1.000
6.000 4.000 4.000
8.000 1.000 2.000
7.000 5.000 11.000
8.000 3.000 7.000
16.000 10.000 22.000
36.000 20.000 19.000
37.000 28.000 41.000
55.000 53.000 64.000
49.000 69.000 56.000
