111.000 101.000 104.000
15.000 46.000 40.000
17.000 42.000 22.000
14.000 34.000 31.000
29.000 25.000 32.000
21.000 20.000 14.000
21.000 16.000 18.000
15.000 7.000 21.000
20.000 15.000 13.000
15.000 11.000 24.000
16.000 12.000 14.000
21.000 12.000 12.000
20.000 8.000 12.000
11.000 18.000 8.000
11.000 14.000 17.000
10.000 15.000 20.000
10.000 13.000 7.000
6.000 16.000 12.000
11.000 11.000 5.000
12.000 11.000 4.000
8.000 5.000 8.000
6.000 4.000 5.000
9.000 5.000 2.000
12.000 3.000 7.000
10.000 8.000 3.000
5.000 5.000 4.000
6.000 9.000 7.000
7.000 9.000 9.000
8.000 11.000 10.000
7.000 11.000 10.000
5.000 5.000 9.000
11.000 8.000 10.000
8.000 5.000 8.000
10.000 4.000 12.000
8.000 2.000 4.000
8.000 3.000 7.000
12.000 3.000 7.000
3.000 2.000 4.000
3.000 3.000 6.000
5.000 1.000 2.000
2.000 3.000 1.000
5.000 4.000 4.000
9.000 1.000 3.000
3.000 4.000 3.000
5.000 1.000 1.000
10.000 5.000 5.000
8.000 4.000 2.000
9.000 4.000 1.000
12.000 2.000 1.000
6.000 4.000 2.000
11.000 3.000 9.000
14.000 11.000 8.000
10.000 7.000 16.000
11.000 19.000 16.000
18.000 25.000 15.000
19.000 31.000 29.000
24.000 37.000 37.000
20.000 63.000 44.000
