81.000 64.000 105.000
13.000 21.000 14.000
21.000 20.000 10.000
11.000 17.000 20.000
20.000 16.000 16.000
13.000 8.000 13.000
14.000 21.000 16.000
18.000 18.000 11.000
11.000 18.000 12.000
14.000 21.000 13.000
12.000 16.000 13.000
9.000 12.000 15.000
13.000 19.000 8.000
7.000 13.000 6.000
13.000 18.000 11.000
13.000 13.000 14.000
12.000 10.000 9.000
11.000 13.000 9.000
10.000 7.000 12.000
8.000 17.000 9.000
13.000 21.000 9.000
8.000 14.000 9.000
8.000 18.000 12.000
13.000 9.000 8.000
9.000 11.000 15.000
11.000 8.000 10.000
11.000 5.000 15.000
13.000 9.000 10.000
18.000 6.000 17.000
11.000 8.000 14.000
16.000 3.000 14.000
11.000 8.000 16.000
10.000 5.000 17.000
9.000 6.000 21.000
19.000 5.000 14.000
17.000 4.000 20.000
10.000 4.000 14.000
10.000 7.000 14.000
11.000 2.000 11.000
12.000 6.000 10.000
14.000 15.000 18.000
8.000 8.000 11.000
5.000 10.000 12.000
11.000 17.000 15.000
11.000 14.000 7.000
12.000 12.000 10.000
10.000 19.000 15.000
14.000 22.000 8.000
11.000 16.000 15.000
18.000 17.000 17.000
11.000 14.000 13.000
24.000 12.000 17.000
22.000 10.000 9.000
21.000 17.000 11.000
18.000 22.000 16.000
15.000 23.000 13.000
16.000 22.000 9.000
22.000 28.000 15.000
