79.000 93.000 74.000
7.000 18.000 25.000
16.000 32.000 20.000
14.000 18.000 18.000
14.000 23.000 17.000
22.000 23.000 13.000
13.000 13.000 22.000
13.000 19.000 14.000
13.000 12.000 22.000
16.000 14.000 9.000
8.000 9.000 16.000
12.000 10.000 13.000
11.000 6.000 12.000
6.000 12.000 11.000
10.000 11.000 7.000
7.000 23.000 7.000
7.000 8.000 12.000
15.000 8.000 8.000
12.000 14.000 4.000
5.000 3.000 5.000
6.000 11.000 6.000
8.000 5.000 12.000
9.000 2.000 7.000
15.000 3.000 5.000
5.000 4.000 7.000
6.000 9.000 14.000
12.000 7.000 7.000
14.000 3.000 14.000
10.000 2.000 15.000
3.000 5.000 9.000
6.000 1.000 10.000
5.000 3.000 12.000
5.000 8.000 11.000
11.000 1.000 5.000
8.000 3.000 12.000
1.000 1.000 7.000
10.000 5.000 6.000
4.000 3.000 9.000
11.000 4.000 11.000
11.000 3.000 8.000
10.000 3.000 5.000
4.000 6.000 10.000
8.000 7.000 8.000
5.000 7.000 6.000
7.000 8.000 10.000
7.000 10.000 5.000
13.000 5.000 4.000
14.000 10.000 5.000
14.000 9.000 12.000
16.000 9.000 13.000
11.000 14.000 11.000
14.000 12.000 15.000
20.000 18.000 15.000
17.000 20.000 19.000
17.000 32.000 27.000
26.000 30.000 24.000
28.000 36.000 28.000
24.000 55.000 31.000
