88.000 73.000 88.000
7.000 32.000 33.000
26.000 26.000 13.000
13.000 15.000 19.000
26.000 18.000 18.000
18.000 26.000 22.000
24.000 26.000 25.000
28.000 17.000 22.000
13.000 20.000 13.000
18.000 10.000 10.000
22.000 15.000 14.000
16.000 22.000 22.000
16.000 25.000 20.000
24.000 22.000 21.000
23.000 25.000 26.000
11.000 22.000 6.000
14.000 18.000 17.000
19.000 20.000 14.000
10.000 6.000 13.000
9.000 5.000 10.000
9.000 4.000 4.000
7.000 3.000 8.000
6.000 3.000 4.000
4.000 5.000 6.000
8.000 11.000 5.000
7.000 4.000 2.000
9.000 11.000 9.000
6.000 4.000 6.000
7.000 10.000 10.000
7.000 2.000 6.000
5.000 5.000 8.000
3.000 4.000 4.000
3.000 6.000 6.000
7.000 0.000 6.000
2.000 0.000 6.000
5.000 3.000 7.000
6.000 3.000 7.000
2.000 2.000 7.000
3.000 1.000 9.000
4.000 3.000 5.000
7.000 4.000 4.000
2.000 5.000 3.000
4.000 5.000 5.000
1.000 2.000 2.000
4.000 6.000 3.000
4.000 3.000 3.000
5.000 7.000 4.000
3.000 4.000 2.000
9.000 6.000 1.000
1.000 8.000 5.000
6.000 7.000 6.000
3.000 3.000 10.000
7.000 3.000 8.000
16.000 9.000 20.000
17.000 18.000 36.000
27.000 26.000 26.000
26.000 36.000 46.000
46.000 52.000 41.000
