77.000 43.000 135.000
8.000 16.000 19.000
15.000 27.000 11.000
6.000 18.000 14.000
20.000 22.000 15.000
6.000 24.000 15.000
8.000 13.000 13.000
14.000 16.000 13.000
11.000 12.000 7.000
16.000 14.000 7.000
11.000 14.000 12.000
12.000 17.000 5.000
8.000 17.000 14.000
15.000 12.000 7.000
5.000 8.000 7.000
6.000 12.000 7.000
12.000 11.000 10.000
7.000 12.000 5.000
9.000 14.000 10.000
11.000 9.000 9.000
7.000 4.000 8.000
12.000 10.000 5.000
11.000 7.000 11.000
10.000 7.000 12.000
11.000 9.000 11.000
12.000 9.000 9.000
12.000 11.000 12.000
17.000 9.000 15.000
6.000 6.000 7.000
12.000 7.000 9.000
7.000 10.000 13.000
18.000 6.000 19.000
14.000 4.000 18.000
14.000 10.000 13.000
5.000 4.000 18.000
18.000 2.000 12.000
11.000 5.000 17.000
14.000 7.000 10.000
12.000 3.000 16.000
14.000 8.000 7.000
9.000 8.000 8.000
14.000 13.000 7.000
10.000 14.000 9.000
14.000 11.000 15.000
19.000 9.000 10.000
19.000 15.000 9.000
15.000 15.000 7.000
19.000 15.000 9.000
21.000 17.000 9.000
13.000 13.000 15.000
8.000 11.000 11.000
14.000 20.000 26.000
17.000 18.000 26.000
11.000 12.000 20.000
20.000 25.000 20.000
17.000 35.000 21.000
13.000 23.000 16.000
14.000 42.000 20.000
