87.000 74.000 75.000
16.000 25.000 25.000
18.000 27.000 12.000
4.000 19.000 19.000
19.000 19.000 21.000
15.000 20.000 12.000
17.000 14.000 18.000
16.000 10.000 15.000
14.000 17.000 25.000
9.000 13.000 12.000
12.000 13.000 20.000
12.000 9.000 17.000
13.000 17.000 15.000
8.000 10.000 13.000
19.000 21.000 20.000
14.000 16.000 18.000
16.000 12.000 15.000
6.000 17.000 6.000
8.000 8.000 6.000
18.000 12.000 6.000
8.000 10.000 7.000
5.000 5.000 7.000
11.000 6.000 2.000
11.000 10.000 5.000
10.000 13.000 6.000
12.000 9.000 8.000
8.000 11.000 8.000
8.000 8.000 12.000
11.000 7.000 8.000
12.000 8.000 6.000
14.000 9.000 3.000
9.000 7.000 8.000
6.000 8.000 15.000
12.000 1.000 8.000
7.000 1.000 10.000
5.000 4.000 11.000
10.000 4.000 8.000
6.000 6.000 8.000
5.000 2.000 11.000
7.000 3.000 5.000
3.000 3.000 6.000
8.000 3.000 4.000
3.000 4.000 8.000
11.000 7.000 2.000
6.000 6.000 7.000
10.000 5.000 0.000
17.000 7.000 1.000
7.000 3.000 4.000
9.000 3.000 6.000
10.000 8.000 4.000
14.000 3.000 8.000
10.000 6.000 15.000
14.000 13.000 19.000
17.000 21.000 18.000
10.000 17.000 31.000
27.000 36.000 29.000
24.000 35.000 36.000
35.000 66.000 39.000
