97.000 73.000 134.000
12.000 38.000 31.000
29.000 20.000 23.000
10.000 35.000 37.000
13.000 23.000 18.000
23.000 21.000 11.000
17.000 26.000 14.000
17.000 24.000 18.000
19.000 20.000 18.000
14.000 11.000 14.000
15.000 15.000 14.000
18.000 17.000 14.000
15.000 13.000 14.000
9.000 32.000 14.000
16.000 19.000 30.000
15.000 21.000 18.000
19.000 16.000 13.000
17.000 8.000 10.000
21.000 10.000 5.000
17.000 8.000 3.000
17.000 3.000 5.000
6.000 3.000 7.000
8.000 7.000 9.000
15.000 1.000 4.000
10.000 4.000 6.000
11.000 8.000 8.000
11.000 8.000 9.000
6.000 7.000 6.000
8.000 10.000 12.000
7.000 10.000 9.000
7.000 6.000 6.000
10.000 1.000 9.000
3.000 3.000 1.000
7.000 4.000 7.000
2.000 2.000 7.000
2.000 2.000 6.000
6.000 0.000 1.000
3.000 6.000 2.000
6.000 2.000 1.000
6.000 6.000 0.000
6.000 5.000 1.000
4.000 5.000 4.000
4.000 3.000 1.000
4.000 2.000 1.000
8.000 3.000 1.000
4.000 6.000 0.000
7.000 5.000 2.000
11.000 3.000 3.000
7.000 2.000 5.000
11.000 2.000 4.000
10.000 2.000 9.000
14.000 7.000 8.000
16.000 5.000 17.000
18.000 10.000 14.000
19.000 17.000 16.000
26.000 37.000 26.000
34.000 28.000 36.000
21.000 52.000 55.000
