119.000 79.000 93.000
10.000 31.000 24.000
17.000 25.000 16.000
4.000 29.000 18.000
21.000 24.000 24.000
12.000 25.000 17.000
12.000 15.000 19.000
30.000 19.000 14.000
12.000 23.000 15.000
22.000 15.000 8.000
10.000 13.000 21.000
10.000 18.000 15.000
8.000 15.000 16.000
6.000 14.000 13.000
16.000 12.000 15.000
6.000 12.000 12.000
11.000 16.000 10.000
11.000 13.000 11.000
12.000 12.000 14.000
15.000 11.000 7.000
7.000 15.000 12.000
11.000 8.000 8.000
15.000 5.000 12.000
11.000 7.000 9.000
12.000 9.000 12.000
9.000 9.000 9.000
8.000 11.000 12.000
12.000 10.000 16.000
12.000 8.000 8.000
9.000 8.000 9.000
8.000 6.000 12.000
11.000 4.000 19.000
8.000 6.000 14.000
12.000 4.000 15.000
16.000 7.000 21.000
10.000 2.000 13.000
7.000 5.000 10.000
15.000 6.000 8.000
11.000 8.000 17.000
11.000 11.000 16.000
7.000 10.000 12.000
15.000 13.000 11.000
12.000 11.000 9.000
18.000 16.000 6.000
12.000 7.000 3.000
9.000 12.000 10.000
12.000 14.000 3.000
9.000 14.000 8.000
15.000 7.000 5.000
12.000 10.000 7.000
19.000 18.000 7.000
12.000 9.000 17.000
13.000 11.000 13.000
15.000 18.000 11.000
15.000 19.000 22.000
23.000 30.000 16.000
15.000 23.000 16.000
12.000 26.000 13.000
