99.000 81.000 91.000
6.000 27.000 19.000
22.000 26.000 20.000
9.000 24.000 26.000
14.000 22.000 16.000
22.000 21.000 17.000
16.000 17.000 18.000
11.000 5.000 15.000
9.000 15.000 13.000
13.000 14.000 16.000
10.000 10.000 19.000
12.000 20.000 5.000
15.000 8.000 15.000
11.000 7.000 8.000
10.000 14.000 10.000
8.000 10.000 13.000
13.000 10.000 8.000
11.000 11.000 11.000
9.000 13.000 14.000
11.000 6.000 7.000
13.000 6.000 1.000
7.000 10.000 8.000
8.000 8.000 4.000
12.000 5.000 2.000
9.000 8.000 9.000
10.000 6.000 9.000
4.000 8.000 8.000
3.000 7.000 10.000
6.000 11.000 9.000
12.000 8.000 12.000
11.000 8.000 6.000
8.000 9.000 9.000
12.000 5.000 16.000
12.000 5.000 8.000
8.000 2.000 9.000
6.000 7.000 11.000
11.000 5.000 11.000
11.000 7.000 7.000
10.000 5.000 6.000
11.000 6.000 10.000
15.000 9.000 4.000
10.000 6.000 5.000
15.000 5.000 5.000
15.000 5.000 6.000
18.000 11.000 10.000
13.000 7.000 4.000
10.000 8.000 6.000
16.000 9.000 4.000
8.000 5.000 9.000
10.000 8.000 7.000
16.000 14.000 13.000
20.000 9.000 10.000
18.000 11.000 19.000
24.000 18.000 19.000
27.000 31.000 31.000
31.000 37.000 22.000
22.000 41.000 27.000
20.000 48.000 38.000
