124.000 72.000 97.000
7.000 30.000 27.000
22.000 25.000 16.000
16.000 31.000 26.000
33.000 31.000 26.000
18.000 35.000 29.000
18.000 30.000 38.000
32.000 29.000 24.000
22.000 23.000 15.000
36.000 17.000 26.000
26.000 18.000 22.000
13.000 16.000 17.000
20.000 18.000 21.000
12.000 22.000 17.000
9.000 25.000 24.000
22.000 23.000 20.000
11.000 19.000 9.000
16.000 16.000 10.000
8.000 10.000 3.000
14.000 8.000 8.000
8.000 6.000 11.000
6.000 4.000 2.000
11.000 5.000 6.000
8.000 5.000 2.000
9.000 3.000 13.000
7.000 6.000 4.000
2.000 4.000 9.000
13.000 3.000 8.000
8.000 7.000 3.000
6.000 7.000 8.000
4.000 2.000 12.000
12.000 4.000 3.000
5.000 1.000 2.000
12.000 4.000 6.000
5.000 1.000 5.000
5.000 0.000 9.000
6.000 2.000 5.000
10.000 1.000 4.000
7.000 4.000 5.000
3.000 7.000 3.000
9.000 3.000 5.000
5.000 4.000 5.000
5.000 9.000 2.000
8.000 1.000 4.000
4.000 12.000 0.000
4.000 2.000 5.000
9.000 5.000 1.000
9.000 4.000 4.000
9.000 4.000 5.000
7.000 7.000 4.000
10.000 4.000 12.000
8.000 11.000 9.000
19.000 11.000 8.000
16.000 8.000 23.000
26.000 16.000 17.000
20.000 32.000 29.000
24.000 32.000 41.000
17.000 52.000 29.000
