79.000 75.000 76.000
15.000 21.000 23.000
30.000 27.000 17.000
14.000 23.000 21.000
17.000 23.000 28.000
22.000 24.000 23.000
16.000 22.000 17.000
20.000 18.000 24.000
21.000 13.000 9.000
17.000 14.000 12.000
12.000 14.000 14.000
14.000 15.000 15.000
13.000 13.000 18.000
17.000 17.000 14.000
14.000 16.000 10.000
13.000 25.000 9.000
12.000 14.000 19.000
9.000 14.000 11.000
9.000 6.000 7.000
11.000 9.000 8.000
10.000 7.000 7.000
12.000 9.000 17.000
7.000 5.000 13.000
13.000 7.000 4.000
12.000 12.000 6.000
11.000 11.000 13.000
9.000 13.000 8.000
9.000 6.000 7.000
10.000 4.000 7.000
7.000 7.000 11.000
6.000 6.000 8.000
4.000 7.000 9.000
6.000 8.000 7.000
11.000 3.000 11.000
7.000 3.000 5.000
7.000 4.000 8.000
8.000 3.000 6.000
5.000 5.000 9.000
6.000 4.000 6.000
5.000 1.000 9.000
7.000 6.000 11.000
6.000 4.000 6.000
7.000 7.000 5.000
8.000 8.000 5.000
13.000 3.000 11.000
10.000 7.000 3.000
10.000 6.000 5.000
8.000 9.000 9.000
15.000 8.000 5.000
12.000 12.000 7.000
9.000 12.000 13.000
23.000 10.000 9.000
11.000 15.000 16.000
23.000 23.000 16.000
23.000 23.000 24.000
26.000 19.000 29.000
22.000 40.000 28.000
23.000 48.000 37.000
