99.000 101.000 73.000
9.000 14.000 23.000
16.000 24.000 11.000
8.000 20.000 15.000
8.000 14.000 14.000
16.000 17.000 13.000
15.000 22.000 23.000
14.000 13.000 17.000
11.000 20.000 21.000
15.000 25.000 8.000
5.000 13.000 19.000
14.000 18.000 19.000
12.000 24.000 13.000
13.000 15.000 14.000
11.000 21.000 15.000
11.000 18.000 15.000
13.000 19.000 14.000
17.000 15.000 12.000
11.000 14.000 10.000
11.000 8.000 11.000
16.000 11.000 15.000
13.000 7.000 9.000
15.000 10.000 4.000
15.000 9.000 15.000
11.000 12.000 8.000
7.000 14.000 12.000
11.000 6.000 11.000
14.000 10.000 14.000
16.000 5.000 14.000
16.000 13.000 17.000
11.000 3.000 18.000
11.000 2.000 21.000
17.000 3.000 14.000
23.000 7.000 9.000
9.000 5.000 16.000
21.000 3.000 21.000
14.000 7.000 17.000
10.000 7.000 15.000
9.000 1.000 14.000
16.000 16.000 18.000
10.000 4.000 11.000
14.000 5.000 15.000
21.000 19.000 12.000
8.000 10.000 9.000
15.000 8.000 8.000
11.000 10.000 10.000
14.000 22.000 12.000
11.000 13.000 7.000
10.000 11.000 7.000
11.000 11.000 12.000
12.000 10.000 8.000
13.000 12.000 16.000
14.000 18.000 10.000
13.000 17.000 12.000
16.000 13.000 15.000
7.000 22.000 16.000
14.000 31.000 14.000
15.000 26.000 11.000
