94.000 91.000 83.000
8.000 22.000 19.000
10.000 21.000 8.000
9.000 24.000 14.000
19.000 16.000 14.000
10.000 24.000 15.000
14.000 28.000 19.000
17.000 21.000 23.000
12.000 17.000 24.000
15.000 22.000 7.000
14.000 21.000 13.000
12.000 18.000 22.000
23.000 13.000 17.000
20.000 17.000 13.000
12.000 25.000 17.000
14.000 20.000 10.000
18.000 25.000 16.000
12.000 14.000 11.000
15.000 23.000 10.000
22.000 11.000 12.000
19.000 15.000 11.000
9.000 10.000 15.000
20.000 12.000 17.000
21.000 12.000 14.000
14.000 5.000 20.000
19.000 8.000 16.000
23.000 7.000 18.000
6.000 11.000 15.000
25.000 7.000 13.000
18.000 7.000 16.000
14.000 7.000 20.000
20.000 3.000 21.000
14.000 7.000 18.000
20.000 10.000 21.000
18.000 7.000 17.000
11.000 6.000 15.000
12.000 10.000 22.000
15.000 12.000 11.000
17.000 9.000 11.000
19.000 12.000 11.000
8.000 15.000 21.000
9.000 18.000 17.000
8.000 20.000 11.000
6.000 10.000 14.000
12.000 8.000 10.000
12.000 23.000 9.000
10.000 10.000 10.000
6.000 9.000 9.000
13.000 14.000 9.000
12.000 16.000 10.000
4.000 16.000 11.000
9.000 15.000 4.000
10.000 21.000 6.000
9.000 12.000 13.000
15.000 15.000 9.000
14.000 12.000 7.000
8.000 8.000 12.000
4.000 9.000 6.000
