61.000 66.000 60.000
4.000 14.000 18.000
10.000 15.000 5.000
1.000 12.000 10.000
11.000 11.000 14.000
17.000 18.000 13.000
5.000 7.000 10.000
13.000 11.000 13.000
14.000 15.000 9.000
16.000 14.000 4.000
9.000 14.000 15.000
15.000 10.000 11.000
9.000 13.000 9.000
13.000 7.000 10.000
8.000 19.000 7.000
11.000 11.000 10.000
9.000 14.000 5.000
12.000 13.000 7.000
5.000 16.000 7.000
11.000 12.000 7.000
14.000 18.000 7.000
11.000 16.000 7.000
8.000 13.000 9.000
14.000 12.000 12.000
14.000 14.000 15.000
9.000 12.000 6.000
8.000 14.000 14.000
17.000 11.000 24.000
16.000 14.000 11.000
11.000 10.000 9.000
22.000 6.000 27.000
17.000 10.000 12.000
16.000 13.000 15.000
23.000 9.000 22.000
16.000 5.000 17.000
24.000 8.000 27.000
21.000 3.000 15.000
15.000 8.000 21.000
19.000 9.000 19.000
20.000 5.000 15.000
9.000 11.000 29.000
19.000 16.000 10.000
15.000 13.000 16.000
18.000 18.000 14.000
21.000 13.000 8.000
7.000 15.000 20.000
16.000 18.000 16.000
14.000 23.000 9.000
13.000 22.000 10.000
16.000 11.000 11.000
13.000 24.000 10.000
17.000 13.000 15.000
10.000 13.000 17.000
17.000 20.000 19.000
15.000 27.000 18.000
14.000 20.000 14.000
15.000 33.000 16.000
11.000 28.000 17.000
