145.000 71.000 111.000
11.000 19.000 20.000
19.000 19.000 20.000
9.000 28.000 20.000
9.000 18.000 22.000
14.000 35.000 12.000
13.000 26.000 27.000
16.000 28.000 15.000
17.000 15.000 18.000
10.000 20.000 17.000
8.000 16.000 14.000
13.000 8.000 19.000
11.000 14.000 14.000
11.000 15.000 6.000
9.000 13.000 14.000
12.000 11.000 14.000
8.000 16.000 11.000
10.000 20.000 11.000
17.000 14.000 11.000
13.000 10.000 16.000
8.000 6.000 9.000
10.000 8.000 14.000
11.000 12.000 10.000
16.000 13.000 8.000
11.000 8.000 11.000
19.000 7.000 15.000
9.000 8.000 13.000
7.000 6.000 9.000
9.000 4.000 14.000
13.000 4.000 13.000
9.000 6.000 16.000
11.000 7.000 11.000
11.000 3.000 17.000
8.000 1.000 10.000
10.000 4.000 10.000
7.000 1.000 9.000
18.000 5.000 10.000
12.000 5.000 7.000
11.000 4.000 12.000
17.000 6.000 9.000
8.000 8.000 7.000
11.000 8.000 11.000
5.000 5.000 8.000
4.000 11.000 13.000
7.000 11.000 8.000
14.000 20.000 9.000
13.000 17.000 8.000
10.000 15.000 7.000
17.000 13.000 8.000
16.000 11.000 11.000
13.000 13.000 14.000
16.000 16.000 9.000
11.000 16.000 13.000
15.000 21.000 16.000
11.000 16.000 27.000
20.000 22.000 23.000
9.000 27.000 20.000
14.000 39.000 21.000
