95.000 63.000 100.000
11.000 45.000 28.000
27.000 22.000 21.000
22.000 21.000 23.000
21.000 27.000 30.000
30.000 20.000 12.000
21.000 18.000 19.000
21.000 31.000 22.000
19.000 18.000 16.000
9.000 12.000 14.000
13.000 5.000 10.000
14.000 9.000 13.000
15.000 11.000 13.000
9.000 17.000 21.000
18.000 21.000 13.000
10.000 20.000 15.000
8.000 14.000 14.000
16.000 10.000 3.000
9.000 9.000 8.000
7.000 9.000 7.000
4.000 6.000 2.000
5.000 3.000 5.000
8.000 2.000 2.000
10.000 6.000 9.000
12.000 4.000 5.000
7.000 7.000 8.000
10.000 11.000 9.000
9.000 10.000 12.000
6.000 7.000 8.000
6.000 9.000 7.000
6.000 13.000 7.000
4.000 2.000 6.000
1.000 6.000 9.000
6.000 3.000 9.000
4.000 1.000 3.000
2.000 2.000 4.000
3.000 1.000 1.000
2.000 1.000 1.000
4.000 4.000 4.000
1.000 2.000 3.000
4.000 1.000 2.000
5.000 2.000 1.000
3.000 3.000 2.000
8.000 3.000 3.000
1.000 4.000 4.000
6.000 3.000 0.000
9.000 5.000 3.000
2.000 4.000 5.000
5.000 3.000 2.000
6.000 2.000 5.000
8.000 3.000 5.000
15.000 7.000 7.000
17.000 6.000 10.000
20.000 11.000 17.000
16.000 18.000 19.000
34.000 28.000 38.000
51.000 41.000 44.000
46.000 64.000 59.000
