98.000 119.000 108.000
14.000 30.000 23.000
19.000 29.000 16.000
11.000 20.000 25.000
19.000 25.000 22.000
16.000 17.000 19.000
14.000 23.000 15.000
20.000 18.000 19.000
13.000 20.000 14.000
15.000 20.000 13.000
15.000 14.000 13.000
13.000 14.000 11.000
9.000 9.000 15.000
13.000 10.000 11.000
10.000 17.000 10.000
13.000 10.000 13.000
11.000 14.000 8.000
11.000 8.000 10.000
9.000 6.000 8.000
19.000 6.000 5.000
10.000 9.000 10.000
8.000 7.000 13.000
13.000 10.000 8.000
11.000 14.000 3.000
11.000 6.000 11.000
13.000 12.000 5.000
13.000 5.000 6.000
13.000 7.000 16.000
16.000 5.000 9.000
8.000 12.000 14.000
9.000 13.000 8.000
9.000 8.000 11.000
6.000 8.000 9.000
9.000 2.000 9.000
8.000 3.000 6.000
8.000 6.000 18.000
7.000 3.000 14.000
11.000 4.000 6.000
5.000 4.000 12.000
10.000 4.000 13.000
14.000 8.000 17.000
10.000 6.000 7.000
11.000 5.000 6.000
10.000 10.000 7.000
12.000 10.000 11.000
14.000 8.000 6.000
12.000 10.000 3.000
12.000 9.000 6.000
12.000 10.000 9.000
13.000 9.000 13.000
11.000 8.000 7.000
11.000 9.000 12.000
16.000 9.000 13.000
25.000 18.000 11.000
14.000 17.000 17.000
18.000 31.000 20.000
23.000 31.000 24.000
17.000 46.000 33.000
