50.000 68.000 64.000
2.000 18.000 6.000
14.000 11.000 12.000
8.000 13.000 5.000
11.000 18.000 12.000
10.000 18.000 13.000
10.000 15.000 15.000
13.000 13.000 10.000
11.000 24.000 11.000
5.000 14.000 10.000
5.000 10.000 9.000
10.000 22.000 11.000
8.000 14.000 9.000
11.000 15.000 13.000
19.000 19.000 13.000
15.000 24.000 9.000
10.000 18.000 10.000
9.000 19.000 15.000
11.000 34.000 8.000
12.000 26.000 8.000
7.000 12.000 11.000
12.000 11.000 10.000
19.000 12.000 14.000
18.000 19.000 14.000
15.000 14.000 11.000
9.000 12.000 12.000
14.000 9.000 20.000
17.000 5.000 16.000
16.000 10.000 18.000
18.000 3.000 17.000
8.000 4.000 12.000
15.000 6.000 19.000
15.000 3.000 13.000
20.000 7.000 16.000
12.000 7.000 20.000
20.000 4.000 19.000
25.000 13.000 21.000
15.000 1.000 14.000
19.000 11.000 16.000
18.000 13.000 19.000
22.000 16.000 14.000
22.000 13.000 21.000
24.000 18.000 19.000
18.000 12.000 17.000
9.000 17.000 18.000
10.000 13.000 15.000
14.000 20.000 7.000
13.000 21.000 11.000
11.000 17.000 19.000
16.000 16.000 11.000
15.000 18.000 6.000
16.000 22.000 11.000
15.000 16.000 10.000
13.000 18.000 15.000
11.000 17.000 12.000
16.000 28.000 7.000
13.000 15.000 8.000
15.000 16.000 10.000
