70.000 58.000 101.000
11.000 19.000 23.000
15.000 28.000 12.000
13.000 18.000 17.000
16.000 13.000 23.000
15.000 23.000 12.000
20.000 25.000 17.000
17.000 17.000 10.000
11.000 15.000 16.000
15.000 9.000 7.000
8.000 6.000 15.000
7.000 16.000 5.000
14.000 6.000 10.000
10.000 10.000 9.000
6.000 10.000 7.000
8.000 8.000 7.000
10.000 8.000 6.000
8.000 9.000 5.000
5.000 3.000 8.000
14.000 10.000 9.000
7.000 9.000 5.000
9.000 6.000 9.000
3.000 8.000 7.000
6.000 9.000 8.000
6.000 10.000 8.000
7.000 6.000 11.000
3.000 10.000 10.000
10.000 10.000 8.000
6.000 8.000 15.000
9.000 4.000 23.000
7.000 4.000 9.000
7.000 4.000 15.000
13.000 8.000 18.000
8.000 5.000 14.000
11.000 2.000 21.000
10.000 4.000 10.000
13.000 7.000 6.000
15.000 6.000 10.000
9.000 3.000 7.000
13.000 4.000 10.000
5.000 6.000 18.000
11.000 6.000 13.000
12.000 10.000 9.000
15.000 9.000 5.000
10.000 5.000 4.000
10.000 10.000 6.000
15.000 13.000 3.000
11.000 20.000 7.000
14.000 18.000 17.000
14.000 12.000 8.000
12.000 15.000 14.000
17.000 23.000 13.000
19.000 20.000 14.000
23.000 23.000 14.000
16.000 21.000 19.000
26.000 31.000 21.000
25.000 29.000 22.000
23.000 46.000 37.000
