82.000 70.000 88.000
14.000 27.000 22.000
19.000 19.000 12.000
9.000 13.000 25.000
20.000 14.000 13.000
20.000 13.000 12.000
15.000 25.000 13.000
14.000 12.000 15.000
9.000 18.000 10.000
8.000 14.000 8.000
11.000 8.000 10.000
10.000 10.000 9.000
5.000 12.000 9.000
11.000 8.000 9.000
3.000 12.000 5.000
4.000 8.000 11.000
8.000 2.000 8.000
5.000 16.000 7.000
4.000 7.000 7.000
9.000 13.000 7.000
10.000 5.000 8.000
7.000 15.000 9.000
9.000 9.000 13.000
8.000 7.000 6.000
6.000 11.000 12.000
9.000 14.000 13.000
14.000 12.000 12.000
15.000 9.000 9.000
14.000 8.000 7.000
15.000 15.000 8.000
7.000 4.000 9.000
14.000 4.000 20.000
16.000 7.000 13.000
13.000 6.000 13.000
11.000 3.000 8.000
11.000 9.000 15.000
7.000 4.000 9.000
13.000 6.000 10.000
8.000 7.000 17.000
9.000 5.000 13.000
7.000 7.000 10.000
8.000 10.000 8.000
12.000 10.000 8.000
13.000 12.000 9.000
12.000 11.000 5.000
14.000 9.000 7.000
12.000 8.000 11.000
16.000 5.000 9.000
16.000 15.000 2.000
12.000 4.000 5.000
16.000 14.000 13.000
15.000 11.000 16.000
19.000 15.000 21.000
23.000 24.000 14.000
23.000 29.000 21.000
30.000 25.000 27.000
24.000 39.000 27.000
17.000 46.000 41.000
