119.000 99.000 104.000
25.000 54.000 43.000
47.000 29.000 31.000
22.000 30.000 30.000
22.000 29.000 28.000
33.000 20.000 23.000
22.000 19.000 15.000
17.000 26.000 27.000
15.000 15.000 19.000
17.000 12.000 14.000
5.000 14.000 10.000
11.000 15.000 17.000
18.000 13.000 14.000
16.000 14.000 14.000
16.000 24.000 17.000
10.000 16.000 16.000
21.000 14.000 13.000
13.000 7.000 7.000
4.000 8.000 8.000
4.000 6.000 6.000
7.000 4.000 6.000
8.000 4.000 4.000
3.000 3.000 3.000
4.000 8.000 9.000
8.000 7.000 7.000
11.000 8.000 11.000
10.000 10.000 12.000
9.000 11.000 8.000
12.000 16.000 11.000
7.000 8.000 13.000
12.000 9.000 5.000
3.000 6.000 6.000
6.000 4.000 4.000
3.000 1.000 5.000
4.000 2.000 0.000
1.000 1.000 5.000
1.000 1.000 2.000
0.000 0.000 2.000
2.000 0.000 1.000
0.000 0.000 0.000
1.000 0.000 4.000
2.000 1.000 1.000
0.000 2.000 2.000
0.000 2.000 2.000
2.000 1.000 1.000
3.000 2.000 2.000
2.000 3.000 5.000
4.000 3.000 3.000
6.000 2.000 1.000
9.000 3.000 0.000
3.000 1.000 0.000
8.000 4.000 2.000
7.000 4.000 5.000
18.000 10.000 13.000
21.000 25.000 19.000
31.000 24.000 38.000
44.000 48.000 47.000
38.000 54.000 47.000
