77.000 87.000 90.000
8.000 26.000 15.000
16.000 16.000 10.000
10.000 15.000 14.000
21.000 18.000 19.000
19.000 18.000 11.000
8.000 15.000 22.000
15.000 14.000 14.000
15.000 15.000 11.000
16.000 16.000 15.000
10.000 24.000 11.000
19.000 13.000 17.000
10.000 11.000 12.000
10.000 10.000 7.000
9.000 15.000 8.000
11.000 8.000 9.000
12.000 21.000 14.000
8.000 10.000 3.000
11.000 12.000 4.000
8.000 12.000 9.000
9.000 11.000 5.000
16.000 14.000 14.000
9.000 10.000 7.000
9.000 7.000 9.000
12.000 12.000 14.000
16.000 10.000 14.000
10.000 6.000 10.000
13.000 13.000 9.000
10.000 5.000 7.000
16.000 6.000 24.000
13.000 8.000 16.000
9.000 5.000 15.000
11.000 5.000 12.000
9.000 6.000 23.000
10.000 8.000 18.000
16.000 3.000 15.000
7.000 6.000 8.000
8.000 7.000 13.000
13.000 6.000 14.000
8.000 4.000 11.000
4.000 8.000 9.000
8.000 4.000 8.000
6.000 6.000 17.000
15.000 12.000 8.000
16.000 14.000 7.000
18.000 12.000 11.000
19.000 13.000 8.000
14.000 12.000 6.000
12.000 22.000 11.000
20.000 13.000 14.000
20.000 17.000 8.000
20.000 12.000 12.000
15.000 13.000 10.000
18.000 18.000 20.000
23.000 33.000 22.000
10.000 39.000 21.000
13.000 30.000 9.000
15.000 28.000 27.000
