73.000 65.000 91.000
5.000 25.000 16.000
14.000 10.000 10.000
13.000 23.000 16.000
11.000 20.000 15.000
18.000 18.000 10.000
6.000 23.000 12.000
13.000 16.000 15.000
5.000 14.000 9.000
13.000 11.000 12.000
12.000 18.000 9.000
14.000 9.000 15.000
12.000 10.000 13.000
15.000 14.000 3.000
11.000 9.000 15.000
8.000 10.000 6.000
6.000 8.000 8.000
8.000 17.000 7.000
9.000 11.000 6.000
9.000 13.000 8.000
11.000 11.000 9.000
7.000 11.000 13.000
8.000 10.000 12.000
12.000 13.000 12.000
13.000 5.000 9.000
12.000 9.000 14.000
7.000 11.000 10.000
12.000 9.000 12.000
17.000 11.000 13.000
6.000 11.000 11.000
14.000 10.000 12.000
20.000 6.000 15.000
15.000 10.000 21.000
23.000 10.000 20.000
12.000 8.000 19.000
18.000 4.000 18.000
18.000 8.000 22.000
18.000 11.000 19.000
18.000 7.000 11.000
17.000 18.000 19.000
15.000 11.000 19.000
12.000 13.000 19.000
24.000 7.000 20.000
10.000 11.000 10.000
13.000 15.000 17.000
15.000 16.000 12.000
17.000 22.000 10.000
12.000 11.000 15.000
13.000 16.000 11.000
11.000 15.000 7.000
17.000 12.000 13.000
20.000 21.000 11.000
23.000 18.000 9.000
18.000 20.000 13.000
8.000 27.000 17.000
13.000 25.000 15.000
11.000 22.000 17.000
7.000 25.000 11.000
