81.000 64.000 113.000
7.000 32.000 22.000
15.000 33.000 18.000
8.000 21.000 27.000
23.000 22.000 15.000
18.000 18.000 12.000
7.000 20.000 16.000
24.000 21.000 17.000
11.000 12.000 11.000
12.000 16.000 16.000
13.000 9.000 20.000
23.000 10.000 11.000
24.000 17.000 14.000
11.000 11.000 14.000
11.000 10.000 15.000
9.000 14.000 5.000
3.000 15.000 10.000
12.000 8.000 8.000
9.000 7.000 11.000
6.000 11.000 3.000
5.000 17.000 5.000
13.000 9.000 6.000
10.000 4.000 7.000
8.000 8.000 7.000
5.000 6.000 4.000
8.000 3.000 5.000
8.000 4.000 5.000
4.000 8.000 9.000
6.000 8.000 7.000
8.000 8.000 10.000
7.000 10.000 7.000
14.000 9.000 9.000
9.000 2.000 14.000
8.000 5.000 10.000
9.000 1.000 14.000
9.000 7.000 6.000
6.000 6.000 14.000
4.000 4.000 8.000
8.000 5.000 7.000
7.000 12.000 10.000
6.000 4.000 9.000
6.000 5.000 2.000
11.000 10.000 6.000
8.000 6.000 3.000
6.000 14.000 8.000
11.000 5.000 3.000
15.000 7.000 5.000
9.000 7.000 3.000
5.000 8.000 7.000
12.000 5.000 10.000
13.000 6.000 12.000
14.000 5.000 13.000
20.000 12.000 13.000
17.000 15.000 22.000
22.000 19.000 31.000
29.000 22.000 33.000
24.000 37.000 44.000
27.000 49.000 39.000
