60.000 79.000 60.000
13.000 20.000 35.000
30.000 27.000 21.000
14.000 19.000 24.000
22.000 18.000 24.000
16.000 17.000 22.000
21.000 14.000 8.000
19.000 15.000 9.000
20.000 15.000 10.000
17.000 11.000 16.000
12.000 21.000 9.000
14.000 14.000 15.000
16.000 17.000 21.000
14.000 20.000 18.000
24.000 15.000 17.000
15.000 18.000 17.000
11.000 15.000 15.000
7.000 11.000 10.000
10.000 8.000 7.000
7.000 6.000 7.000
7.000 7.000 8.000
12.000 7.000 7.000
11.000 4.000 5.000
7.000 2.000 5.000
10.000 10.000 6.000
10.000 8.000 8.000
6.000 6.000 5.000
7.000 7.000 6.000
8.000 8.000 9.000
4.000 6.000 8.000
3.000 11.000 7.000
3.000 1.000 3.000
8.000 1.000 3.000
2.000 3.000 9.000
5.000 3.000 4.000
5.000 3.000 4.000
4.000 2.000 10.000
3.000 4.000 4.000
4.000 2.000 4.000
4.000 2.000 5.000
1.000 4.000 4.000
1.000 2.000 4.000
5.000 2.000 5.000
2.000 3.000 2.000
8.000 2.000 3.000
6.000 4.000 2.000
4.000 3.000 2.000
5.000 0.000 2.000
2.000 8.000 1.000
6.000 2.000 6.000
9.000 2.000 7.000
16.000 7.000 8.000
15.000 12.000 3.000
27.000 16.000 16.000
34.000 20.000 34.000
30.000 41.000 36.000
44.000 48.000 46.000
45.000 58.000 51.000
