85.000 67.000 70.000
13.000 31.000 34.000
23.000 32.000 14.000
20.000 19.000 22.000
25.000 16.000 20.000
14.000 22.000 18.000
13.000 13.000 13.000
13.000 17.000 20.000
15.000 13.000 17.000
15.000 13.000 16.000
10.000 13.000 15.000
10.000 10.000 13.000
15.000 16.000 11.000
11.000 20.000 18.000
10.000 16.000 11.000
16.000 24.000 20.000
12.000 11.000 12.000
7.000 11.000 6.000
14.000 8.000 8.000
10.000 10.000 15.000
9.000 4.000 4.000
10.000 6.000 7.000
12.000 7.000 5.000
8.000 9.000 6.000
11.000 6.000 4.000
8.000 7.000 8.000
12.000 9.000 13.000
14.000 13.000 9.000
8.000 18.000 10.000
2.000 10.000 12.000
7.000 11.000 9.000
12.000 2.000 8.000
5.000 3.000 8.000
8.000 9.000 8.000
4.000 2.000 8.000
10.000 4.000 5.000
6.000 3.000 4.000
8.000 2.000 5.000
7.000 0.000 8.000
2.000 5.000 9.000
11.000 3.000 6.000
11.000 2.000 8.000
2.000 2.000 3.000
7.000 3.000 1.000
5.000 6.000 5.000
4.000 4.000 3.000
6.000 8.000 5.000
10.000 8.000 5.000
11.000 6.000 3.000
9.000 9.000 5.000
17.000 4.000 6.000
8.000 10.000 13.000
20.000 5.000 16.000
14.000 15.000 23.000
25.000 23.000 25.000
22.000 32.000 30.000
34.000 44.000 38.000
33.000 58.000 36.000
