74.000 70.000 75.000
18.000 20.000 18.000
16.000 20.000 10.000
11.000 11.000 8.000
18.000 18.000 12.000
14.000 15.000 13.000
12.000 21.000 19.000
18.000 21.000 15.000
21.000 19.000 17.000
22.000 16.000 15.000
8.000 12.000 16.000
13.000 15.000 14.000
8.000 16.000 13.000
12.000 16.000 7.000
14.000 14.000 12.000
10.000 20.000 21.000
12.000 13.000 16.000
18.000 12.000 9.000
10.000 17.000 12.000
11.000 9.000 10.000
8.000 11.000 5.000
8.000 13.000 11.000
19.000 7.000 7.000
11.000 11.000 9.000
6.000 6.000 8.000
8.000 9.000 7.000
11.000 6.000 7.000
14.000 8.000 8.000
6.000 8.000 13.000
4.000 11.000 15.000
6.000 3.000 8.000
10.000 6.000 6.000
12.000 4.000 11.000
7.000 1.000 19.000
13.000 6.000 11.000
4.000 7.000 16.000
6.000 7.000 11.000
9.000 8.000 11.000
4.000 3.000 10.000
10.000 4.000 15.000
6.000 5.000 16.000
10.000 5.000 5.000
7.000 9.000 14.000
9.000 10.000 5.000
13.000 14.000 12.000
10.000 9.000 11.000
14.000 11.000 7.000
12.000 8.000 6.000
11.000 6.000 14.000
15.000 9.000 5.000
18.000 18.000 14.000
12.000 15.000 10.000
16.000 22.000 14.000
21.000 19.000 11.000
19.000 27.000 22.000
21.000 31.000 22.000
21.000 31.000 22.000
27.000 38.000 29.000
