78.000 66.000 101.000
28.000 31.000 36.000
26.000 39.000 21.000
25.000 32.000 29.000
24.000 29.000 21.000
23.000 22.000 17.000
31.000 13.000 23.000
17.000 26.000 19.000
17.000 22.000 19.000
8.000 11.000 13.000
10.000 8.000 11.000
10.000 8.000 11.000
12.000 15.000 12.000
12.000 8.000 14.000
8.000 12.000 19.000
13.000 9.000 5.000
13.000 12.000 12.000
11.000 8.000 10.000
3.000 8.000 5.000
7.000 5.000 2.000
8.000 1.000 1.000
1.000 5.000 3.000
8.000 11.000 5.000
9.000 6.000 3.000
3.000 5.000 7.000
10.000 9.000 7.000
5.000 15.000 6.000
7.000 7.000 12.000
17.000 12.000 10.000
11.000 10.000 8.000
14.000 7.000 17.000
4.000 3.000 8.000
2.000 4.000 7.000
5.000 3.000 6.000
2.000 3.000 3.000
5.000 2.000 4.000
4.000 1.000 1.000
2.000 1.000 4.000
3.000 3.000 7.000
4.000 3.000 6.000
3.000 1.000 9.000
3.000 5.000 3.000
4.000 4.000 2.000
7.000 2.000 0.000
4.000 9.000 2.000
3.000 3.000 1.000
5.000 6.000 1.000
4.000 1.000 1.000
5.000 5.000 4.000
4.000 5.000 3.000
3.000 4.000 8.000
4.000 6.000 5.000
5.000 2.000 7.000
18.000 7.000 22.000
18.000 17.000 17.000
25.000 27.000 35.000
44.000 41.000 51.000
45.000 72.000 44.000
