105.000 104.000 78.000
14.000 30.000 16.000
12.000 28.000 16.000
14.000 23.000 18.000
24.000 17.000 30.000
27.000 17.000 17.000
16.000 27.000 22.000
14.000 16.000 22.000
22.000 15.000 19.000
20.000 7.000 17.000
7.000 18.000 10.000
22.000 16.000 19.000
13.000 14.000 13.000
15.000 22.000 14.000
10.000 17.000 14.000
5.000 13.000 11.000
12.000 9.000 11.000
12.000 11.000 5.000
10.000 5.000 6.000
18.000 11.000 5.000
10.000 5.000 10.000
9.000 8.000 7.000
8.000 13.000 3.000
13.000 13.000 9.000
14.000 13.000 9.000
14.000 9.000 13.000
9.000 10.000 5.000
9.000 12.000 9.000
15.000 10.000 15.000
15.000 10.000 12.000
10.000 10.000 14.000
10.000 5.000 12.000
14.000 3.000 7.000
7.000 8.000 13.000
11.000 3.000 11.000
7.000 4.000 14.000
12.000 2.000 21.000
9.000 6.000 13.000
6.000 3.000 13.000
12.000 4.000 13.000
11.000 8.000 9.000
6.000 12.000 14.000
11.000 7.000 9.000
7.000 16.000 8.000
8.000 9.000 13.000
14.000 13.000 8.000
13.000 8.000 10.000
16.000 10.000 9.000
14.000 5.000 7.000
6.000 12.000 10.000
16.000 15.000 10.000
12.000 14.000 6.000
15.000 12.000 9.000
17.000 19.000 19.000
12.000 23.000 18.000
20.000 29.000 15.000
17.000 29.000 16.000
14.000 31.000 25.000
