87.000 92.000 100.000
23.000 46.000 39.000
32.000 40.000 32.000
31.000 30.000 34.000
36.000 35.000 39.000
38.000 39.000 23.000
27.000 32.000 32.000
35.000 20.000 26.000
20.000 20.000 23.000
19.000 15.000 20.000
25.000 23.000 14.000
15.000 16.000 20.000
22.000 14.000 15.000
17.000 11.000 13.000
12.000 12.000 13.000
11.000 20.000 5.000
13.000 11.000 11.000
5.000 12.000 8.000
4.000 8.000 6.000
9.000 5.000 7.000
8.000 5.000 5.000
5.000 8.000 8.000
4.000 7.000 6.000
7.000 9.000 5.000
8.000 7.000 5.000
7.000 7.000 4.000
5.000 4.000 6.000
6.000 5.000 7.000
4.000 3.000 7.000
8.000 4.000 10.000
4.000 4.000 9.000
2.000 1.000 5.000
3.000 0.000 9.000
4.000 0.000 9.000
4.000 3.000 4.000
3.000 1.000 7.000
4.000 0.000 3.000
2.000 0.000 2.000
1.000 1.000 8.000
1.000 0.000 4.000
3.000 0.000 5.000
6.000 3.000 3.000
5.000 6.000 4.000
5.000 3.000 1.000
3.000 3.000 2.000
2.000 4.000 2.000
5.000 5.000 3.000
4.000 4.000 2.000
10.000 6.000 2.000
7.000 2.000 1.000
3.000 6.000 5.000
4.000 11.000 9.000
14.000 11.000 12.000
10.000 10.000 11.000
11.000 14.000 16.000
17.000 24.000 21.000
29.000 47.000 29.000
48.000 47.000 30.000
