136.000 150.000 145.000
15.000 42.000 32.000
20.000 37.000 11.000
20.000 25.000 38.000
28.000 28.000 23.000
14.000 27.000 16.000
16.000 23.000 26.000
16.000 19.000 25.000
10.000 22.000 19.000
23.000 13.000 10.000
13.000 14.000 20.000
14.000 12.000 15.000
21.000 16.000 15.000
13.000 12.000 10.000
8.000 11.000 11.000
8.000 16.000 12.000
20.000 13.000 7.000
10.000 13.000 5.000
16.000 10.000 8.000
11.000 13.000 10.000
8.000 9.000 4.000
15.000 6.000 5.000
13.000 7.000 13.000
7.000 8.000 10.000
9.000 5.000 11.000
12.000 9.000 7.000
9.000 6.000 14.000
12.000 7.000 16.000
16.000 5.000 13.000
13.000 8.000 12.000
9.000 1.000 7.000
8.000 5.000 17.000
10.000 7.000 19.000
11.000 4.000 14.000
11.000 0.000 11.000
13.000 6.000 8.000
12.000 4.000 9.000
9.000 5.000 12.000
9.000 10.000 7.000
8.000 7.000 10.000
9.000 6.000 6.000
6.000 4.000 8.000
9.000 8.000 9.000
9.000 10.000 2.000
11.000 11.000 5.000
5.000 9.000 4.000
8.000 14.000 7.000
10.000 6.000 15.000
6.000 3.000 2.000
8.000 11.000 7.000
8.000 7.000 10.000
18.000 15.000 10.000
16.000 6.000 6.000
9.000 23.000 16.000
15.000 7.000 12.000
11.000 20.000 19.000
18.000 16.000 14.000
14.000 30.000 18.000
