126.000 91.000 81.000
15.000 34.000 23.000
15.000 28.000 14.000
13.000 24.000 23.000
25.000 24.000 28.000
18.000 21.000 23.000
13.000 17.000 18.000
16.000 11.000 19.000
8.000 7.000 15.000
15.000 13.000 11.000
14.000 14.000 18.000
16.000 16.000 12.000
14.000 17.000 17.000
14.000 12.000 15.000
13.000 21.000 19.000
7.000 16.000 14.000
17.000 15.000 8.000
8.000 14.000 11.000
11.000 9.000 7.000
9.000 13.000 5.000
15.000 7.000 11.000
7.000 7.000 3.000
9.000 7.000 7.000
9.000 7.000 8.000
11.000 9.000 11.000
9.000 9.000 8.000
13.000 14.000 12.000
13.000 9.000 8.000
12.000 10.000 11.000
11.000 6.000 6.000
12.000 8.000 11.000
5.000 8.000 4.000
13.000 4.000 9.000
10.000 3.000 11.000
11.000 7.000 13.000
7.000 4.000 13.000
11.000 1.000 12.000
8.000 6.000 15.000
9.000 3.000 5.000
9.000 5.000 5.000
11.000 10.000 7.000
15.000 6.000 11.000
3.000 6.000 6.000
3.000 6.000 6.000
10.000 8.000 5.000
9.000 6.000 4.000
4.000 3.000 13.000
6.000 8.000 4.000
14.000 8.000 3.000
12.000 7.000 11.000
14.000 13.000 17.000
14.000 17.000 13.000
13.000 17.000 17.000
18.000 12.000 19.000
17.000 24.000 31.000
16.000 24.000 28.000
11.000 34.000 30.000
16.000 38.000 25.000
