77.000 88.000 46.000
11.000 11.000 10.000
12.000 7.000 8.000
10.000 12.000 13.000
11.000 16.000 17.000
12.000 20.000 10.000
9.000 14.000 10.000
12.000 24.000 9.000
13.000 11.000 11.000
15.000 13.000 13.000
12.000 21.000 10.000
16.000 19.000 19.000
16.000 22.000 12.000
9.000 19.000 13.000
13.000 27.000 11.000
8.000 15.000 16.000
12.000 26.000 10.000
16.000 17.000 9.000
13.000 19.000 11.000
11.000 17.000 7.000
12.000 11.000 14.000
18.000 14.000 6.000
26.000 10.000 10.000
17.000 15.000 11.000
17.000 8.000 14.000
13.000 11.000 5.000
11.000 10.000 14.000
16.000 13.000 14.000
17.000 17.000 17.000
12.000 5.000 22.000
17.000 7.000 23.000
25.000 4.000 24.000
13.000 1.000 10.000
22.000 4.000 19.000
16.000 8.000 24.000
25.000 5.000 31.000
12.000 2.000 25.000
13.000 5.000 17.000
22.000 10.000 14.000
15.000 13.000 14.000
12.000 13.000 16.000
16.000 16.000 13.000
12.000 20.000 13.000
14.000 13.000 19.000
9.000 9.000 12.000
15.000 21.000 20.000
17.000 13.000 13.000
11.000 15.000 11.000
9.000 18.000 9.000
6.000 11.000 16.000
12.000 12.000 11.000
11.000 15.000 7.000
9.000 13.000 15.000
9.000 11.000 12.000
13.000 17.000 17.000
9.000 22.000 17.000
8.000 23.000 9.000
10.000 19.000 14.000
