90.000 106.000 75.000
10.000 13.000 22.000
18.000 22.000 5.000
6.000 13.000 13.000
12.000 19.000 21.000
22.000 23.000 14.000
6.000 15.000 16.000
19.000 20.000 17.000
10.000 19.000 11.000
14.000 29.000 12.000
17.000 15.000 12.000
16.000 14.000 13.000
20.000 18.000 17.000
13.000 15.000 16.000
11.000 24.000 21.000
15.000 22.000 14.000
15.000 18.000 12.000
14.000 9.000 21.000
12.000 11.000 14.000
9.000 4.000 9.000
16.000 12.000 9.000
15.000 4.000 11.000
11.000 7.000 12.000
18.000 7.000 15.000
17.000 5.000 15.000
21.000 9.000 7.000
14.000 1.000 12.000
19.000 4.000 12.000
10.000 13.000 12.000
13.000 8.000 15.000
15.000 3.000 11.000
11.000 4.000 15.000
14.000 7.000 11.000
11.000 4.000 10.000
13.000 5.000 16.000
14.000 6.000 11.000
15.000 1.000 10.000
7.000 10.000 12.000
11.000 6.000 20.000
10.000 7.000 14.000
18.000 4.000 13.000
14.000 13.000 10.000
13.000 10.000 7.000
8.000 8.000 7.000
14.000 5.000 9.000
11.000 12.000 12.000
14.000 12.000 8.000
10.000 13.000 4.000
14.000 15.000 5.000
13.000 12.000 7.000
14.000 18.000 5.000
13.000 19.000 14.000
6.000 18.000 16.000
13.000 24.000 13.000
8.000 21.000 22.000
11.000 36.000 12.000
9.000 23.000 20.000
12.000 23.000 19.000
