156.000 41.000 73.000
5.000 24.000 13.000
12.000 9.000 14.000
15.000 15.000 15.000
12.000 17.000 15.000
14.000 14.000 12.000
8.000 15.000 15.000
11.000 19.000 13.000
12.000 14.000 22.000
14.000 21.000 7.000
16.000 19.000 17.000
20.000 13.000 9.000
15.000 16.000 9.000
17.000 19.000 11.000
17.000 14.000 13.000
18.000 18.000 12.000
16.000 25.000 9.000
19.000 22.000 8.000
13.000 19.000 8.000
15.000 12.000 6.000
16.000 16.000 9.000
16.000 10.000 18.000
19.000 23.000 13.000
23.000 12.000 10.000
14.000 14.000 8.000
21.000 13.000 14.000
19.000 13.000 11.000
13.000 7.000 19.000
18.000 8.000 17.000
13.000 6.000 12.000
19.000 12.000 15.000
25.000 7.000 21.000
11.000 4.000 24.000
15.000 10.000 15.000
19.000 10.000 24.000
12.000 10.000 22.000
19.000 12.000 22.000
15.000 7.000 14.000
9.000 7.000 27.000
12.000 17.000 23.000
14.000 11.000 20.000
15.000 14.000 16.000
13.000 12.000 9.000
12.000 18.000 17.000
13.000 22.000 11.000
15.000 20.000 12.000
8.000 17.000 7.000
7.000 12.000 8.000
7.000 12.000 11.000
2.000 16.000 16.000
9.000 8.000 8.000
5.000 17.000 11.000
8.000 19.000 11.000
7.000 18.000 18.000
4.000 16.000 12.000
4.000 22.000 7.000
5.000 22.000 24.000
6.000 27.000 11.000
