65.000 68.000 72.000
15.000 37.000 45.000
37.000 33.000 18.000
26.000 22.000 24.000
33.000 21.000 24.000
19.000 26.000 15.000
20.000 23.000 22.000
15.000 16.000 17.000
12.000 12.000 12.000
9.000 11.000 10.000
16.000 8.000 12.000
16.000 15.000 13.000
16.000 14.000 13.000
13.000 11.000 18.000
17.000 13.000 10.000
14.000 14.000 17.000
6.000 10.000 15.000
10.000 9.000 8.000
11.000 10.000 11.000
6.000 6.000 6.000
5.000 6.000 2.000
3.000 4.000 5.000
6.000 7.000 3.000
6.000 3.000 1.000
3.000 7.000 2.000
8.000 4.000 9.000
9.000 12.000 11.000
8.000 14.000 13.000
11.000 7.000 11.000
11.000 9.000 12.000
7.000 8.000 7.000
7.000 6.000 3.000
5.000 2.000 2.000
7.000 4.000 4.000
1.000 3.000 6.000
5.000 2.000 5.000
5.000 1.000 3.000
4.000 3.000 10.000
3.000 4.000 3.000
1.000 4.000 0.000
4.000 2.000 5.000
2.000 1.000 3.000
3.000 2.000 1.000
2.000 4.000 5.000
3.000 1.000 3.000
2.000 3.000 1.000
5.000 4.000 4.000
2.000 5.000 1.000
5.000 1.000 3.000
4.000 3.000 3.000
3.000 5.000 6.000
8.000 2.000 3.000
7.000 4.000 8.000
14.000 9.000 17.000
20.000 21.000 20.000
30.000 27.000 24.000
39.000 58.000 45.000
53.000 74.000 54.000
