107.000 52.000 86.000
13.000 38.000 24.000
19.000 30.000 14.000
12.000 15.000 20.000
14.000 21.000 17.000
12.000 22.000 19.000
16.000 19.000 11.000
17.000 10.000 17.000
10.000 16.000 12.000
4.000 7.000 11.000
14.000 17.000 15.000
11.000 6.000 10.000
10.000 10.000 13.000
12.000 9.000 7.000
11.000 11.000 4.000
7.000 6.000 6.000
1.000 12.000 4.000
12.000 11.000 6.000
11.000 8.000 9.000
9.000 1.000 4.000
5.000 2.000 9.000
10.000 7.000 3.000
6.000 4.000 5.000
8.000 4.000 4.000
14.000 10.000 5.000
5.000 7.000 4.000
8.000 9.000 9.000
10.000 7.000 7.000
6.000 14.000 4.000
6.000 12.000 13.000
6.000 5.000 9.000
14.000 5.000 12.000
11.000 5.000 9.000
6.000 8.000 10.000
8.000 7.000 13.000
16.000 3.000 13.000
8.000 7.000 5.000
7.000 3.000 9.000
10.000 9.000 10.000
5.000 3.000 6.000
4.000 5.000 11.000
4.000 8.000 11.000
12.000 4.000 7.000
13.000 5.000 7.000
8.000 11.000 2.000
12.000 3.000 5.000
10.000 4.000 8.000
9.000 4.000 7.000
10.000 7.000 4.000
20.000 5.000 8.000
16.000 13.000 11.000
12.000 8.000 18.000
21.000 21.000 16.000
28.000 18.000 25.000
33.000 20.000 24.000
32.000 38.000 43.000
25.000 56.000 43.000
26.000 49.000 37.000
