82.000 84.000 98.000
13.000 27.000 19.000
13.000 26.000 13.000
11.000 26.000 19.000
24.000 14.000 13.000
14.000 23.000 20.000
16.000 17.000 21.000
17.000 20.000 16.000
14.000 11.000 9.000
17.000 16.000 14.000
9.000 12.000 13.000
15.000 9.000 18.000
11.000 12.000 15.000
11.000 11.000 12.000
13.000 11.000 10.000
9.000 9.000 8.000
5.000 17.000 7.000
12.000 9.000 8.000
7.000 8.000 10.000
14.000 5.000 6.000
14.000 3.000 3.000
12.000 16.000 7.000
9.000 8.000 4.000
9.000 12.000 7.000
11.000 6.000 9.000
12.000 9.000 9.000
7.000 9.000 6.000
13.000 10.000 15.000
13.000 5.000 12.000
7.000 10.000 10.000
12.000 6.000 10.000
7.000 8.000 11.000
7.000 5.000 19.000
8.000 2.000 7.000
11.000 3.000 10.000
6.000 5.000 12.000
6.000 3.000 13.000
4.000 6.000 8.000
9.000 2.000 7.000
8.000 8.000 13.000
10.000 3.000 17.000
10.000 4.000 7.000
9.000 8.000 9.000
13.000 9.000 4.000
11.000 4.000 5.000
11.000 8.000 1.000
17.000 20.000 7.000
12.000 13.000 9.000
11.000 11.000 10.000
12.000 7.000 8.000
22.000 11.000 8.000
10.000 16.000 15.000
18.000 11.000 10.000
14.000 21.000 13.000
23.000 24.000 21.000
28.000 34.000 17.000
20.000 31.000 26.000
14.000 48.000 26.000
