74.000 127.000 87.000
13.000 29.000 19.000
25.000 26.000 11.000
24.000 28.000 27.000
20.000 21.000 19.000
31.000 25.000 21.000
21.000 15.000 18.000
20.000 15.000 31.000
17.000 22.000 24.000
18.000 19.000 12.000
15.000 19.000 20.000
10.000 9.000 19.000
25.000 24.000 11.000
13.000 21.000 13.000
14.000 13.000 21.000
19.000 16.000 18.000
17.000 21.000 13.000
14.000 9.000 9.000
18.000 9.000 14.000
7.000 8.000 1.000
15.000 6.000 5.000
7.000 7.000 8.000
12.000 6.000 8.000
9.000 6.000 6.000
9.000 7.000 2.000
8.000 6.000 15.000
7.000 12.000 5.000
7.000 13.000 7.000
9.000 2.000 15.000
12.000 7.000 12.000
4.000 3.000 8.000
9.000 5.000 7.000
5.000 7.000 11.000
12.000 4.000 8.000
10.000 4.000 9.000
4.000 7.000 10.000
6.000 5.000 11.000
13.000 5.000 5.000
8.000 5.000 10.000
7.000 7.000 11.000
5.000 8.000 12.000
15.000 4.000 8.000
6.000 1.000 6.000
6.000 5.000 5.000
8.000 6.000 8.000
7.000 2.000 4.000
11.000 4.000 4.000
3.000 2.000 2.000
5.000 7.000 3.000
5.000 7.000 4.000
6.000 5.000 3.000
6.000 7.000 6.000
11.000 7.000 7.000
16.000 18.000 13.000
13.000 18.000 22.000
22.000 21.000 15.000
21.000 44.000 20.000
24.000 41.000 28.000
