97.000 41.000 139.000
3.000 9.000 19.000
14.000 21.000 9.000
4.000 22.000 15.000
17.000 20.000 10.000
13.000 22.000 15.000
12.000 15.000 12.000
11.000 21.000 12.000
8.000 19.000 10.000
15.000 10.000 8.000
13.000 14.000 18.000
7.000 10.000 6.000
14.000 18.000 10.000
10.000 12.000 10.000
10.000 13.000 9.000
10.000 11.000 13.000
9.000 7.000 12.000
11.000 9.000 13.000
11.000 8.000 9.000
16.000 14.000 9.000
16.000 12.000 10.000
15.000 10.000 11.000
9.000 8.000 15.000
14.000 8.000 9.000
10.000 7.000 17.000
11.000 14.000 12.000
9.000 9.000 15.000
17.000 11.000 19.000
20.000 11.000 16.000
16.000 9.000 19.000
10.000 11.000 18.000
13.000 6.000 15.000
15.000 11.000 14.000
13.000 8.000 21.000
9.000 11.000 18.000
12.000 5.000 10.000
15.000 10.000 16.000
15.000 10.000 18.000
15.000 12.000 22.000
16.000 11.000 12.000
16.000 10.000 12.000
10.000 10.000 10.000
20.000 11.000 4.000
11.000 16.000 10.000
11.000 19.000 8.000
14.000 16.000 12.000
17.000 26.000 11.000
22.000 18.000 8.000
24.000 18.000 10.000
12.000 14.000 12.000
10.000 15.000 13.000
21.000 13.000 22.000
15.000 13.000 17.000
9.000 16.000 11.000
8.000 17.000 13.000
17.000 21.000 14.000
13.000 21.000 19.000
15.000 36.000 15.000
