98.000 70.000 51.000
15.000 24.000 20.000
8.000 17.000 8.000
11.000 16.000 17.000
11.000 18.000 17.000
4.000 21.000 11.000
10.000 18.000 15.000
12.000 13.000 13.000
13.000 18.000 16.000
11.000 16.000 19.000
11.000 8.000 19.000
11.000 19.000 9.000
15.000 8.000 12.000
9.000 17.000 14.000
7.000 11.000 19.000
12.000 13.000 9.000
13.000 9.000 5.000
10.000 20.000 10.000
14.000 11.000 8.000
13.000 8.000 8.000
14.000 15.000 8.000
11.000 16.000 8.000
17.000 16.000 9.000
17.000 9.000 14.000
15.000 14.000 13.000
17.000 10.000 16.000
7.000 16.000 12.000
12.000 12.000 10.000
20.000 8.000 13.000
15.000 11.000 21.000
17.000 5.000 16.000
21.000 11.000 11.000
16.000 8.000 15.000
18.000 6.000 20.000
6.000 6.000 15.000
16.000 4.000 23.000
14.000 8.000 21.000
17.000 9.000 13.000
18.000 12.000 21.000
14.000 8.000 10.000
7.000 12.000 15.000
19.000 11.000 18.000
16.000 9.000 7.000
12.000 7.000 15.000
8.000 11.000 13.000
9.000 10.000 12.000
15.000 18.000 12.000
14.000 10.000 18.000
13.000 16.000 4.000
13.000 18.000 7.000
25.000 18.000 17.000
13.000 16.000 15.000
8.000 25.000 13.000
14.000 29.000 10.000
7.000 26.000 11.000
8.000 22.000 13.000
10.000 27.000 24.000
11.000 20.000 19.000
