117.000 80.000 87.000
23.000 30.000 16.000
21.000 23.000 26.000
15.000 29.000 22.000
9.000 12.000 18.000
19.000 23.000 15.000
9.000 19.000 21.000
18.000 13.000 15.000
13.000 15.000 17.000
18.000 11.000 10.000
10.000 16.000 10.000
14.000 17.000 14.000
7.000 9.000 12.000
10.000 14.000 7.000
8.000 12.000 12.000
15.000 14.000 8.000
11.000 12.000 12.000
6.000 10.000 7.000
7.000 14.000 6.000
12.000 5.000 5.000
8.000 9.000 9.000
12.000 8.000 7.000
12.000 11.000 5.000
6.000 8.000 6.000
15.000 8.000 5.000
15.000 7.000 11.000
10.000 10.000 9.000
8.000 7.000 19.000
14.000 13.000 6.000
6.000 8.000 12.000
13.000 12.000 9.000
9.000 4.000 18.000
16.000 10.000 20.000
13.000 2.000 19.000
7.000 4.000 16.000
5.000 5.000 17.000
12.000 5.000 15.000
10.000 3.000 13.000
3.000 13.000 13.000
10.000 7.000 18.000
17.000 9.000 8.000
12.000 11.000 6.000
11.000 12.000 13.000
15.000 10.000 8.000
10.000 6.000 11.000
16.000 8.000 4.000
17.000 7.000 4.000
8.000 20.000 2.000
16.000 17.000 11.000
20.000 10.000 16.000
17.000 5.000 11.000
17.000 14.000 15.000
23.000 12.000 12.000
16.000 15.000 10.000
13.000 25.000 16.000
24.000 31.000 21.000
12.000 27.000 23.000
15.000 32.000 26.000
