68.000 54.000 105.000
8.000 32.000 19.000
13.000 25.000 14.000
12.000 12.000 19.000
28.000 17.000 11.000
20.000 25.000 12.000
9.000 21.000 18.000
15.000 13.000 12.000
12.000 20.000 11.000
20.000 12.000 11.000
16.000 8.000 12.000
15.000 5.000 11.000
15.000 8.000 14.000
9.000 11.000 9.000
8.000 11.000 9.000
12.000 15.000 11.000
9.000 7.000 6.000
8.000 16.000 10.000
10.000 11.000 3.000
9.000 8.000 6.000
8.000 3.000 8.000
8.000 12.000 6.000
10.000 14.000 6.000
10.000 10.000 5.000
10.000 10.000 8.000
11.000 7.000 11.000
9.000 5.000 5.000
7.000 8.000 10.000
6.000 11.000 17.000
12.000 8.000 8.000
10.000 10.000 12.000
9.000 10.000 12.000
6.000 7.000 12.000
6.000 4.000 15.000
11.000 4.000 16.000
11.000 5.000 17.000
5.000 4.000 16.000
8.000 9.000 16.000
10.000 4.000 10.000
13.000 4.000 7.000
6.000 4.000 12.000
9.000 9.000 15.000
8.000 9.000 8.000
12.000 13.000 8.000
16.000 13.000 5.000
12.000 12.000 7.000
12.000 9.000 3.000
12.000 15.000 12.000
22.000 13.000 8.000
9.000 16.000 15.000
17.000 11.000 8.000
17.000 10.000 11.000
14.000 11.000 18.000
17.000 15.000 22.000
21.000 18.000 26.000
19.000 21.000 24.000
25.000 44.000 26.000
21.000 42.000 26.000
