117.000 63.000 98.000
16.000 26.000 27.000
21.000 32.000 20.000
18.000 29.000 23.000
23.000 23.000 29.000
14.000 20.000 15.000
23.000 27.000 26.000
13.000 15.000 12.000
15.000 26.000 20.000
13.000 10.000 16.000
20.000 15.000 16.000
19.000 11.000 15.000
18.000 16.000 13.000
14.000 11.000 5.000
7.000 15.000 11.000
13.000 20.000 8.000
8.000 11.000 8.000
4.000 12.000 10.000
11.000 4.000 6.000
8.000 10.000 5.000
5.000 5.000 6.000
9.000 5.000 2.000
5.000 5.000 7.000
4.000 5.000 12.000
4.000 2.000 4.000
7.000 6.000 5.000
6.000 6.000 16.000
8.000 6.000 18.000
4.000 6.000 12.000
6.000 8.000 11.000
5.000 3.000 7.000
9.000 4.000 4.000
7.000 3.000 4.000
7.000 0.000 5.000
3.000 1.000 5.000
9.000 2.000 2.000
4.000 4.000 7.000
3.000 4.000 3.000
9.000 7.000 6.000
6.000 4.000 3.000
5.000 3.000 9.000
7.000 3.000 9.000
5.000 9.000 2.000
11.000 8.000 0.000
6.000 3.000 2.000
7.000 6.000 1.000
4.000 7.000 1.000
7.000 3.000 4.000
8.000 9.000 6.000
14.000 5.000 5.000
10.000 6.000 7.000
10.000 8.000 10.000
25.000 9.000 20.000
21.000 11.000 18.000
25.000 24.000 24.000
30.000 22.000 26.000
34.000 37.000 37.000
31.000 61.000 37.000
