115.000 118.000 135.000
9.000 32.000 23.000
26.000 27.000 22.000
19.000 35.000 20.000
20.000 34.000 29.000
23.000 32.000 24.000
14.000 16.000 12.000
24.000 26.000 24.000
24.000 21.000 18.000
14.000 15.000 18.000
13.000 14.000 14.000
24.000 23.000 9.000
15.000 16.000 13.000
14.000 14.000 11.000
17.000 16.000 11.000
9.000 18.000 9.000
11.000 9.000 9.000
16.000 17.000 14.000
19.000 13.000 16.000
16.000 8.000 10.000
10.000 8.000 15.000
14.000 5.000 12.000
17.000 5.000 8.000
14.000 11.000 17.000
10.000 10.000 10.000
11.000 7.000 10.000
14.000 2.000 11.000
8.000 3.000 9.000
10.000 4.000 12.000
7.000 4.000 9.000
6.000 4.000 15.000
7.000 3.000 13.000
7.000 3.000 16.000
12.000 4.000 8.000
10.000 3.000 9.000
10.000 5.000 17.000
10.000 6.000 5.000
10.000 8.000 5.000
5.000 13.000 8.000
8.000 10.000 9.000
8.000 11.000 9.000
15.000 8.000 10.000
9.000 8.000 9.000
13.000 9.000 3.000
9.000 10.000 5.000
12.000 6.000 4.000
17.000 7.000 5.000
11.000 7.000 5.000
13.000 11.000 9.000
3.000 8.000 10.000
10.000 10.000 10.000
11.000 9.000 6.000
16.000 12.000 11.000
5.000 15.000 10.000
15.000 18.000 13.000
14.000 28.000 13.000
11.000 24.000 23.000
17.000 13.000 11.000
