66.000 98.000 64.000
17.000 14.000 13.000
17.000 28.000 9.000
11.000 27.000 17.000
19.000 12.000 16.000
20.000 20.000 13.000
14.000 15.000 21.000
23.000 17.000 22.000
24.000 15.000 14.000
20.000 11.000 24.000
19.000 19.000 16.000
11.000 13.000 21.000
14.000 17.000 10.000
13.000 12.000 15.000
11.000 26.000 18.000
10.000 13.000 9.000
20.000 24.000 10.000
13.000 12.000 16.000
17.000 11.000 7.000
13.000 13.000 10.000
8.000 7.000 12.000
10.000 9.000 6.000
15.000 15.000 7.000
9.000 17.000 12.000
12.000 6.000 13.000
9.000 9.000 8.000
6.000 13.000 7.000
10.000 9.000 3.000
8.000 10.000 11.000
8.000 11.000 13.000
10.000 10.000 14.000
6.000 3.000 6.000
7.000 7.000 16.000
13.000 5.000 14.000
8.000 1.000 10.000
11.000 8.000 11.000
10.000 4.000 11.000
18.000 11.000 8.000
9.000 7.000 16.000
13.000 5.000 17.000
16.000 9.000 11.000
9.000 2.000 9.000
14.000 6.000 15.000
6.000 8.000 18.000
9.000 13.000 11.000
5.000 16.000 10.000
11.000 13.000 11.000
12.000 10.000 5.000
11.000 13.000 9.000
19.000 13.000 10.000
10.000 15.000 11.000
14.000 9.000 9.000
12.000 17.000 13.000
9.000 18.000 9.000
21.000 18.000 19.000
17.000 35.000 19.000
20.000 25.000 19.000
22.000 26.000 31.000
