127.000 70.000 110.000
14.000 34.000 25.000
24.000 24.000 16.000
17.000 18.000 31.000
12.000 33.000 25.000
21.000 24.000 14.000
12.000 20.000 26.000
18.000 16.000 13.000
14.000 11.000 12.000
7.000 10.000 11.000
12.000 12.000 8.000
9.000 10.000 14.000
8.000 10.000 9.000
9.000 9.000 9.000
10.000 11.000 9.000
8.000 15.000 10.000
13.000 11.000 5.000
10.000 8.000 12.000
17.000 14.000 9.000
11.000 8.000 4.000
4.000 2.000 5.000
6.000 7.000 4.000
6.000 7.000 8.000
11.000 6.000 3.000
2.000 8.000 6.000
4.000 4.000 9.000
4.000 7.000 8.000
10.000 7.000 8.000
5.000 4.000 14.000
4.000 11.000 12.000
6.000 8.000 9.000
6.000 8.000 7.000
7.000 4.000 7.000
8.000 4.000 12.000
7.000 3.000 19.000
7.000 4.000 8.000
6.000 4.000 3.000
4.000 4.000 7.000
12.000 2.000 6.000
5.000 4.000 8.000
9.000 8.000 8.000
9.000 5.000 6.000
12.000 7.000 9.000
10.000 8.000 3.000
13.000 16.000 6.000
16.000 3.000 5.000
16.000 14.000 5.000
13.000 8.000 5.000
17.000 7.000 8.000
9.000 5.000 13.000
21.000 9.000 15.000
19.000 13.000 12.000
21.000 7.000 19.000
24.000 16.000 18.000
24.000 19.000 29.000
27.000 30.000 30.000
28.000 46.000 20.000
23.000 46.000 38.000
