75.000 66.000 93.000
12.000 21.000 25.000
19.000 23.000 14.000
6.000 28.000 15.000
27.000 22.000 18.000
27.000 25.000 23.000
16.000 7.000 12.000
12.000 24.000 16.000
16.000 17.000 14.000
16.000 12.000 15.000
17.000 10.000 19.000
13.000 11.000 11.000
20.000 16.000 7.000
14.000 11.000 7.000
15.000 19.000 11.000
7.000 12.000 13.000
11.000 14.000 10.000
9.000 13.000 7.000
7.000 5.000 6.000
12.000 12.000 6.000
4.000 6.000 6.000
11.000 8.000 10.000
8.000 6.000 7.000
8.000 9.000 5.000
7.000 7.000 8.000
5.000 6.000 11.000
10.000 3.000 14.000
7.000 8.000 10.000
14.000 14.000 9.000
12.000 8.000 4.000
6.000 7.000 15.000
10.000 6.000 10.000
9.000 7.000 13.000
6.000 7.000 10.000
9.000 2.000 5.000
5.000 6.000 16.000
9.000 3.000 11.000
3.000 2.000 14.000
3.000 1.000 10.000
9.000 8.000 13.000
10.000 10.000 10.000
13.000 4.000 11.000
12.000 11.000 9.000
10.000 4.000 9.000
14.000 10.000 9.000
7.000 8.000 7.000
13.000 12.000 3.000
13.000 9.000 7.000
11.000 11.000 7.000
10.000 12.000 11.000
15.000 13.000 13.000
17.000 7.000 19.000
22.000 8.000 25.000
20.000 16.000 19.000
25.000 23.000 14.000
20.000 29.000 26.000
26.000 33.000 27.000
26.000 42.000 33.000
