80.000 80.000 60.000
4.000 23.000 22.000
12.000 22.000 12.000
8.000 19.000 23.000
6.000 24.000 15.000
15.000 17.000 12.000
7.000 19.000 18.000
13.000 18.000 7.000
12.000 16.000 16.000
13.000 19.000 9.000
13.000 17.000 9.000
6.000 20.000 14.000
15.000 9.000 10.000
16.000 14.000 16.000
11.000 17.000 17.000
16.000 16.000 9.000
12.000 14.000 7.000
7.000 15.000 9.000
14.000 16.000 12.000
14.000 16.000 11.000
16.000 13.000 7.000
11.000 11.000 9.000
15.000 12.000 10.000
12.000 13.000 13.000
19.000 10.000 15.000
16.000 5.000 11.000
11.000 11.000 8.000
12.000 11.000 6.000
15.000 9.000 11.000
9.000 3.000 13.000
20.000 4.000 9.000
13.000 7.000 30.000
14.000 5.000 15.000
7.000 8.000 19.000
14.000 5.000 17.000
13.000 4.000 9.000
18.000 3.000 19.000
14.000 5.000 17.000
15.000 7.000 19.000
11.000 9.000 15.000
18.000 9.000 18.000
12.000 7.000 10.000
13.000 10.000 6.000
11.000 8.000 10.000
13.000 17.000 10.000
11.000 15.000 9.000
29.000 10.000 9.000
22.000 15.000 14.000
12.000 18.000 7.000
11.000 14.000 12.000
15.000 19.000 13.000
15.000 14.000 13.000
11.000 24.000 14.000
17.000 31.000 18.000
17.000 22.000 15.000
9.000 21.000 19.000
15.000 22.000 15.000
15.000 26.000 19.000
