94.000 50.000 78.000
19.000 42.000 27.000
27.000 36.000 30.000
14.000 22.000 22.000
21.000 21.000 14.000
19.000 17.000 20.000
20.000 19.000 21.000
18.000 21.000 17.000
12.000 10.000 13.000
12.000 11.000 10.000
10.000 13.000 15.000
9.000 11.000 5.000
19.000 14.000 9.000
17.000 15.000 19.000
11.000 18.000 16.000
11.000 12.000 10.000
11.000 13.000 8.000
9.000 8.000 13.000
8.000 7.000 8.000
5.000 6.000 9.000
5.000 3.000 3.000
3.000 4.000 3.000
7.000 5.000 4.000
5.000 3.000 6.000
3.000 7.000 5.000
8.000 4.000 2.000
8.000 4.000 3.000
3.000 8.000 9.000
5.000 11.000 12.000
3.000 2.000 3.000
6.000 0.000 5.000
4.000 4.000 1.000
1.000 4.000 3.000
0.000 4.000 2.000
2.000 0.000 2.000
5.000 3.000 5.000
3.000 0.000 2.000
0.000 1.000 2.000
3.000 4.000 3.000
2.000 2.000 4.000
3.000 2.000 0.000
2.000 1.000 1.000
3.000 1.000 0.000
1.000 0.000 2.000
0.000 1.000 0.000
1.000 1.000 1.000
1.000 0.000 1.000
0.000 0.000 0.000
1.000 1.000 0.000
4.000 0.000 1.000
5.000 3.000 3.000
5.000 4.000 7.000
7.000 7.000 8.000
17.000 10.000 12.000
24.000 17.000 15.000
43.000 45.000 34.000
70.000 59.000 48.000
73.000 87.000 67.000
