120.000 57.000 106.000
12.000 19.000 20.000
19.000 24.000 15.000
12.000 28.000 15.000
16.000 19.000 16.000
21.000 23.000 16.000
9.000 24.000 15.000
16.000 21.000 6.000
7.000 22.000 14.000
14.000 20.000 16.000
8.000 17.000 16.000
7.000 13.000 11.000
14.000 10.000 12.000
14.000 9.000 11.000
20.000 16.000 12.000
7.000 9.000 7.000
15.000 7.000 12.000
11.000 13.000 15.000
9.000 14.000 9.000
9.000 18.000 8.000
11.000 11.000 10.000
8.000 9.000 11.000
9.000 8.000 5.000
7.000 8.000 9.000
15.000 12.000 13.000
9.000 15.000 11.000
9.000 9.000 6.000
10.000 10.000 12.000
12.000 15.000 12.000
13.000 8.000 12.000
16.000 2.000 15.000
11.000 7.000 14.000
7.000 4.000 9.000
11.000 7.000 17.000
10.000 5.000 20.000
11.000 9.000 18.000
11.000 5.000 9.000
12.000 7.000 13.000
6.000 3.000 14.000
18.000 6.000 13.000
13.000 4.000 14.000
9.000 12.000 17.000
17.000 11.000 8.000
13.000 16.000 12.000
11.000 8.000 16.000
12.000 8.000 8.000
7.000 13.000 7.000
16.000 9.000 7.000
13.000 15.000 9.000
8.000 16.000 8.000
16.000 15.000 10.000
12.000 14.000 11.000
17.000 17.000 16.000
14.000 17.000 12.000
17.000 17.000 14.000
17.000 21.000 21.000
20.000 28.000 15.000
25.000 20.000 18.000
