74.000 46.000 82.000
9.000 15.000 18.000
20.000 12.000 12.000
12.000 20.000 16.000
11.000 13.000 15.000
16.000 20.000 13.000
10.000 15.000 11.000
10.000 16.000 21.000
12.000 15.000 14.000
14.000 14.000 14.000
12.000 12.000 8.000
8.000 12.000 8.000
12.000 12.000 12.000
10.000 15.000 14.000
9.000 14.000 4.000
10.000 13.000 6.000
9.000 16.000 7.000
11.000 14.000 8.000
9.000 17.000 7.000
16.000 11.000 8.000
7.000 3.000 5.000
10.000 10.000 7.000
13.000 12.000 9.000
8.000 11.000 5.000
10.000 5.000 11.000
8.000 7.000 14.000
9.000 11.000 14.000
7.000 7.000 16.000
19.000 6.000 6.000
9.000 8.000 17.000
7.000 7.000 12.000
10.000 3.000 14.000
12.000 3.000 15.000
9.000 4.000 19.000
8.000 4.000 7.000
5.000 3.000 17.000
9.000 3.000 18.000
7.000 2.000 14.000
9.000 7.000 12.000
13.000 7.000 14.000
14.000 5.000 11.000
12.000 10.000 14.000
7.000 9.000 7.000
16.000 18.000 16.000
17.000 17.000 7.000
9.000 11.000 6.000
9.000 14.000 6.000
9.000 20.000 11.000
14.000 10.000 11.000
21.000 14.000 12.000
13.000 17.000 23.000
19.000 10.000 14.000
18.000 19.000 13.000
25.000 22.000 17.000
23.000 23.000 14.000
23.000 38.000 21.000
27.000 27.000 27.000
25.000 37.000 32.000
