59.000 52.000 80.000
4.000 16.000 13.000
14.000 11.000 6.000
1.000 15.000 17.000
9.000 10.000 16.000
4.000 16.000 14.000
6.000 9.000 8.000
14.000 21.000 16.000
13.000 7.000 8.000
8.000 19.000 11.000
9.000 16.000 10.000
12.000 16.000 9.000
13.000 9.000 11.000
9.000 17.000 7.000
11.000 15.000 8.000
13.000 18.000 8.000
11.000 13.000 10.000
14.000 16.000 9.000
10.000 15.000 15.000
10.000 13.000 8.000
13.000 15.000 5.000
11.000 10.000 7.000
10.000 13.000 7.000
15.000 13.000 8.000
15.000 3.000 13.000
20.000 3.000 14.000
9.000 11.000 11.000
13.000 12.000 15.000
16.000 10.000 12.000
13.000 8.000 23.000
12.000 6.000 7.000
7.000 9.000 18.000
18.000 6.000 17.000
20.000 9.000 23.000
12.000 4.000 16.000
10.000 9.000 15.000
14.000 4.000 17.000
15.000 14.000 12.000
13.000 10.000 20.000
23.000 6.000 12.000
19.000 19.000 9.000
10.000 12.000 11.000
16.000 19.000 13.000
22.000 13.000 13.000
18.000 19.000 13.000
15.000 15.000 14.000
16.000 9.000 10.000
8.000 13.000 12.000
13.000 10.000 9.000
16.000 19.000 12.000
11.000 15.000 14.000
17.000 21.000 22.000
14.000 22.000 20.000
19.000 25.000 16.000
23.000 37.000 20.000
13.000 20.000 16.000
15.000 24.000 22.000
15.000 20.000 19.000
