87.000 58.000 72.000
13.000 23.000 22.000
23.000 27.000 16.000
13.000 23.000 16.000
19.000 24.000 20.000
18.000 17.000 16.000
15.000 9.000 13.000
19.000 26.000 9.000
7.000 13.000 21.000
6.000 13.000 12.000
9.000 11.000 15.000
8.000 8.000 16.000
15.000 18.000 14.000
13.000 7.000 16.000
9.000 16.000 12.000
6.000 7.000 12.000
8.000 12.000 7.000
13.000 11.000 13.000
13.000 16.000 8.000
12.000 5.000 8.000
9.000 15.000 5.000
6.000 13.000 6.000
5.000 10.000 6.000
14.000 4.000 8.000
14.000 4.000 7.000
7.000 8.000 6.000
10.000 9.000 10.000
6.000 9.000 5.000
8.000 7.000 7.000
7.000 10.000 7.000
6.000 6.000 11.000
5.000 13.000 9.000
8.000 9.000 7.000
10.000 0.000 13.000
6.000 4.000 5.000
10.000 2.000 12.000
10.000 6.000 15.000
7.000 2.000 8.000
10.000 4.000 11.000
11.000 5.000 5.000
6.000 2.000 11.000
9.000 8.000 14.000
11.000 5.000 7.000
14.000 6.000 11.000
13.000 16.000 9.000
13.000 9.000 7.000
20.000 3.000 6.000
14.000 8.000 4.000
15.000 6.000 9.000
24.000 11.000 10.000
24.000 12.000 7.000
24.000 11.000 12.000
23.000 14.000 17.000
18.000 21.000 25.000
19.000 22.000 34.000
20.000 38.000 32.000
18.000 42.000 28.000
13.000 43.000 41.000
