86.000 75.000 82.000
22.000 22.000 27.000
28.000 29.000 18.000
8.000 18.000 20.000
24.000 26.000 19.000
19.000 19.000 13.000
13.000 15.000 22.000
15.000 19.000 22.000
15.000 19.000 18.000
17.000 10.000 17.000
10.000 7.000 15.000
19.000 14.000 20.000
19.000 15.000 16.000
14.000 8.000 13.000
15.000 21.000 8.000
8.000 10.000 13.000
7.000 16.000 7.000
5.000 12.000 4.000
11.000 8.000 7.000
7.000 6.000 10.000
6.000 7.000 8.000
11.000 4.000 7.000
11.000 3.000 9.000
4.000 6.000 6.000
10.000 11.000 6.000
12.000 4.000 9.000
7.000 14.000 10.000
11.000 10.000 6.000
9.000 15.000 9.000
11.000 15.000 4.000
11.000 15.000 12.000
4.000 7.000 6.000
8.000 6.000 11.000
6.000 5.000 7.000
7.000 3.000 14.000
14.000 4.000 10.000
5.000 5.000 9.000
9.000 2.000 11.000
5.000 5.000 13.000
11.000 3.000 9.000
5.000 5.000 10.000
4.000 4.000 8.000
4.000 4.000 3.000
5.000 5.000 4.000
5.000 8.000 7.000
9.000 4.000 5.000
6.000 9.000 3.000
8.000 5.000 8.000
15.000 13.000 8.000
7.000 9.000 14.000
14.000 7.000 16.000
8.000 9.000 11.000
17.000 6.000 13.000
14.000 9.000 12.000
26.000 21.000 24.000
26.000 34.000 27.000
22.000 43.000 31.000
25.000 49.000 30.000
