141.000 39.000 84.000
13.000 17.000 13.000
7.000 16.000 12.000
7.000 16.000 18.000
9.000 22.000 12.000
13.000 19.000 10.000
5.000 18.000 19.000
13.000 16.000 16.000
6.000 15.000 12.000
13.000 13.000 13.000
6.000 10.000 12.000
10.000 4.000 13.000
3.000 12.000 6.000
7.000 8.000 11.000
9.000 13.000 10.000
12.000 11.000 11.000
9.000 14.000 12.000
16.000 11.000 4.000
13.000 15.000 5.000
8.000 11.000 10.000
14.000 9.000 10.000
5.000 7.000 9.000
15.000 9.000 6.000
11.000 8.000 9.000
10.000 3.000 15.000
15.000 12.000 7.000
16.000 13.000 13.000
14.000 6.000 14.000
14.000 8.000 18.000
13.000 10.000 16.000
15.000 9.000 19.000
14.000 4.000 15.000
9.000 4.000 15.000
20.000 2.000 6.000
21.000 2.000 13.000
16.000 4.000 13.000
22.000 9.000 14.000
17.000 6.000 9.000
23.000 8.000 14.000
17.000 20.000 14.000
13.000 8.000 12.000
14.000 7.000 14.000
18.000 14.000 9.000
16.000 13.000 10.000
21.000 12.000 11.000
18.000 16.000 10.000
15.000 16.000 11.000
17.000 20.000 18.000
10.000 13.000 12.000
14.000 18.000 24.000
15.000 23.000 13.000
18.000 15.000 14.000
9.000 20.000 27.000
12.000 23.000 24.000
17.000 15.000 17.000
5.000 28.000 19.000
10.000 29.000 24.000
15.000 37.000 27.000
