45.000 43.000 90.000
9.000 17.000 9.000
9.000 12.000 10.000
6.000 22.000 14.000
14.000 13.000 10.000
7.000 18.000 8.000
8.000 23.000 17.000
12.000 11.000 4.000
9.000 13.000 5.000
21.000 19.000 9.000
10.000 13.000 10.000
12.000 19.000 9.000
14.000 17.000 9.000
7.000 19.000 7.000
16.000 12.000 9.000
10.000 19.000 7.000
16.000 15.000 9.000
8.000 15.000 8.000
13.000 9.000 15.000
15.000 12.000 12.000
4.000 9.000 17.000
14.000 13.000 16.000
15.000 14.000 12.000
18.000 7.000 11.000
14.000 8.000 14.000
10.000 12.000 10.000
12.000 7.000 13.000
17.000 9.000 16.000
11.000 7.000 18.000
15.000 7.000 12.000
20.000 9.000 16.000
12.000 6.000 16.000
13.000 6.000 13.000
17.000 8.000 14.000
18.000 6.000 14.000
15.000 6.000 14.000
14.000 8.000 18.000
17.000 13.000 10.000
15.000 11.000 17.000
11.000 11.000 10.000
18.000 11.000 17.000
18.000 11.000 18.000
10.000 10.000 16.000
20.000 14.000 17.000
13.000 21.000 11.000
16.000 11.000 16.000
18.000 20.000 12.000
17.000 18.000 20.000
13.000 24.000 4.000
15.000 13.000 15.000
10.000 14.000 21.000
16.000 19.000 22.000
22.000 17.000 14.000
18.000 16.000 12.000
18.000 23.000 11.000
17.000 25.000 15.000
12.000 25.000 17.000
17.000 26.000 20.000
