51.000 45.000 84.000
4.000 12.000 13.000
9.000 9.000 7.000
6.000 9.000 14.000
8.000 16.000 14.000
11.000 11.000 8.000
8.000 18.000 13.000
5.000 13.000 20.000
4.000 14.000 5.000
20.000 11.000 6.000
10.000 15.000 10.000
11.000 10.000 6.000
12.000 9.000 8.000
6.000 18.000 9.000
12.000 12.000 14.000
11.000 18.000 14.000
6.000 11.000 12.000
16.000 12.000 14.000
11.000 10.000 9.000
10.000 14.000 13.000
10.000 19.000 13.000
11.000 12.000 13.000
13.000 16.000 12.000
4.000 12.000 18.000
15.000 14.000 9.000
9.000 19.000 15.000
22.000 7.000 9.000
6.000 8.000 18.000
12.000 10.000 15.000
19.000 8.000 17.000
16.000 7.000 18.000
16.000 11.000 24.000
13.000 8.000 18.000
12.000 6.000 16.000
7.000 4.000 15.000
18.000 6.000 13.000
10.000 2.000 21.000
12.000 5.000 19.000
14.000 16.000 18.000
16.000 11.000 17.000
11.000 14.000 15.000
15.000 17.000 19.000
14.000 23.000 18.000
15.000 16.000 11.000
27.000 13.000 10.000
13.000 13.000 8.000
17.000 23.000 9.000
23.000 15.000 12.000
16.000 23.000 15.000
13.000 23.000 15.000
14.000 15.000 15.000
16.000 22.000 14.000
14.000 24.000 21.000
23.000 27.000 10.000
17.000 17.000 19.000
17.000 17.000 11.000
15.000 25.000 17.000
9.000 24.000 17.000
