82.000 81.000 103.000
10.000 39.000 25.000
26.000 36.000 13.000
17.000 28.000 25.000
21.000 20.000 22.000
21.000 22.000 22.000
19.000 21.000 21.000
30.000 21.000 26.000
18.000 15.000 22.000
15.000 10.000 11.000
14.000 9.000 12.000
13.000 10.000 12.000
11.000 7.000 15.000
7.000 12.000 5.000
15.000 8.000 13.000
8.000 10.000 5.000
14.000 7.000 4.000
9.000 13.000 4.000
10.000 13.000 10.000
8.000 6.000 7.000
10.000 2.000 2.000
6.000 4.000 4.000
11.000 3.000 6.000
7.000 11.000 9.000
8.000 11.000 8.000
4.000 6.000 11.000
2.000 7.000 3.000
7.000 10.000 10.000
10.000 11.000 11.000
6.000 5.000 15.000
14.000 4.000 5.000
5.000 7.000 8.000
7.000 6.000 8.000
5.000 0.000 7.000
8.000 2.000 3.000
4.000 3.000 6.000
3.000 5.000 4.000
5.000 1.000 5.000
4.000 6.000 7.000
3.000 5.000 2.000
4.000 6.000 4.000
2.000 6.000 1.000
4.000 0.000 3.000
5.000 3.000 2.000
7.000 5.000 7.000
4.000 4.000 3.000
5.000 5.000 2.000
3.000 2.000 1.000
13.000 4.000 1.000
7.000 3.000 5.000
9.000 2.000 4.000
5.000 6.000 6.000
12.000 12.000 5.000
26.000 18.000 10.000
14.000 25.000 10.000
21.000 34.000 35.000
41.000 52.000 33.000
45.000 53.000 40.000
