92.000 73.000 93.000
8.000 23.000 26.000
26.000 24.000 14.000
27.000 22.000 17.000
19.000 23.000 14.000
21.000 23.000 12.000
11.000 13.000 13.000
13.000 15.000 18.000
11.000 9.000 17.000
11.000 14.000 15.000
9.000 7.000 9.000
11.000 9.000 9.000
1.000 14.000 13.000
6.000 7.000 9.000
6.000 10.000 5.000
5.000 12.000 7.000
10.000 8.000 8.000
9.000 5.000 5.000
4.000 10.000 10.000
8.000 9.000 8.000
13.000 7.000 4.000
15.000 13.000 6.000
8.000 13.000 9.000
11.000 4.000 5.000
7.000 6.000 7.000
11.000 10.000 11.000
9.000 1.000 5.000
8.000 14.000 14.000
10.000 7.000 9.000
6.000 13.000 10.000
10.000 5.000 10.000
7.000 11.000 10.000
13.000 4.000 7.000
6.000 6.000 14.000
8.000 5.000 8.000
7.000 3.000 14.000
3.000 6.000 9.000
13.000 5.000 12.000
6.000 6.000 8.000
8.000 5.000 13.000
7.000 2.000 9.000
11.000 2.000 9.000
4.000 11.000 4.000
3.000 9.000 10.000
11.000 10.000 11.000
14.000 13.000 9.000
6.000 9.000 9.000
8.000 13.000 10.000
13.000 13.000 11.000
12.000 12.000 7.000
15.000 9.000 10.000
20.000 11.000 12.000
21.000 19.000 18.000
25.000 18.000 19.000
33.000 21.000 20.000
17.000 25.000 21.000
20.000 39.000 24.000
33.000 50.000 34.000
