92.000 68.000 95.000
13.000 22.000 26.000
19.000 17.000 13.000
8.000 21.000 15.000
20.000 35.000 31.000
23.000 25.000 17.000
16.000 20.000 16.000
21.000 22.000 31.000
12.000 13.000 19.000
17.000 15.000 19.000
10.000 17.000 12.000
19.000 16.000 19.000
18.000 13.000 9.000
15.000 27.000 18.000
19.000 17.000 8.000
12.000 13.000 18.000
14.000 18.000 7.000
11.000 16.000 15.000
15.000 10.000 5.000
9.000 12.000 7.000
7.000 6.000 10.000
11.000 7.000 7.000
10.000 4.000 11.000
10.000 11.000 5.000
8.000 10.000 9.000
14.000 5.000 11.000
16.000 12.000 12.000
7.000 7.000 8.000
6.000 11.000 12.000
6.000 5.000 3.000
9.000 12.000 10.000
14.000 7.000 11.000
4.000 5.000 14.000
3.000 3.000 16.000
10.000 1.000 10.000
5.000 5.000 12.000
6.000 3.000 9.000
9.000 8.000 8.000
7.000 5.000 7.000
7.000 7.000 16.000
11.000 5.000 8.000
6.000 7.000 6.000
6.000 8.000 8.000
6.000 7.000 7.000
7.000 8.000 6.000
8.000 10.000 7.000
10.000 3.000 5.000
11.000 10.000 8.000
12.000 10.000 5.000
11.000 8.000 5.000
11.000 6.000 12.000
13.000 14.000 14.000
19.000 7.000 17.000
13.000 11.000 16.000
14.000 14.000 19.000
17.000 26.000 22.000
17.000 31.000 24.000
18.000 42.000 30.000
