140.000 51.000 115.000
7.000 28.000 19.000
17.000 34.000 20.000
20.000 27.000 22.000
13.000 35.000 25.000
19.000 19.000 17.000
13.000 20.000 18.000
16.000 17.000 15.000
17.000 17.000 16.000
17.000 21.000 15.000
5.000 13.000 9.000
11.000 18.000 14.000
10.000 12.000 13.000
8.000 8.000 13.000
15.000 10.000 11.000
10.000 15.000 12.000
16.000 14.000 5.000
10.000 7.000 6.000
4.000 15.000 8.000
9.000 7.000 11.000
11.000 6.000 8.000
8.000 7.000 3.000
12.000 5.000 8.000
7.000 5.000 11.000
13.000 7.000 3.000
7.000 8.000 5.000
8.000 6.000 15.000
14.000 8.000 11.000
4.000 10.000 7.000
11.000 10.000 9.000
6.000 7.000 8.000
6.000 5.000 6.000
11.000 8.000 9.000
11.000 2.000 9.000
9.000 4.000 7.000
5.000 2.000 6.000
8.000 3.000 10.000
5.000 4.000 6.000
2.000 3.000 8.000
10.000 10.000 6.000
2.000 7.000 2.000
4.000 5.000 1.000
3.000 5.000 3.000
3.000 2.000 7.000
5.000 7.000 2.000
6.000 6.000 4.000
12.000 2.000 2.000
3.000 6.000 4.000
5.000 0.000 3.000
8.000 7.000 3.000
9.000 5.000 7.000
10.000 9.000 10.000
11.000 6.000 16.000
17.000 7.000 30.000
20.000 15.000 25.000
24.000 44.000 30.000
28.000 41.000 50.000
22.000 61.000 53.000
