92.000 58.000 83.000
14.000 36.000 30.000
19.000 30.000 12.000
17.000 25.000 25.000
22.000 29.000 29.000
26.000 20.000 15.000
14.000 22.000 27.000
10.000 20.000 14.000
10.000 13.000 11.000
14.000 20.000 18.000
10.000 14.000 12.000
11.000 10.000 12.000
15.000 14.000 8.000
15.000 15.000 12.000
19.000 16.000 11.000
8.000 6.000 9.000
10.000 9.000 8.000
12.000 11.000 5.000
9.000 11.000 9.000
8.000 12.000 7.000
11.000 8.000 9.000
11.000 9.000 10.000
12.000 11.000 4.000
9.000 6.000 9.000
12.000 7.000 9.000
10.000 13.000 8.000
8.000 7.000 11.000
8.000 5.000 15.000
12.000 10.000 15.000
10.000 16.000 9.000
13.000 9.000 7.000
8.000 6.000 11.000
6.000 7.000 10.000
10.000 6.000 11.000
5.000 2.000 14.000
10.000 1.000 12.000
9.000 4.000 8.000
8.000 3.000 7.000
5.000 1.000 7.000
8.000 4.000 6.000
8.000 4.000 3.000
8.000 7.000 8.000
5.000 2.000 11.000
8.000 5.000 7.000
7.000 8.000 3.000
7.000 9.000 3.000
17.000 9.000 11.000
12.000 9.000 2.000
11.000 8.000 8.000
8.000 7.000 8.000
12.000 12.000 5.000
16.000 16.000 9.000
20.000 10.000 14.000
21.000 15.000 20.000
26.000 27.000 17.000
23.000 25.000 19.000
24.000 45.000 35.000
16.000 41.000 34.000
