95.000 72.000 73.000
8.000 23.000 12.000
22.000 22.000 12.000
11.000 22.000 19.000
22.000 11.000 16.000
18.000 17.000 13.000
20.000 22.000 20.000
16.000 13.000 19.000
11.000 23.000 20.000
19.000 21.000 18.000
15.000 16.000 21.000
17.000 21.000 15.000
11.000 19.000 14.000
15.000 27.000 11.000
17.000 22.000 8.000
16.000 13.000 11.000
13.000 18.000 8.000
5.000 10.000 17.000
13.000 10.000 15.000
13.000 11.000 8.000
8.000 14.000 13.000
20.000 12.000 13.000
12.000 10.000 14.000
14.000 9.000 16.000
13.000 8.000 8.000
14.000 4.000 5.000
13.000 7.000 8.000
11.000 15.000 12.000
11.000 7.000 4.000
10.000 7.000 7.000
7.000 3.000 15.000
1.000 5.000 13.000
6.000 9.000 11.000
5.000 9.000 17.000
14.000 9.000 19.000
19.000 6.000 14.000
5.000 0.000 12.000
13.000 8.000 15.000
9.000 7.000 12.000
11.000 1.000 8.000
13.000 8.000 10.000
9.000 9.000 4.000
10.000 8.000 12.000
12.000 3.000 5.000
14.000 8.000 6.000
16.000 10.000 10.000
8.000 11.000 9.000
13.000 8.000 4.000
14.000 7.000 15.000
15.000 11.000 11.000
17.000 16.000 13.000
14.000 7.000 10.000
18.000 19.000 18.000
14.000 24.000 17.000
11.000 16.000 15.000
10.000 24.000 22.000
23.000 30.000 18.000
18.000 25.000 25.000
