58.000 52.000 40.000
4.000 16.000 7.000
11.000 12.000 4.000
9.000 13.000 11.000
6.000 4.000 9.000
4.000 6.000 7.000
4.000 7.000 13.000
6.000 9.000 12.000
8.000 4.000 8.000
12.000 11.000 8.000
10.000 6.000 10.000
9.000 6.000 6.000
10.000 16.000 8.000
6.000 20.000 5.000
8.000 8.000 6.000
9.000 10.000 11.000
5.000 8.000 6.000
5.000 19.000 7.000
7.000 17.000 8.000
7.000 18.000 7.000
16.000 17.000 10.000
8.000 12.000 9.000
5.000 11.000 12.000
12.000 10.000 7.000
11.000 12.000 9.000
12.000 7.000 9.000
14.000 8.000 8.000
13.000 7.000 15.000
13.000 6.000 15.000
15.000 9.000 11.000
9.000 7.000 12.000
8.000 9.000 13.000
14.000 8.000 16.000
20.000 8.000 18.000
14.000 7.000 24.000
14.000 6.000 14.000
14.000 8.000 14.000
16.000 11.000 16.000
15.000 12.000 15.000
18.000 6.000 17.000
16.000 8.000 9.000
12.000 5.000 17.000
13.000 16.000 17.000
17.000 13.000 12.000
23.000 13.000 8.000
15.000 10.000 9.000
12.000 10.000 9.000
13.000 19.000 10.000
18.000 21.000 8.000
24.000 16.000 18.000
19.000 21.000 8.000
13.000 31.000 17.000
20.000 33.000 11.000
16.000 37.000 11.000
18.000 38.000 16.000
17.000 36.000 16.000
17.000 32.000 21.000
16.000 29.000 18.000
