135.000 134.000 138.000
23.000 34.000 33.000
35.000 35.000 22.000
16.000 32.000 28.000
25.000 30.000 28.000
23.000 23.000 15.000
25.000 23.000 24.000
21.000 28.000 23.000
18.000 11.000 18.000
31.000 17.000 15.000
11.000 13.000 17.000
17.000 10.000 14.000
18.000 12.000 3.000
12.000 17.000 12.000
16.000 12.000 13.000
11.000 13.000 21.000
5.000 13.000 10.000
7.000 15.000 8.000
12.000 8.000 9.000
16.000 10.000 10.000
8.000 11.000 7.000
16.000 12.000 15.000
8.000 7.000 3.000
9.000 4.000 9.000
13.000 3.000 5.000
8.000 9.000 13.000
13.000 7.000 20.000
6.000 11.000 16.000
12.000 4.000 7.000
8.000 6.000 11.000
7.000 5.000 12.000
13.000 11.000 16.000
9.000 7.000 11.000
7.000 2.000 10.000
7.000 3.000 15.000
8.000 2.000 14.000
12.000 5.000 7.000
5.000 5.000 12.000
5.000 11.000 8.000
9.000 7.000 13.000
6.000 8.000 13.000
11.000 14.000 6.000
6.000 11.000 6.000
3.000 12.000 3.000
7.000 8.000 4.000
12.000 7.000 5.000
8.000 9.000 0.000
9.000 8.000 8.000
10.000 4.000 5.000
5.000 9.000 5.000
11.000 7.000 8.000
8.000 10.000 5.000
11.000 5.000 17.000
20.000 13.000 8.000
15.000 16.000 14.000
19.000 26.000 14.000
11.000 19.000 18.000
13.000 25.000 33.000
