83.000 77.000 78.000
8.000 20.000 17.000
18.000 36.000 15.000
10.000 19.000 20.000
18.000 16.000 10.000
17.000 18.000 21.000
16.000 17.000 18.000
23.000 11.000 18.000
13.000 12.000 10.000
13.000 11.000 19.000
12.000 13.000 10.000
15.000 15.000 15.000
8.000 11.000 16.000
7.000 12.000 16.000
12.000 17.000 11.000
13.000 16.000 13.000
14.000 15.000 15.000
8.000 9.000 5.000
13.000 13.000 13.000
14.000 10.000 7.000
10.000 7.000 7.000
12.000 6.000 5.000
7.000 7.000 4.000
10.000 12.000 6.000
10.000 12.000 7.000
5.000 6.000 5.000
14.000 10.000 8.000
10.000 8.000 12.000
12.000 19.000 6.000
11.000 13.000 16.000
6.000 7.000 15.000
10.000 8.000 16.000
11.000 5.000 5.000
12.000 7.000 15.000
10.000 4.000 7.000
7.000 7.000 15.000
4.000 4.000 7.000
11.000 2.000 15.000
7.000 3.000 6.000
13.000 5.000 13.000
8.000 2.000 10.000
9.000 4.000 2.000
9.000 3.000 7.000
9.000 6.000 4.000
5.000 8.000 5.000
15.000 11.000 3.000
8.000 9.000 6.000
15.000 7.000 8.000
10.000 6.000 7.000
12.000 8.000 5.000
11.000 10.000 7.000
20.000 17.000 13.000
12.000 23.000 8.000
15.000 18.000 16.000
18.000 30.000 18.000
15.000 36.000 28.000
21.000 37.000 37.000
32.000 44.000 36.000
