135.000 111.000 119.000
12.000 23.000 25.000
26.000 36.000 15.000
11.000 36.000 18.000
18.000 28.000 21.000
19.000 29.000 16.000
13.000 21.000 19.000
9.000 21.000 22.000
13.000 21.000 18.000
7.000 20.000 14.000
9.000 14.000 17.000
18.000 16.000 19.000
13.000 20.000 17.000
12.000 8.000 14.000
13.000 14.000 15.000
8.000 19.000 12.000
15.000 10.000 7.000
11.000 10.000 11.000
10.000 4.000 7.000
11.000 9.000 11.000
9.000 6.000 10.000
11.000 6.000 7.000
11.000 3.000 8.000
7.000 6.000 10.000
10.000 7.000 9.000
9.000 9.000 6.000
6.000 6.000 18.000
15.000 8.000 12.000
11.000 3.000 16.000
10.000 4.000 12.000
14.000 10.000 13.000
8.000 5.000 9.000
11.000 7.000 7.000
13.000 4.000 13.000
2.000 3.000 21.000
8.000 0.000 17.000
10.000 4.000 12.000
10.000 4.000 9.000
4.000 6.000 5.000
6.000 7.000 6.000
11.000 6.000 9.000
14.000 5.000 6.000
8.000 6.000 7.000
12.000 7.000 5.000
9.000 10.000 5.000
14.000 10.000 5.000
15.000 13.000 10.000
16.000 11.000 3.000
8.000 6.000 7.000
10.000 16.000 9.000
9.000 12.000 8.000
16.000 11.000 18.000
18.000 10.000 10.000
13.000 15.000 12.000
19.000 15.000 15.000
27.000 22.000 21.000
19.000 26.000 19.000
19.000 34.000 24.000
