131.000 111.000 100.000
17.000 30.000 34.000
21.000 31.000 12.000
11.000 17.000 16.000
25.000 18.000 14.000
26.000 19.000 12.000
18.000 20.000 13.000
11.000 20.000 18.000
10.000 12.000 16.000
9.000 10.000 17.000
10.000 12.000 10.000
16.000 13.000 11.000
8.000 19.000 9.000
11.000 14.000 17.000
9.000 7.000 10.000
6.000 10.000 5.000
9.000 9.000 8.000
10.000 10.000 5.000
6.000 9.000 1.000
7.000 8.000 10.000
11.000 5.000 2.000
12.000 7.000 10.000
11.000 15.000 6.000
6.000 10.000 6.000
11.000 4.000 10.000
7.000 9.000 7.000
10.000 13.000 9.000
19.000 10.000 12.000
12.000 8.000 25.000
12.000 8.000 15.000
10.000 7.000 14.000
9.000 3.000 15.000
13.000 8.000 11.000
6.000 5.000 16.000
9.000 4.000 12.000
6.000 7.000 19.000
6.000 6.000 10.000
7.000 5.000 10.000
12.000 5.000 11.000
9.000 5.000 12.000
2.000 15.000 8.000
9.000 7.000 7.000
4.000 6.000 12.000
10.000 9.000 8.000
6.000 9.000 11.000
8.000 10.000 12.000
13.000 15.000 1.000
2.000 10.000 8.000
12.000 6.000 8.000
14.000 10.000 9.000
8.000 6.000 9.000
9.000 6.000 5.000
14.000 16.000 14.000
17.000 13.000 14.000
18.000 18.000 17.000
23.000 25.000 21.000
28.000 33.000 30.000
28.000 38.000 27.000
