82.000 59.000 92.000
9.000 18.000 18.000
18.000 21.000 13.000
13.000 22.000 18.000
20.000 27.000 24.000
19.000 16.000 18.000
9.000 20.000 19.000
10.000 11.000 16.000
19.000 11.000 14.000
16.000 12.000 10.000
8.000 7.000 11.000
14.000 19.000 11.000
5.000 11.000 12.000
13.000 12.000 8.000
11.000 19.000 11.000
14.000 15.000 13.000
10.000 19.000 13.000
8.000 11.000 11.000
14.000 13.000 4.000
7.000 16.000 8.000
8.000 8.000 3.000
8.000 8.000 5.000
10.000 2.000 3.000
15.000 7.000 6.000
10.000 8.000 8.000
7.000 6.000 9.000
11.000 9.000 13.000
9.000 9.000 14.000
15.000 11.000 11.000
8.000 13.000 22.000
21.000 10.000 15.000
14.000 11.000 23.000
14.000 8.000 18.000
14.000 8.000 14.000
15.000 8.000 11.000
17.000 13.000 12.000
12.000 2.000 12.000
10.000 4.000 13.000
10.000 10.000 9.000
14.000 9.000 12.000
9.000 13.000 20.000
11.000 9.000 14.000
12.000 11.000 13.000
15.000 11.000 14.000
7.000 19.000 8.000
14.000 18.000 8.000
17.000 16.000 10.000
13.000 8.000 10.000
9.000 14.000 9.000
22.000 20.000 6.000
14.000 10.000 8.000
18.000 18.000 10.000
6.000 9.000 21.000
18.000 12.000 12.000
23.000 18.000 16.000
13.000 27.000 25.000
20.000 30.000 15.000
12.000 33.000 23.000
