92.000 59.000 60.000
16.000 42.000 29.000
29.000 41.000 24.000
20.000 25.000 29.000
21.000 22.000 26.000
17.000 24.000 25.000
16.000 24.000 16.000
18.000 8.000 20.000
18.000 11.000 15.000
13.000 13.000 11.000
14.000 8.000 11.000
15.000 14.000 13.000
11.000 20.000 17.000
17.000 14.000 15.000
14.000 20.000 16.000
17.000 17.000 24.000
13.000 12.000 13.000
11.000 16.000 15.000
9.000 8.000 8.000
10.000 4.000 4.000
3.000 1.000 4.000
2.000 2.000 3.000
11.000 6.000 2.000
7.000 5.000 4.000
10.000 5.000 7.000
6.000 6.000 5.000
5.000 11.000 6.000
4.000 6.000 9.000
4.000 7.000 4.000
7.000 4.000 4.000
1.000 3.000 6.000
4.000 4.000 5.000
2.000 1.000 2.000
0.000 1.000 3.000
7.000 2.000 2.000
1.000 2.000 5.000
4.000 5.000 7.000
4.000 1.000 2.000
1.000 1.000 1.000
2.000 1.000 2.000
4.000 3.000 6.000
5.000 3.000 2.000
2.000 2.000 0.000
6.000 2.000 2.000
5.000 2.000 2.000
3.000 2.000 5.000
8.000 2.000 3.000
7.000 2.000 1.000
7.000 2.000 3.000
11.000 1.000 4.000
7.000 7.000 3.000
13.000 8.000 4.000
15.000 11.000 6.000
11.000 8.000 11.000
20.000 25.000 22.000
35.000 30.000 25.000
43.000 49.000 50.000
48.000 78.000 71.000
