80.000 53.000 53.000
9.000 19.000 17.000
15.000 15.000 6.000
9.000 14.000 9.000
18.000 17.000 11.000
10.000 11.000 14.000
11.000 15.000 15.000
8.000 15.000 15.000
14.000 14.000 12.000
10.000 9.000 9.000
18.000 17.000 14.000
10.000 11.000 14.000
8.000 15.000 11.000
7.000 14.000 14.000
10.000 11.000 8.000
10.000 10.000 11.000
10.000 13.000 9.000
6.000 16.000 11.000
17.000 17.000 17.000
19.000 11.000 12.000
16.000 16.000 9.000
11.000 19.000 6.000
13.000 17.000 8.000
14.000 14.000 10.000
12.000 8.000 11.000
7.000 10.000 9.000
20.000 7.000 13.000
9.000 9.000 13.000
8.000 12.000 10.000
5.000 13.000 13.000
16.000 8.000 13.000
13.000 12.000 16.000
13.000 7.000 13.000
9.000 4.000 14.000
19.000 5.000 18.000
9.000 2.000 14.000
16.000 9.000 16.000
15.000 5.000 16.000
14.000 11.000 13.000
19.000 10.000 21.000
21.000 14.000 18.000
19.000 8.000 23.000
15.000 9.000 13.000
12.000 12.000 14.000
12.000 14.000 10.000
9.000 18.000 13.000
10.000 15.000 7.000
20.000 12.000 11.000
7.000 12.000 20.000
11.000 19.000 10.000
11.000 22.000 10.000
14.000 14.000 9.000
13.000 16.000 8.000
11.000 19.000 14.000
25.000 24.000 16.000
13.000 41.000 24.000
21.000 43.000 21.000
14.000 21.000 14.000
