104.000 81.000 98.000
10.000 25.000 20.000
26.000 38.000 15.000
12.000 30.000 23.000
16.000 18.000 26.000
18.000 15.000 11.000
15.000 17.000 19.000
24.000 14.000 9.000
11.000 11.000 10.000
14.000 12.000 12.000
10.000 13.000 14.000
15.000 11.000 6.000
9.000 7.000 13.000
7.000 12.000 13.000
13.000 11.000 10.000
11.000 17.000 12.000
12.000 16.000 6.000
12.000 11.000 6.000
13.000 13.000 3.000
9.000 9.000 10.000
7.000 9.000 8.000
11.000 8.000 13.000
7.000 8.000 8.000
8.000 7.000 6.000
8.000 9.000 14.000
7.000 6.000 6.000
14.000 10.000 5.000
10.000 5.000 14.000
9.000 7.000 9.000
9.000 7.000 13.000
4.000 2.000 15.000
11.000 6.000 12.000
13.000 9.000 7.000
19.000 0.000 13.000
9.000 5.000 18.000
16.000 3.000 11.000
7.000 4.000 12.000
10.000 3.000 11.000
13.000 7.000 13.000
7.000 10.000 17.000
11.000 8.000 15.000
9.000 9.000 11.000
15.000 10.000 13.000
12.000 14.000 12.000
9.000 13.000 11.000
10.000 6.000 7.000
11.000 13.000 8.000
15.000 5.000 4.000
14.000 16.000 8.000
10.000 9.000 10.000
12.000 12.000 6.000
9.000 13.000 12.000
10.000 16.000 11.000
23.000 21.000 12.000
14.000 18.000 19.000
20.000 34.000 16.000
30.000 27.000 19.000
23.000 40.000 25.000
