105.000 88.000 103.000
10.000 22.000 30.000
16.000 39.000 16.000
12.000 23.000 17.000
14.000 26.000 21.000
7.000 14.000 15.000
20.000 20.000 18.000
12.000 13.000 13.000
4.000 12.000 20.000
17.000 4.000 11.000
14.000 17.000 18.000
22.000 12.000 14.000
9.000 16.000 11.000
14.000 5.000 12.000
12.000 12.000 10.000
14.000 15.000 9.000
12.000 21.000 6.000
14.000 12.000 9.000
10.000 11.000 11.000
8.000 13.000 10.000
11.000 6.000 5.000
5.000 11.000 7.000
2.000 9.000 4.000
7.000 5.000 11.000
6.000 6.000 11.000
8.000 12.000 5.000
12.000 8.000 11.000
10.000 9.000 19.000
4.000 12.000 15.000
13.000 10.000 13.000
10.000 6.000 17.000
9.000 8.000 17.000
8.000 4.000 10.000
11.000 7.000 9.000
12.000 2.000 13.000
12.000 1.000 7.000
10.000 1.000 9.000
13.000 7.000 8.000
9.000 4.000 5.000
10.000 8.000 6.000
5.000 13.000 8.000
5.000 8.000 2.000
14.000 5.000 4.000
15.000 14.000 4.000
8.000 12.000 13.000
7.000 12.000 12.000
17.000 11.000 5.000
13.000 11.000 11.000
14.000 7.000 10.000
18.000 12.000 11.000
9.000 9.000 13.000
17.000 12.000 9.000
22.000 17.000 12.000
13.000 13.000 14.000
22.000 17.000 22.000
17.000 28.000 21.000
32.000 31.000 27.000
13.000 45.000 26.000
