105.000 61.000 59.000
9.000 21.000 20.000
21.000 21.000 10.000
3.000 15.000 16.000
13.000 25.000 22.000
9.000 22.000 14.000
7.000 20.000 17.000
5.000 24.000 15.000
11.000 20.000 8.000
13.000 11.000 8.000
6.000 10.000 12.000
11.000 8.000 14.000
5.000 8.000 9.000
7.000 10.000 9.000
11.000 7.000 10.000
12.000 9.000 7.000
12.000 14.000 5.000
10.000 6.000 9.000
4.000 13.000 7.000
14.000 8.000 5.000
10.000 18.000 11.000
17.000 11.000 3.000
12.000 6.000 5.000
12.000 13.000 7.000
20.000 7.000 6.000
13.000 8.000 7.000
14.000 9.000 13.000
14.000 5.000 11.000
15.000 10.000 10.000
10.000 11.000 16.000
15.000 8.000 14.000
13.000 5.000 12.000
12.000 2.000 5.000
17.000 8.000 7.000
16.000 0.000 15.000
11.000 4.000 13.000
11.000 1.000 11.000
9.000 4.000 12.000
14.000 6.000 10.000
16.000 2.000 9.000
13.000 8.000 15.000
16.000 10.000 11.000
14.000 9.000 7.000
14.000 7.000 11.000
9.000 7.000 8.000
14.000 6.000 11.000
20.000 11.000 16.000
15.000 16.000 7.000
17.000 19.000 12.000
15.000 15.000 8.000
20.000 15.000 16.000
13.000 24.000 6.000
14.000 30.000 14.000
13.000 30.000 22.000
14.000 24.000 21.000
18.000 31.000 25.000
19.000 39.000 30.000
18.000 33.000 30.000
