59.000 49.000 65.000
4.000 28.000 18.000
14.000 26.000 12.000
7.000 15.000 15.000
21.000 9.000 14.000
20.000 10.000 14.000
9.000 14.000 12.000
12.000 18.000 13.000
6.000 8.000 15.000
16.000 15.000 6.000
12.000 4.000 13.000
9.000 6.000 16.000
9.000 15.000 11.000
11.000 15.000 9.000
7.000 16.000 8.000
13.000 14.000 13.000
15.000 11.000 11.000
13.000 12.000 11.000
12.000 7.000 8.000
19.000 13.000 5.000
11.000 9.000 11.000
11.000 8.000 8.000
4.000 9.000 7.000
17.000 8.000 13.000
16.000 8.000 8.000
12.000 14.000 11.000
12.000 8.000 13.000
12.000 10.000 15.000
14.000 11.000 21.000
7.000 17.000 12.000
15.000 11.000 13.000
8.000 15.000 6.000
17.000 11.000 11.000
8.000 7.000 15.000
12.000 5.000 19.000
13.000 7.000 12.000
12.000 6.000 7.000
10.000 7.000 21.000
10.000 8.000 16.000
14.000 9.000 12.000
14.000 10.000 12.000
15.000 9.000 17.000
18.000 10.000 16.000
9.000 12.000 12.000
13.000 11.000 9.000
20.000 13.000 13.000
7.000 19.000 10.000
14.000 7.000 11.000
15.000 20.000 13.000
17.000 10.000 10.000
16.000 12.000 22.000
15.000 16.000 14.000
9.000 25.000 23.000
11.000 17.000 21.000
18.000 26.000 25.000
17.000 27.000 19.000
22.000 32.000 21.000
19.000 28.000 24.000
