75.000 72.000 94.000
6.000 26.000 9.000
11.000 29.000 14.000
14.000 16.000 18.000
11.000 24.000 17.000
17.000 23.000 13.000
11.000 16.000 14.000
17.000 24.000 19.000
13.000 14.000 14.000
13.000 12.000 14.000
16.000 17.000 20.000
13.000 16.000 12.000
10.000 14.000 10.000
10.000 14.000 19.000
11.000 15.000 7.000
14.000 17.000 8.000
8.000 19.000 6.000
10.000 13.000 8.000
9.000 11.000 5.000
19.000 13.000 9.000
15.000 12.000 13.000
22.000 11.000 4.000
12.000 18.000 10.000
9.000 7.000 16.000
13.000 9.000 11.000
10.000 12.000 12.000
13.000 14.000 13.000
13.000 15.000 18.000
15.000 5.000 17.000
13.000 5.000 13.000
12.000 6.000 21.000
14.000 3.000 17.000
14.000 5.000 15.000
16.000 6.000 18.000
11.000 2.000 15.000
16.000 3.000 19.000
13.000 9.000 15.000
18.000 6.000 17.000
11.000 10.000 19.000
16.000 10.000 17.000
13.000 8.000 14.000
16.000 13.000 11.000
10.000 9.000 10.000
17.000 17.000 18.000
16.000 15.000 13.000
13.000 18.000 8.000
14.000 18.000 8.000
15.000 12.000 6.000
22.000 20.000 5.000
6.000 17.000 10.000
6.000 19.000 12.000
25.000 22.000 9.000
16.000 17.000 11.000
18.000 17.000 8.000
11.000 28.000 18.000
13.000 15.000 8.000
6.000 25.000 21.000
12.000 20.000 11.000
