107.000 69.000 100.000
10.000 35.000 18.000
26.000 23.000 24.000
15.000 36.000 28.000
22.000 30.000 19.000
22.000 17.000 24.000
11.000 20.000 26.000
20.000 17.000 21.000
13.000 20.000 24.000
14.000 21.000 12.000
13.000 12.000 12.000
17.000 10.000 15.000
13.000 8.000 10.000
10.000 16.000 13.000
19.000 8.000 14.000
15.000 15.000 11.000
9.000 10.000 8.000
17.000 15.000 8.000
8.000 10.000 4.000
5.000 11.000 11.000
8.000 8.000 13.000
15.000 5.000 10.000
8.000 7.000 3.000
10.000 10.000 6.000
8.000 6.000 5.000
10.000 6.000 6.000
9.000 7.000 11.000
7.000 13.000 12.000
12.000 14.000 10.000
4.000 13.000 9.000
6.000 11.000 9.000
8.000 6.000 7.000
8.000 8.000 9.000
5.000 0.000 5.000
4.000 1.000 5.000
11.000 1.000 5.000
5.000 0.000 9.000
3.000 4.000 4.000
7.000 2.000 5.000
1.000 5.000 4.000
9.000 3.000 3.000
0.000 5.000 10.000
7.000 6.000 10.000
6.000 8.000 6.000
10.000 5.000 3.000
9.000 7.000 4.000
14.000 7.000 5.000
11.000 8.000 3.000
5.000 7.000 8.000
9.000 4.000 5.000
7.000 4.000 7.000
22.000 4.000 10.000
18.000 11.000 21.000
18.000 12.000 24.000
18.000 19.000 16.000
25.000 34.000 31.000
20.000 32.000 40.000
24.000 56.000 46.000
