98.000 84.000 98.000
25.000 47.000 39.000
45.000 40.000 33.000
22.000 32.000 33.000
36.000 36.000 30.000
28.000 21.000 22.000
38.000 42.000 42.000
27.000 36.000 32.000
24.000 23.000 26.000
21.000 11.000 14.000
14.000 9.000 8.000
14.000 14.000 18.000
18.000 24.000 18.000
15.000 15.000 18.000
14.000 19.000 17.000
6.000 10.000 14.000
18.000 9.000 9.000
12.000 9.000 10.000
6.000 6.000 4.000
1.000 2.000 1.000
5.000 1.000 1.000
2.000 0.000 1.000
2.000 2.000 2.000
2.000 1.000 1.000
0.000 0.000 0.000
2.000 3.000 2.000
5.000 4.000 3.000
1.000 1.000 2.000
6.000 5.000 8.000
1.000 1.000 2.000
3.000 4.000 3.000
0.000 0.000 1.000
2.000 0.000 1.000
0.000 1.000 0.000
0.000 2.000 4.000
1.000 1.000 2.000
5.000 0.000 0.000
0.000 2.000 1.000
1.000 2.000 2.000
2.000 1.000 0.000
1.000 1.000 1.000
0.000 1.000 1.000
0.000 2.000 1.000
1.000 0.000 0.000
1.000 0.000 0.000
1.000 0.000 0.000
2.000 2.000 1.000
0.000 0.000 0.000
0.000 0.000 0.000
1.000 1.000 0.000
2.000 0.000 1.000
1.000 2.000 2.000
1.000 1.000 2.000
9.000 5.000 5.000
24.000 18.000 15.000
33.000 32.000 26.000
45.000 50.000 50.000
68.000 72.000 78.000
