99.000 75.000 77.000
5.000 29.000 23.000
18.000 28.000 12.000
11.000 21.000 21.000
19.000 14.000 23.000
19.000 12.000 18.000
10.000 15.000 8.000
11.000 13.000 18.000
16.000 11.000 14.000
10.000 12.000 7.000
12.000 9.000 11.000
12.000 10.000 14.000
16.000 11.000 7.000
10.000 9.000 13.000
7.000 10.000 5.000
6.000 10.000 6.000
9.000 10.000 8.000
12.000 6.000 4.000
10.000 7.000 7.000
12.000 12.000 4.000
11.000 9.000 10.000
14.000 12.000 7.000
9.000 5.000 14.000
10.000 6.000 8.000
6.000 11.000 9.000
8.000 9.000 8.000
7.000 9.000 7.000
12.000 12.000 17.000
12.000 10.000 11.000
7.000 7.000 5.000
6.000 9.000 12.000
6.000 7.000 12.000
4.000 8.000 14.000
10.000 5.000 14.000
4.000 2.000 17.000
13.000 4.000 12.000
5.000 4.000 14.000
9.000 8.000 10.000
9.000 5.000 8.000
5.000 3.000 11.000
3.000 4.000 5.000
9.000 9.000 10.000
15.000 7.000 7.000
6.000 10.000 8.000
6.000 10.000 8.000
10.000 12.000 6.000
15.000 13.000 5.000
14.000 10.000 6.000
15.000 7.000 9.000
13.000 7.000 11.000
12.000 3.000 13.000
18.000 17.000 13.000
16.000 17.000 18.000
22.000 18.000 16.000
19.000 21.000 21.000
30.000 23.000 30.000
25.000 41.000 40.000
33.000 40.000 26.000
