119.000 99.000 117.000
11.000 51.000 36.000
27.000 34.000 13.000
16.000 26.000 37.000
35.000 34.000 28.000
29.000 23.000 23.000
21.000 19.000 32.000
17.000 17.000 22.000
25.000 15.000 10.000
15.000 10.000 14.000
12.000 15.000 10.000
15.000 12.000 10.000
11.000 16.000 10.000
14.000 15.000 12.000
14.000 8.000 13.000
4.000 9.000 10.000
8.000 15.000 9.000
12.000 10.000 12.000
10.000 8.000 4.000
8.000 7.000 3.000
2.000 8.000 7.000
8.000 3.000 6.000
2.000 9.000 5.000
5.000 5.000 2.000
9.000 3.000 6.000
6.000 8.000 7.000
3.000 6.000 3.000
8.000 5.000 11.000
13.000 3.000 6.000
10.000 4.000 14.000
6.000 5.000 13.000
3.000 4.000 13.000
7.000 5.000 11.000
10.000 2.000 7.000
9.000 4.000 12.000
9.000 4.000 4.000
7.000 5.000 8.000
2.000 3.000 5.000
4.000 6.000 5.000
1.000 1.000 6.000
5.000 3.000 5.000
4.000 4.000 2.000
7.000 7.000 6.000
4.000 7.000 2.000
4.000 5.000 3.000
3.000 5.000 2.000
2.000 6.000 1.000
7.000 3.000 5.000
13.000 8.000 2.000
7.000 6.000 4.000
6.000 3.000 5.000
5.000 6.000 13.000
10.000 12.000 16.000
7.000 15.000 17.000
18.000 26.000 17.000
29.000 30.000 21.000
33.000 39.000 31.000
41.000 52.000 36.000
