89.000 83.000 80.000
20.000 44.000 42.000
29.000 21.000 27.000
22.000 22.000 31.000
31.000 22.000 25.000
24.000 19.000 19.000
19.000 23.000 16.000
15.000 17.000 14.000
12.000 15.000 12.000
10.000 13.000 11.000
10.000 11.000 15.000
9.000 4.000 8.000
18.000 12.000 18.000
17.000 13.000 15.000
18.000 24.000 13.000
14.000 19.000 15.000
16.000 20.000 17.000
7.000 9.000 13.000
14.000 8.000 8.000
8.000 5.000 5.000
4.000 4.000 2.000
6.000 5.000 2.000
5.000 4.000 3.000
3.000 3.000 4.000
6.000 3.000 8.000
3.000 4.000 8.000
9.000 12.000 7.000
13.000 7.000 11.000
7.000 13.000 12.000
10.000 14.000 10.000
9.000 9.000 8.000
10.000 6.000 7.000
2.000 1.000 2.000
4.000 3.000 4.000
2.000 0.000 2.000
2.000 2.000 4.000
0.000 0.000 0.000
0.000 0.000 1.000
0.000 1.000 1.000
1.000 4.000 3.000
2.000 4.000 3.000
3.000 0.000 0.000
2.000 0.000 1.000
2.000 1.000 1.000
2.000 1.000 2.000
2.000 3.000 3.000
4.000 2.000 0.000
0.000 3.000 4.000
3.000 0.000 1.000
2.000 3.000 0.000
4.000 1.000 1.000
5.000 1.000 2.000
9.000 5.000 7.000
13.000 3.000 5.000
17.000 18.000 22.000
37.000 25.000 34.000
48.000 48.000 55.000
73.000 67.000 72.000
