91.000 62.000 92.000
9.000 28.000 31.000
28.000 33.000 21.000
11.000 25.000 23.000
29.000 19.000 15.000
17.000 16.000 21.000
11.000 15.000 25.000
14.000 19.000 12.000
12.000 19.000 19.000
31.000 11.000 10.000
19.000 18.000 20.000
15.000 19.000 19.000
18.000 19.000 16.000
12.000 31.000 13.000
21.000 21.000 19.000
18.000 22.000 10.000
17.000 12.000 15.000
12.000 8.000 15.000
11.000 14.000 7.000
12.000 2.000 12.000
6.000 12.000 8.000
12.000 6.000 6.000
6.000 7.000 9.000
5.000 3.000 2.000
7.000 6.000 8.000
6.000 5.000 6.000
4.000 10.000 6.000
11.000 7.000 7.000
4.000 7.000 6.000
8.000 8.000 7.000
4.000 9.000 7.000
7.000 5.000 3.000
5.000 0.000 7.000
5.000 1.000 10.000
8.000 3.000 7.000
4.000 5.000 9.000
7.000 3.000 8.000
6.000 1.000 6.000
0.000 5.000 5.000
7.000 4.000 5.000
3.000 4.000 8.000
7.000 6.000 4.000
6.000 4.000 7.000
2.000 5.000 5.000
6.000 4.000 3.000
6.000 10.000 4.000
11.000 8.000 1.000
9.000 9.000 9.000
12.000 2.000 2.000
11.000 7.000 6.000
8.000 4.000 6.000
10.000 7.000 10.000
13.000 5.000 13.000
14.000 9.000 26.000
26.000 18.000 21.000
17.000 30.000 40.000
34.000 25.000 38.000
36.000 43.000 42.000
