65.000 79.000 94.000
11.000 35.000 41.000
35.000 37.000 16.000
18.000 18.000 25.000
28.000 20.000 17.000
28.000 19.000 18.000
20.000 13.000 24.000
16.000 16.000 12.000
15.000 14.000 10.000
10.000 14.000 7.000
15.000 9.000 14.000
10.000 7.000 8.000
8.000 15.000 17.000
22.000 32.000 21.000
12.000 10.000 12.000
13.000 17.000 19.000
18.000 12.000 12.000
15.000 11.000 11.000
12.000 9.000 7.000
6.000 4.000 3.000
6.000 3.000 3.000
6.000 2.000 4.000
2.000 3.000 2.000
5.000 2.000 6.000
5.000 5.000 3.000
3.000 2.000 2.000
3.000 7.000 6.000
7.000 5.000 6.000
8.000 11.000 10.000
4.000 9.000 8.000
11.000 6.000 9.000
5.000 4.000 3.000
3.000 4.000 7.000
9.000 7.000 3.000
1.000 3.000 4.000
7.000 0.000 2.000
2.000 3.000 3.000
4.000 4.000 1.000
6.000 0.000 2.000
1.000 2.000 2.000
1.000 2.000 5.000
0.000 0.000 0.000
5.000 0.000 3.000
0.000 2.000 1.000
1.000 1.000 1.000
1.000 3.000 1.000
4.000 3.000 3.000
2.000 2.000 1.000
2.000 1.000 4.000
2.000 3.000 1.000
1.000 1.000 3.000
6.000 5.000 2.000
14.000 2.000 7.000
20.000 10.000 9.000
23.000 13.000 21.000
34.000 27.000 37.000
42.000 55.000 75.000
50.000 65.000 67.000
