111.000 130.000 79.000
19.000 45.000 43.000
51.000 24.000 22.000
22.000 24.000 37.000
28.000 15.000 29.000
18.000 14.000 21.000
16.000 17.000 19.000
9.000 11.000 17.000
12.000 18.000 15.000
14.000 9.000 15.000
15.000 12.000 10.000
10.000 9.000 6.000
12.000 11.000 5.000
6.000 13.000 8.000
6.000 11.000 12.000
17.000 11.000 14.000
10.000 10.000 13.000
7.000 9.000 6.000
7.000 3.000 7.000
5.000 7.000 8.000
4.000 1.000 8.000
5.000 0.000 0.000
2.000 1.000 3.000
2.000 4.000 3.000
2.000 4.000 3.000
4.000 2.000 4.000
11.000 10.000 11.000
4.000 10.000 6.000
10.000 7.000 8.000
11.000 9.000 6.000
5.000 6.000 7.000
6.000 5.000 8.000
5.000 2.000 5.000
3.000 1.000 8.000
0.000 0.000 0.000
0.000 0.000 3.000
0.000 2.000 1.000
1.000 1.000 0.000
2.000 1.000 1.000
0.000 1.000 0.000
0.000 3.000 0.000
3.000 1.000 2.000
1.000 0.000 3.000
3.000 0.000 0.000
1.000 0.000 0.000
2.000 0.000 0.000
1.000 1.000 0.000
2.000 0.000 0.000
3.000 1.000 0.000
0.000 0.000 1.000
4.000 0.000 1.000
7.000 1.000 2.000
13.000 5.000 6.000
12.000 4.000 10.000
14.000 16.000 15.000
37.000 37.000 38.000
60.000 61.000 58.000
48.000 86.000 76.000
