97.000 73.000 77.000
13.000 31.000 28.000
20.000 17.000 14.000
13.000 28.000 26.000
25.000 13.000 21.000
23.000 29.000 23.000
9.000 20.000 26.000
27.000 15.000 14.000
8.000 15.000 16.000
10.000 11.000 20.000
14.000 17.000 10.000
16.000 15.000 11.000
12.000 17.000 13.000
14.000 16.000 6.000
9.000 9.000 16.000
11.000 19.000 13.000
10.000 9.000 10.000
10.000 14.000 6.000
9.000 10.000 8.000
7.000 8.000 6.000
6.000 5.000 3.000
8.000 7.000 7.000
8.000 6.000 10.000
11.000 7.000 3.000
13.000 10.000 3.000
12.000 11.000 9.000
5.000 8.000 10.000
7.000 8.000 7.000
8.000 12.000 15.000
11.000 5.000 15.000
8.000 9.000 11.000
5.000 18.000 8.000
7.000 7.000 19.000
12.000 3.000 17.000
11.000 5.000 13.000
13.000 3.000 7.000
8.000 6.000 9.000
8.000 1.000 7.000
10.000 4.000 12.000
5.000 4.000 9.000
6.000 4.000 11.000
8.000 1.000 4.000
2.000 7.000 5.000
14.000 8.000 6.000
10.000 11.000 4.000
6.000 4.000 6.000
7.000 13.000 4.000
10.000 3.000 5.000
11.000 9.000 3.000
18.000 11.000 8.000
10.000 8.000 13.000
12.000 7.000 10.000
14.000 15.000 7.000
19.000 19.000 11.000
26.000 17.000 13.000
23.000 32.000 30.000
27.000 48.000 29.000
28.000 47.000 28.000
