83.000 60.000 108.000
5.000 18.000 25.000
18.000 32.000 9.000
14.000 17.000 21.000
14.000 20.000 12.000
17.000 16.000 19.000
13.000 13.000 17.000
19.000 17.000 19.000
14.000 23.000 12.000
11.000 18.000 5.000
11.000 19.000 8.000
11.000 20.000 17.000
12.000 15.000 12.000
9.000 15.000 12.000
13.000 13.000 12.000
6.000 15.000 11.000
9.000 15.000 6.000
14.000 13.000 7.000
10.000 9.000 7.000
18.000 13.000 13.000
15.000 12.000 12.000
15.000 10.000 11.000
11.000 16.000 8.000
17.000 6.000 8.000
11.000 7.000 13.000
12.000 5.000 18.000
11.000 9.000 15.000
9.000 8.000 9.000
9.000 6.000 12.000
11.000 11.000 14.000
5.000 5.000 15.000
12.000 4.000 13.000
11.000 6.000 10.000
11.000 5.000 11.000
9.000 5.000 18.000
9.000 4.000 9.000
9.000 9.000 8.000
8.000 11.000 12.000
18.000 7.000 9.000
14.000 5.000 13.000
15.000 13.000 10.000
9.000 12.000 14.000
9.000 7.000 11.000
18.000 10.000 8.000
15.000 7.000 13.000
14.000 12.000 8.000
6.000 16.000 6.000
20.000 18.000 13.000
12.000 16.000 5.000
17.000 8.000 12.000
13.000 18.000 13.000
17.000 13.000 16.000
12.000 15.000 13.000
22.000 21.000 18.000
22.000 25.000 12.000
17.000 24.000 18.000
18.000 30.000 14.000
14.000 25.000 28.000
