43.000 19.000 136.000
7.000 10.000 18.000
13.000 17.000 16.000
12.000 22.000 20.000
11.000 21.000 7.000
8.000 20.000 12.000
4.000 17.000 13.000
21.000 16.000 8.000
8.000 14.000 17.000
12.000 7.000 19.000
12.000 9.000 12.000
8.000 16.000 13.000
8.000 16.000 16.000
14.000 5.000 15.000
8.000 12.000 6.000
6.000 3.000 13.000
15.000 14.000 9.000
5.000 9.000 11.000
2.000 11.000 9.000
4.000 5.000 12.000
8.000 14.000 9.000
10.000 10.000 11.000
10.000 6.000 10.000
10.000 9.000 15.000
7.000 10.000 13.000
13.000 9.000 21.000
8.000 7.000 20.000
8.000 10.000 14.000
12.000 8.000 13.000
6.000 6.000 6.000
13.000 6.000 12.000
9.000 4.000 15.000
11.000 5.000 14.000
10.000 2.000 14.000
9.000 3.000 19.000
4.000 3.000 16.000
12.000 2.000 11.000
20.000 10.000 16.000
10.000 4.000 13.000
10.000 9.000 14.000
13.000 10.000 8.000
12.000 13.000 13.000
11.000 11.000 10.000
18.000 14.000 11.000
15.000 13.000 10.000
19.000 20.000 16.000
22.000 22.000 13.000
21.000 14.000 12.000
16.000 31.000 16.000
16.000 21.000 5.000
29.000 19.000 15.000
21.000 29.000 23.000
26.000 23.000 16.000
18.000 24.000 11.000
24.000 23.000 13.000
15.000 25.000 13.000
14.000 23.000 17.000
16.000 29.000 9.000
