105.000 72.000 81.000
11.000 40.000 35.000
25.000 35.000 32.000
19.000 28.000 22.000
20.000 19.000 18.000
22.000 17.000 24.000
15.000 19.000 17.000
20.000 15.000 8.000
13.000 17.000 15.000
25.000 12.000 13.000
10.000 13.000 12.000
11.000 12.000 15.000
17.000 21.000 15.000
21.000 19.000 23.000
6.000 32.000 30.000
9.000 21.000 13.000
16.000 20.000 25.000
18.000 6.000 14.000
12.000 8.000 8.000
11.000 4.000 7.000
8.000 3.000 6.000
14.000 0.000 4.000
11.000 4.000 3.000
10.000 5.000 5.000
8.000 7.000 5.000
10.000 8.000 15.000
5.000 14.000 7.000
8.000 14.000 8.000
6.000 6.000 4.000
5.000 10.000 15.000
5.000 4.000 8.000
6.000 4.000 4.000
6.000 3.000 2.000
8.000 0.000 1.000
6.000 0.000 3.000
5.000 2.000 4.000
2.000 0.000 3.000
4.000 3.000 5.000
4.000 0.000 2.000
4.000 5.000 2.000
5.000 1.000 3.000
4.000 1.000 4.000
1.000 4.000 4.000
4.000 3.000 1.000
2.000 2.000 2.000
4.000 2.000 2.000
4.000 2.000 5.000
3.000 5.000 0.000
8.000 3.000 2.000
6.000 1.000 3.000
3.000 5.000 3.000
5.000 4.000 6.000
15.000 6.000 11.000
14.000 14.000 11.000
26.000 16.000 17.000
28.000 26.000 34.000
43.000 39.000 38.000
49.000 72.000 57.000
