101.000 88.000 83.000
16.000 16.000 27.000
18.000 32.000 24.000
18.000 31.000 31.000
23.000 22.000 18.000
14.000 20.000 15.000
17.000 19.000 18.000
16.000 21.000 25.000
8.000 14.000 20.000
26.000 8.000 13.000
13.000 18.000 15.000
21.000 12.000 11.000
13.000 11.000 22.000
11.000 17.000 8.000
17.000 24.000 19.000
10.000 13.000 14.000
8.000 19.000 15.000
6.000 11.000 10.000
9.000 7.000 8.000
14.000 6.000 11.000
5.000 6.000 6.000
9.000 2.000 3.000
5.000 6.000 5.000
11.000 4.000 3.000
4.000 4.000 3.000
8.000 4.000 4.000
10.000 6.000 8.000
6.000 10.000 7.000
1.000 9.000 6.000
6.000 6.000 5.000
6.000 1.000 5.000
6.000 1.000 2.000
6.000 3.000 4.000
4.000 3.000 9.000
2.000 0.000 5.000
2.000 1.000 4.000
3.000 1.000 5.000
8.000 1.000 8.000
5.000 3.000 7.000
4.000 1.000 4.000
4.000 5.000 2.000
4.000 8.000 4.000
6.000 3.000 5.000
1.000 3.000 1.000
5.000 7.000 3.000
6.000 2.000 2.000
3.000 4.000 2.000
7.000 3.000 4.000
13.000 2.000 4.000
9.000 6.000 6.000
13.000 5.000 9.000
15.000 6.000 5.000
20.000 15.000 7.000
32.000 12.000 19.000
34.000 19.000 31.000
32.000 30.000 33.000
36.000 50.000 46.000
32.000 58.000 45.000
