63.000 54.000 81.000
4.000 13.000 13.000
13.000 11.000 8.000
7.000 11.000 13.000
6.000 10.000 12.000
22.000 15.000 8.000
7.000 6.000 6.000
10.000 11.000 11.000
10.000 9.000 5.000
14.000 9.000 9.000
7.000 7.000 14.000
16.000 12.000 7.000
13.000 8.000 10.000
15.000 15.000 14.000
13.000 15.000 9.000
12.000 13.000 11.000
3.000 15.000 10.000
10.000 15.000 9.000
7.000 4.000 22.000
6.000 12.000 18.000
8.000 13.000 15.000
9.000 13.000 13.000
15.000 8.000 10.000
14.000 12.000 13.000
14.000 12.000 15.000
10.000 8.000 17.000
8.000 11.000 23.000
15.000 10.000 18.000
16.000 9.000 22.000
12.000 9.000 23.000
15.000 7.000 21.000
17.000 7.000 24.000
16.000 8.000 22.000
14.000 8.000 25.000
18.000 10.000 20.000
13.000 3.000 15.000
19.000 6.000 9.000
14.000 10.000 12.000
19.000 6.000 15.000
11.000 7.000 7.000
16.000 4.000 17.000
12.000 9.000 12.000
12.000 15.000 16.000
16.000 21.000 16.000
16.000 18.000 13.000
21.000 27.000 18.000
21.000 22.000 11.000
22.000 19.000 12.000
22.000 21.000 8.000
17.000 19.000 15.000
16.000 26.000 19.000
13.000 16.000 10.000
16.000 22.000 15.000
26.000 28.000 15.000
22.000 17.000 9.000
18.000 20.000 13.000
25.000 27.000 17.000
8.000 28.000 13.000
