95.000 82.000 59.000
10.000 27.000 17.000
20.000 16.000 8.000
12.000 13.000 10.000
15.000 15.000 12.000
18.000 10.000 10.000
9.000 15.000 14.000
14.000 5.000 16.000
7.000 14.000 18.000
8.000 12.000 7.000
12.000 12.000 14.000
9.000 10.000 12.000
6.000 11.000 9.000
8.000 6.000 8.000
8.000 16.000 7.000
14.000 10.000 5.000
12.000 10.000 7.000
10.000 16.000 11.000
9.000 7.000 12.000
12.000 9.000 4.000
5.000 9.000 8.000
13.000 16.000 10.000
13.000 16.000 10.000
9.000 9.000 5.000
14.000 13.000 11.000
16.000 16.000 7.000
16.000 17.000 9.000
6.000 4.000 15.000
8.000 7.000 16.000
13.000 6.000 15.000
15.000 5.000 16.000
19.000 7.000 12.000
17.000 6.000 24.000
10.000 7.000 19.000
16.000 7.000 15.000
27.000 8.000 16.000
13.000 10.000 22.000
20.000 10.000 17.000
9.000 10.000 21.000
9.000 5.000 14.000
16.000 9.000 13.000
17.000 16.000 13.000
17.000 13.000 15.000
21.000 16.000 14.000
16.000 8.000 10.000
11.000 12.000 6.000
8.000 15.000 9.000
14.000 14.000 19.000
14.000 15.000 14.000
12.000 15.000 12.000
15.000 15.000 11.000
10.000 15.000 16.000
12.000 18.000 15.000
12.000 20.000 13.000
17.000 23.000 20.000
22.000 25.000 14.000
17.000 21.000 21.000
15.000 29.000 17.000
