83.000 70.000 91.000
17.000 42.000 28.000
38.000 35.000 28.000
18.000 29.000 34.000
19.000 21.000 27.000
23.000 16.000 27.000
31.000 26.000 25.000
15.000 12.000 16.000
10.000 19.000 11.000
23.000 11.000 15.000
13.000 12.000 5.000
14.000 15.000 7.000
7.000 11.000 14.000
10.000 14.000 8.000
5.000 9.000 5.000
15.000 11.000 7.000
9.000 8.000 8.000
7.000 10.000 7.000
9.000 11.000 3.000
5.000 5.000 6.000
6.000 1.000 3.000
8.000 4.000 3.000
6.000 1.000 4.000
7.000 8.000 7.000
8.000 8.000 11.000
10.000 5.000 10.000
1.000 9.000 6.000
6.000 12.000 9.000
13.000 5.000 7.000
10.000 14.000 13.000
9.000 6.000 5.000
7.000 5.000 7.000
8.000 7.000 10.000
2.000 5.000 2.000
4.000 3.000 5.000
6.000 1.000 6.000
4.000 0.000 8.000
6.000 5.000 6.000
1.000 4.000 7.000
4.000 0.000 3.000
1.000 2.000 5.000
3.000 4.000 4.000
7.000 2.000 5.000
2.000 6.000 5.000
2.000 5.000 2.000
3.000 3.000 0.000
5.000 6.000 2.000
4.000 2.000 2.000
7.000 2.000 1.000
2.000 5.000 2.000
5.000 2.000 5.000
2.000 3.000 7.000
14.000 7.000 8.000
27.000 15.000 15.000
27.000 14.000 17.000
25.000 32.000 37.000
28.000 50.000 50.000
39.000 57.000 63.000
