81.000 58.000 72.000
8.000 27.000 17.000
11.000 18.000 9.000
11.000 22.000 12.000
9.000 18.000 19.000
24.000 21.000 22.000
13.000 21.000 17.000
20.000 24.000 17.000
16.000 20.000 9.000
19.000 7.000 14.000
11.000 10.000 18.000
10.000 9.000 7.000
16.000 16.000 7.000
8.000 16.000 11.000
12.000 13.000 8.000
4.000 5.000 10.000
10.000 7.000 9.000
8.000 8.000 8.000
11.000 13.000 9.000
7.000 10.000 8.000
9.000 11.000 7.000
8.000 11.000 3.000
11.000 16.000 7.000
9.000 13.000 8.000
12.000 13.000 7.000
10.000 8.000 16.000
11.000 7.000 11.000
10.000 6.000 5.000
13.000 7.000 12.000
6.000 5.000 22.000
10.000 9.000 6.000
13.000 4.000 15.000
15.000 4.000 13.000
17.000 4.000 19.000
10.000 5.000 19.000
10.000 5.000 15.000
10.000 5.000 12.000
14.000 3.000 8.000
6.000 2.000 13.000
10.000 9.000 13.000
8.000 8.000 7.000
12.000 7.000 14.000
9.000 13.000 13.000
12.000 8.000 6.000
9.000 20.000 17.000
7.000 11.000 9.000
9.000 7.000 7.000
8.000 12.000 8.000
16.000 17.000 10.000
14.000 16.000 15.000
23.000 15.000 7.000
12.000 17.000 15.000
22.000 18.000 17.000
19.000 26.000 17.000
17.000 22.000 17.000
14.000 25.000 27.000
21.000 32.000 14.000
20.000 29.000 21.000
