45.000 79.000 71.000
14.000 32.000 22.000
18.000 24.000 13.000
13.000 22.000 10.000
18.000 15.000 18.000
15.000 14.000 18.000
15.000 14.000 11.000
17.000 9.000 23.000
10.000 19.000 19.000
17.000 13.000 15.000
16.000 7.000 12.000
13.000 16.000 14.000
11.000 21.000 14.000
15.000 17.000 18.000
16.000 15.000 21.000
14.000 15.000 11.000
13.000 23.000 14.000
13.000 21.000 5.000
14.000 16.000 12.000
8.000 8.000 12.000
12.000 11.000 9.000
10.000 8.000 4.000
4.000 5.000 11.000
8.000 6.000 10.000
13.000 7.000 6.000
11.000 5.000 12.000
7.000 4.000 15.000
10.000 3.000 8.000
11.000 2.000 10.000
12.000 6.000 14.000
7.000 3.000 14.000
13.000 3.000 10.000
9.000 3.000 6.000
2.000 5.000 12.000
8.000 1.000 12.000
13.000 4.000 10.000
11.000 7.000 11.000
10.000 3.000 14.000
6.000 7.000 12.000
10.000 3.000 12.000
6.000 5.000 8.000
10.000 11.000 11.000
10.000 9.000 11.000
10.000 5.000 4.000
15.000 9.000 10.000
14.000 11.000 6.000
14.000 12.000 10.000
10.000 14.000 6.000
22.000 9.000 10.000
17.000 10.000 11.000
11.000 14.000 8.000
10.000 10.000 13.000
19.000 16.000 19.000
14.000 16.000 29.000
21.000 24.000 12.000
15.000 28.000 24.000
23.000 38.000 22.000
20.000 37.000 32.000
