63.000 63.000 49.000
7.000 12.000 18.000
15.000 17.000 7.000
6.000 8.000 19.000
21.000 15.000 14.000
9.000 16.000 10.000
12.000 15.000 9.000
12.000 20.000 8.000
8.000 9.000 4.000
15.000 17.000 8.000
12.000 10.000 9.000
5.000 19.000 9.000
10.000 10.000 3.000
10.000 15.000 12.000
17.000 14.000 13.000
14.000 14.000 8.000
19.000 16.000 7.000
7.000 18.000 8.000
8.000 15.000 7.000
11.000 13.000 12.000
11.000 11.000 16.000
13.000 16.000 16.000
19.000 6.000 17.000
12.000 5.000 11.000
11.000 8.000 10.000
14.000 10.000 13.000
12.000 17.000 16.000
17.000 9.000 20.000
12.000 10.000 19.000
14.000 10.000 12.000
18.000 11.000 20.000
13.000 6.000 16.000
16.000 8.000 19.000
9.000 8.000 13.000
13.000 7.000 15.000
12.000 14.000 17.000
19.000 15.000 25.000
16.000 5.000 22.000
19.000 11.000 14.000
15.000 3.000 16.000
20.000 16.000 20.000
11.000 4.000 14.000
21.000 17.000 19.000
8.000 11.000 20.000
22.000 15.000 12.000
16.000 15.000 9.000
11.000 11.000 19.000
12.000 21.000 11.000
18.000 17.000 14.000
21.000 22.000 15.000
13.000 13.000 14.000
15.000 12.000 12.000
7.000 27.000 13.000
17.000 21.000 13.000
12.000 16.000 16.000
11.000 20.000 12.000
16.000 24.000 14.000
16.000 28.000 10.000
