101.000 66.000 74.000
8.000 23.000 19.000
19.000 22.000 7.000
5.000 19.000 18.000
12.000 18.000 15.000
13.000 25.000 7.000
10.000 14.000 18.000
15.000 15.000 9.000
13.000 12.000 15.000
17.000 13.000 11.000
11.000 13.000 17.000
10.000 12.000 9.000
9.000 18.000 11.000
13.000 16.000 6.000
17.000 10.000 5.000
12.000 6.000 10.000
11.000 14.000 5.000
10.000 15.000 6.000
7.000 13.000 23.000
10.000 15.000 11.000
12.000 9.000 9.000
9.000 12.000 13.000
12.000 13.000 6.000
14.000 20.000 10.000
12.000 13.000 10.000
8.000 13.000 7.000
11.000 11.000 10.000
10.000 16.000 9.000
11.000 8.000 16.000
15.000 10.000 23.000
17.000 9.000 10.000
15.000 8.000 21.000
14.000 10.000 13.000
19.000 5.000 17.000
14.000 4.000 22.000
12.000 5.000 18.000
15.000 3.000 19.000
17.000 10.000 11.000
12.000 12.000 16.000
15.000 9.000 17.000
17.000 5.000 15.000
10.000 10.000 10.000
17.000 11.000 17.000
11.000 15.000 9.000
13.000 13.000 13.000
25.000 11.000 14.000
16.000 14.000 6.000
13.000 17.000 7.000
15.000 10.000 7.000
11.000 9.000 9.000
13.000 21.000 5.000
16.000 11.000 19.000
12.000 18.000 18.000
14.000 28.000 13.000
16.000 27.000 21.000
14.000 28.000 10.000
15.000 22.000 19.000
10.000 29.000 21.000
