149.000 57.000 54.000
8.000 15.000 13.000
11.000 17.000 5.000
10.000 18.000 7.000
9.000 9.000 10.000
13.000 21.000 8.000
16.000 17.000 14.000
15.000 17.000 13.000
14.000 13.000 12.000
8.000 23.000 12.000
12.000 12.000 5.000
12.000 11.000 15.000
13.000 13.000 7.000
18.000 18.000 12.000
11.000 15.000 12.000
9.000 24.000 12.000
13.000 22.000 10.000
17.000 21.000 13.000
19.000 17.000 8.000
14.000 22.000 12.000
10.000 9.000 12.000
11.000 15.000 21.000
16.000 12.000 11.000
17.000 7.000 13.000
12.000 9.000 16.000
15.000 8.000 15.000
18.000 8.000 17.000
12.000 4.000 9.000
15.000 8.000 15.000
16.000 13.000 11.000
11.000 6.000 18.000
16.000 7.000 18.000
13.000 3.000 22.000
8.000 8.000 23.000
18.000 9.000 17.000
15.000 7.000 11.000
15.000 6.000 19.000
15.000 10.000 25.000
17.000 12.000 17.000
10.000 5.000 18.000
17.000 7.000 9.000
13.000 13.000 16.000
10.000 15.000 20.000
18.000 5.000 20.000
13.000 10.000 6.000
9.000 20.000 9.000
9.000 14.000 11.000
10.000 18.000 8.000
12.000 15.000 12.000
16.000 19.000 15.000
9.000 18.000 14.000
17.000 26.000 14.000
11.000 28.000 12.000
14.000 20.000 20.000
6.000 16.000 9.000
10.000 14.000 21.000
12.000 12.000 13.000
8.000 20.000 9.000
