123.000 74.000 91.000
12.000 27.000 22.000
21.000 40.000 17.000
13.000 20.000 16.000
12.000 21.000 34.000
23.000 14.000 15.000
10.000 20.000 22.000
13.000 21.000 20.000
19.000 11.000 17.000
19.000 11.000 20.000
16.000 12.000 21.000
13.000 15.000 15.000
17.000 13.000 6.000
12.000 22.000 15.000
16.000 20.000 15.000
13.000 19.000 11.000
13.000 11.000 14.000
15.000 17.000 10.000
9.000 13.000 13.000
12.000 7.000 12.000
16.000 11.000 5.000
6.000 7.000 6.000
12.000 9.000 10.000
9.000 6.000 9.000
12.000 12.000 10.000
13.000 7.000 14.000
7.000 8.000 11.000
7.000 9.000 9.000
8.000 9.000 6.000
8.000 8.000 7.000
9.000 6.000 10.000
17.000 7.000 9.000
10.000 9.000 18.000
7.000 0.000 9.000
8.000 3.000 8.000
6.000 1.000 9.000
11.000 4.000 11.000
3.000 7.000 11.000
5.000 3.000 10.000
5.000 6.000 5.000
13.000 6.000 8.000
8.000 12.000 7.000
3.000 4.000 7.000
4.000 13.000 3.000
11.000 10.000 11.000
8.000 15.000 3.000
12.000 7.000 9.000
4.000 9.000 7.000
7.000 9.000 7.000
11.000 8.000 8.000
11.000 14.000 8.000
12.000 17.000 10.000
10.000 7.000 23.000
21.000 9.000 18.000
30.000 17.000 26.000
16.000 20.000 22.000
23.000 34.000 32.000
30.000 24.000 27.000
