122.000 65.000 61.000
16.000 35.000 24.000
12.000 29.000 25.000
16.000 12.000 24.000
18.000 27.000 24.000
17.000 21.000 18.000
17.000 19.000 25.000
25.000 23.000 26.000
16.000 19.000 18.000
12.000 17.000 14.000
18.000 16.000 10.000
14.000 10.000 14.000
10.000 15.000 18.000
12.000 14.000 14.000
16.000 22.000 19.000
12.000 17.000 22.000
8.000 13.000 9.000
11.000 14.000 11.000
11.000 5.000 8.000
11.000 6.000 5.000
1.000 3.000 4.000
8.000 1.000 7.000
6.000 4.000 1.000
8.000 3.000 3.000
3.000 7.000 8.000
8.000 5.000 3.000
8.000 16.000 8.000
7.000 5.000 4.000
5.000 14.000 10.000
7.000 6.000 8.000
8.000 5.000 7.000
3.000 2.000 5.000
5.000 3.000 8.000
7.000 1.000 3.000
4.000 1.000 6.000
3.000 2.000 5.000
4.000 3.000 8.000
4.000 3.000 5.000
6.000 0.000 7.000
3.000 4.000 6.000
5.000 1.000 0.000
6.000 3.000 3.000
8.000 2.000 2.000
5.000 2.000 2.000
4.000 1.000 6.000
5.000 5.000 2.000
6.000 5.000 1.000
8.000 6.000 3.000
6.000 3.000 3.000
8.000 6.000 5.000
8.000 4.000 4.000
14.000 8.000 10.000
21.000 6.000 20.000
26.000 15.000 20.000
22.000 27.000 27.000
36.000 34.000 31.000
38.000 45.000 51.000
24.000 53.000 40.000
