71.000 60.000 91.000
11.000 15.000 11.000
19.000 28.000 18.000
13.000 22.000 16.000
19.000 19.000 13.000
28.000 11.000 7.000
23.000 24.000 18.000
15.000 16.000 19.000
8.000 14.000 13.000
12.000 22.000 9.000
19.000 13.000 10.000
14.000 12.000 18.000
8.000 17.000 11.000
12.000 18.000 17.000
9.000 16.000 10.000
17.000 17.000 15.000
15.000 16.000 10.000
11.000 11.000 9.000
9.000 7.000 15.000
16.000 15.000 5.000
6.000 11.000 8.000
3.000 13.000 6.000
14.000 11.000 11.000
12.000 11.000 4.000
9.000 9.000 9.000
10.000 11.000 6.000
10.000 5.000 9.000
11.000 12.000 7.000
12.000 9.000 12.000
11.000 7.000 12.000
19.000 5.000 4.000
9.000 4.000 14.000
8.000 6.000 6.000
10.000 4.000 10.000
14.000 5.000 14.000
11.000 4.000 13.000
7.000 2.000 15.000
7.000 6.000 16.000
3.000 5.000 8.000
4.000 6.000 18.000
7.000 9.000 20.000
8.000 5.000 12.000
4.000 8.000 10.000
5.000 13.000 9.000
9.000 8.000 8.000
19.000 9.000 7.000
10.000 11.000 9.000
11.000 15.000 6.000
5.000 10.000 9.000
10.000 10.000 16.000
20.000 12.000 7.000
23.000 11.000 8.000
20.000 11.000 7.000
21.000 17.000 18.000
22.000 22.000 18.000
25.000 21.000 24.000
20.000 34.000 33.000
24.000 48.000 29.000
