89.000 64.000 63.000
15.000 34.000 30.000
31.000 29.000 20.000
10.000 28.000 23.000
28.000 32.000 20.000
26.000 21.000 15.000
14.000 21.000 20.000
18.000 12.000 19.000
14.000 10.000 12.000
17.000 13.000 14.000
9.000 11.000 19.000
16.000 13.000 11.000
8.000 17.000 17.000
8.000 11.000 22.000
11.000 14.000 11.000
10.000 4.000 8.000
11.000 11.000 8.000
14.000 9.000 7.000
9.000 7.000 7.000
6.000 6.000 3.000
4.000 1.000 4.000
3.000 4.000 5.000
10.000 7.000 2.000
9.000 9.000 7.000
3.000 4.000 6.000
6.000 5.000 9.000
8.000 11.000 1.000
3.000 7.000 13.000
3.000 7.000 5.000
7.000 11.000 6.000
9.000 7.000 6.000
5.000 4.000 5.000
1.000 1.000 8.000
5.000 2.000 3.000
4.000 5.000 9.000
5.000 1.000 6.000
3.000 3.000 3.000
3.000 2.000 8.000
4.000 1.000 3.000
4.000 1.000 2.000
2.000 1.000 5.000
6.000 1.000 6.000
4.000 1.000 2.000
7.000 2.000 2.000
7.000 5.000 3.000
5.000 3.000 3.000
12.000 3.000 2.000
9.000 4.000 1.000
6.000 6.000 1.000
8.000 2.000 1.000
3.000 5.000 9.000
12.000 10.000 8.000
25.000 7.000 18.000
17.000 20.000 18.000
27.000 31.000 26.000
36.000 37.000 27.000
47.000 58.000 32.000
37.000 64.000 42.000
