95.000 74.000 118.000
20.000 34.000 30.000
24.000 31.000 26.000
18.000 28.000 20.000
17.000 17.000 32.000
28.000 22.000 11.000
15.000 22.000 13.000
22.000 20.000 16.000
23.000 16.000 14.000
16.000 16.000 11.000
10.000 15.000 12.000
12.000 9.000 13.000
6.000 10.000 13.000
14.000 14.000 10.000
10.000 13.000 10.000
14.000 10.000 8.000
7.000 11.000 7.000
8.000 8.000 8.000
4.000 4.000 6.000
6.000 6.000 4.000
3.000 2.000 2.000
5.000 2.000 1.000
4.000 4.000 5.000
9.000 3.000 8.000
8.000 2.000 9.000
10.000 3.000 5.000
12.000 8.000 5.000
12.000 9.000 12.000
5.000 18.000 11.000
7.000 9.000 13.000
4.000 9.000 12.000
9.000 3.000 6.000
6.000 3.000 9.000
4.000 5.000 6.000
3.000 1.000 4.000
7.000 1.000 7.000
3.000 1.000 4.000
4.000 2.000 1.000
3.000 2.000 4.000
5.000 6.000 2.000
8.000 6.000 2.000
4.000 4.000 3.000
0.000 9.000 3.000
4.000 3.000 0.000
3.000 3.000 2.000
7.000 4.000 5.000
7.000 4.000 4.000
5.000 7.000 6.000
6.000 4.000 5.000
10.000 7.000 7.000
10.000 1.000 11.000
17.000 5.000 11.000
12.000 6.000 9.000
22.000 16.000 23.000
19.000 21.000 36.000
41.000 33.000 33.000
33.000 40.000 36.000
48.000 49.000 47.000
