150.000 94.000 78.000
12.000 23.000 16.000
13.000 22.000 19.000
8.000 22.000 24.000
15.000 23.000 14.000
21.000 22.000 10.000
14.000 20.000 13.000
7.000 17.000 14.000
14.000 16.000 14.000
11.000 13.000 11.000
12.000 22.000 17.000
17.000 20.000 10.000
19.000 20.000 15.000
14.000 21.000 15.000
12.000 19.000 10.000
14.000 14.000 14.000
10.000 15.000 14.000
14.000 10.000 7.000
12.000 5.000 10.000
21.000 8.000 5.000
17.000 3.000 11.000
12.000 3.000 10.000
14.000 9.000 10.000
14.000 11.000 10.000
13.000 9.000 7.000
12.000 5.000 6.000
11.000 6.000 8.000
12.000 7.000 11.000
13.000 7.000 9.000
11.000 7.000 20.000
11.000 9.000 8.000
13.000 3.000 18.000
10.000 3.000 10.000
9.000 5.000 14.000
14.000 9.000 14.000
7.000 9.000 20.000
8.000 5.000 21.000
3.000 4.000 19.000
5.000 5.000 13.000
14.000 2.000 10.000
13.000 9.000 15.000
11.000 7.000 10.000
12.000 13.000 12.000
18.000 12.000 10.000
12.000 11.000 10.000
15.000 12.000 10.000
15.000 10.000 4.000
6.000 14.000 8.000
11.000 15.000 8.000
10.000 15.000 14.000
11.000 21.000 21.000
8.000 18.000 14.000
16.000 19.000 14.000
15.000 23.000 18.000
14.000 21.000 19.000
10.000 19.000 12.000
8.000 25.000 17.000
20.000 31.000 15.000
