85.000 77.000 84.000
18.000 33.000 25.000
25.000 21.000 15.000
13.000 28.000 27.000
18.000 24.000 23.000
16.000 15.000 9.000
12.000 13.000 16.000
11.000 15.000 17.000
11.000 17.000 10.000
19.000 12.000 13.000
15.000 11.000 15.000
11.000 11.000 16.000
13.000 15.000 19.000
13.000 13.000 12.000
10.000 25.000 13.000
12.000 16.000 14.000
13.000 10.000 14.000
9.000 12.000 9.000
7.000 11.000 7.000
9.000 9.000 8.000
14.000 5.000 5.000
10.000 7.000 11.000
9.000 10.000 7.000
13.000 9.000 7.000
10.000 1.000 11.000
15.000 6.000 7.000
5.000 10.000 11.000
5.000 15.000 13.000
9.000 11.000 12.000
8.000 10.000 12.000
9.000 9.000 7.000
10.000 7.000 8.000
13.000 5.000 7.000
9.000 3.000 4.000
6.000 1.000 7.000
9.000 4.000 7.000
3.000 3.000 11.000
5.000 4.000 6.000
7.000 3.000 5.000
5.000 3.000 5.000
3.000 2.000 6.000
6.000 5.000 2.000
6.000 3.000 3.000
3.000 2.000 4.000
8.000 9.000 7.000
6.000 6.000 1.000
7.000 7.000 3.000
6.000 4.000 1.000
5.000 5.000 2.000
13.000 5.000 5.000
8.000 4.000 4.000
11.000 6.000 5.000
21.000 10.000 14.000
14.000 17.000 14.000
19.000 26.000 23.000
21.000 31.000 34.000
26.000 44.000 55.000
37.000 52.000 36.000
