67.000 51.000 101.000
6.000 18.000 11.000
17.000 21.000 11.000
8.000 25.000 6.000
14.000 17.000 12.000
16.000 18.000 9.000
7.000 19.000 19.000
15.000 12.000 14.000
10.000 17.000 14.000
9.000 10.000 8.000
11.000 9.000 14.000
20.000 19.000 5.000
13.000 14.000 15.000
5.000 12.000 10.000
9.000 18.000 9.000
11.000 20.000 9.000
8.000 7.000 6.000
16.000 16.000 5.000
7.000 18.000 10.000
13.000 10.000 13.000
7.000 15.000 15.000
12.000 12.000 10.000
16.000 16.000 9.000
11.000 9.000 7.000
10.000 11.000 12.000
13.000 7.000 8.000
16.000 5.000 18.000
13.000 12.000 8.000
20.000 15.000 12.000
9.000 12.000 14.000
24.000 8.000 15.000
20.000 8.000 11.000
11.000 10.000 20.000
10.000 8.000 17.000
16.000 3.000 21.000
13.000 6.000 15.000
7.000 6.000 16.000
24.000 8.000 16.000
15.000 7.000 21.000
13.000 10.000 19.000
16.000 13.000 19.000
11.000 16.000 16.000
24.000 16.000 19.000
14.000 9.000 10.000
22.000 17.000 10.000
12.000 15.000 10.000
15.000 11.000 11.000
21.000 17.000 6.000
7.000 14.000 11.000
17.000 26.000 14.000
14.000 13.000 10.000
21.000 16.000 23.000
11.000 18.000 13.000
11.000 21.000 11.000
9.000 27.000 12.000
14.000 25.000 15.000
12.000 29.000 16.000
13.000 28.000 16.000
