61.000 56.000 121.000
8.000 20.000 19.000
12.000 29.000 6.000
9.000 20.000 16.000
13.000 18.000 18.000
13.000 18.000 19.000
14.000 22.000 14.000
17.000 17.000 15.000
14.000 23.000 13.000
9.000 25.000 8.000
13.000 15.000 11.000
13.000 16.000 12.000
10.000 14.000 12.000
10.000 20.000 7.000
17.000 21.000 9.000
12.000 14.000 9.000
6.000 14.000 16.000
10.000 14.000 10.000
17.000 13.000 14.000
20.000 12.000 12.000
9.000 8.000 5.000
11.000 10.000 10.000
15.000 9.000 9.000
14.000 6.000 6.000
8.000 6.000 6.000
5.000 9.000 11.000
18.000 8.000 10.000
11.000 6.000 13.000
10.000 5.000 16.000
15.000 7.000 11.000
15.000 7.000 14.000
14.000 7.000 17.000
10.000 3.000 23.000
16.000 5.000 16.000
14.000 3.000 10.000
12.000 3.000 7.000
13.000 2.000 13.000
15.000 8.000 14.000
12.000 6.000 17.000
12.000 7.000 12.000
10.000 8.000 3.000
15.000 14.000 10.000
12.000 4.000 8.000
16.000 9.000 11.000
16.000 17.000 7.000
15.000 11.000 10.000
16.000 8.000 6.000
11.000 22.000 6.000
14.000 16.000 7.000
12.000 16.000 11.000
11.000 15.000 12.000
17.000 9.000 9.000
14.000 26.000 25.000
19.000 23.000 12.000
30.000 15.000 9.000
15.000 30.000 18.000
19.000 32.000 20.000
11.000 30.000 22.000
