132.000 114.000 99.000
13.000 36.000 36.000
31.000 30.000 23.000
21.000 26.000 46.000
29.000 35.000 28.000
31.000 29.000 24.000
19.000 19.000 26.000
27.000 18.000 12.000
13.000 19.000 22.000
15.000 21.000 18.000
18.000 17.000 13.000
16.000 7.000 14.000
20.000 20.000 18.000
15.000 28.000 12.000
12.000 12.000 21.000
16.000 18.000 9.000
15.000 18.000 16.000
9.000 14.000 10.000
14.000 12.000 13.000
7.000 3.000 12.000
10.000 3.000 5.000
10.000 5.000 6.000
16.000 10.000 10.000
11.000 5.000 5.000
8.000 6.000 4.000
6.000 12.000 5.000
6.000 4.000 5.000
7.000 6.000 11.000
7.000 6.000 9.000
8.000 4.000 8.000
6.000 2.000 12.000
6.000 7.000 9.000
4.000 3.000 8.000
7.000 2.000 4.000
1.000 4.000 4.000
4.000 1.000 3.000
2.000 2.000 5.000
4.000 3.000 3.000
7.000 4.000 6.000
3.000 4.000 7.000
5.000 7.000 7.000
5.000 6.000 6.000
3.000 2.000 2.000
3.000 0.000 3.000
4.000 6.000 1.000
3.000 4.000 5.000
10.000 6.000 2.000
9.000 5.000 4.000
6.000 4.000 6.000
6.000 4.000 8.000
7.000 2.000 8.000
5.000 8.000 10.000
11.000 8.000 10.000
19.000 17.000 11.000
23.000 21.000 9.000
24.000 23.000 18.000
28.000 44.000 20.000
26.000 42.000 34.000
