79.000 58.000 84.000
10.000 24.000 22.000
17.000 21.000 7.000
10.000 19.000 9.000
17.000 17.000 15.000
19.000 17.000 7.000
8.000 10.000 12.000
11.000 14.000 16.000
6.000 11.000 18.000
15.000 6.000 6.000
6.000 13.000 11.000
9.000 5.000 15.000
9.000 10.000 11.000
14.000 10.000 8.000
7.000 9.000 6.000
9.000 8.000 5.000
8.000 11.000 10.000
9.000 10.000 5.000
15.000 14.000 13.000
5.000 10.000 10.000
18.000 10.000 11.000
9.000 10.000 6.000
14.000 12.000 11.000
12.000 12.000 9.000
7.000 10.000 12.000
11.000 11.000 7.000
11.000 9.000 9.000
18.000 11.000 13.000
15.000 9.000 15.000
16.000 8.000 21.000
13.000 8.000 18.000
11.000 12.000 13.000
14.000 5.000 12.000
9.000 6.000 13.000
12.000 6.000 20.000
11.000 8.000 17.000
10.000 8.000 24.000
7.000 9.000 17.000
8.000 8.000 10.000
17.000 10.000 14.000
10.000 15.000 11.000
12.000 12.000 11.000
11.000 10.000 19.000
13.000 15.000 12.000
21.000 6.000 7.000
13.000 10.000 10.000
13.000 14.000 12.000
19.000 19.000 21.000
11.000 18.000 10.000
19.000 19.000 13.000
17.000 15.000 14.000
25.000 13.000 17.000
14.000 18.000 13.000
18.000 20.000 16.000
17.000 25.000 14.000
19.000 22.000 9.000
18.000 28.000 19.000
22.000 34.000 15.000
