73.000 55.000 97.000
9.000 14.000 16.000
15.000 14.000 10.000
10.000 17.000 11.000
20.000 11.000 13.000
18.000 11.000 13.000
6.000 27.000 15.000
14.000 15.000 13.000
9.000 19.000 15.000
14.000 10.000 15.000
11.000 16.000 11.000
9.000 10.000 7.000
14.000 9.000 5.000
11.000 22.000 11.000
12.000 8.000 6.000
8.000 11.000 7.000
11.000 11.000 9.000
8.000 8.000 15.000
13.000 18.000 8.000
6.000 10.000 14.000
17.000 9.000 7.000
14.000 17.000 16.000
7.000 5.000 10.000
11.000 9.000 22.000
14.000 10.000 16.000
11.000 7.000 12.000
6.000 9.000 11.000
11.000 12.000 15.000
14.000 9.000 15.000
18.000 10.000 21.000
7.000 12.000 18.000
15.000 6.000 16.000
14.000 6.000 20.000
24.000 8.000 22.000
15.000 2.000 19.000
14.000 7.000 20.000
17.000 10.000 19.000
11.000 4.000 15.000
17.000 17.000 5.000
13.000 7.000 18.000
23.000 6.000 8.000
13.000 11.000 12.000
19.000 20.000 18.000
10.000 12.000 13.000
15.000 14.000 8.000
10.000 18.000 12.000
16.000 16.000 10.000
15.000 25.000 17.000
15.000 16.000 9.000
17.000 22.000 10.000
28.000 15.000 9.000
15.000 19.000 11.000
16.000 15.000 14.000
14.000 20.000 18.000
13.000 18.000 10.000
14.000 21.000 20.000
18.000 28.000 13.000
14.000 24.000 21.000
