106.000 54.000 58.000
7.000 14.000 18.000
7.000 19.000 14.000
7.000 18.000 15.000
8.000 18.000 15.000
13.000 14.000 17.000
8.000 14.000 20.000
11.000 14.000 20.000
10.000 12.000 12.000
13.000 17.000 8.000
9.000 14.000 8.000
16.000 17.000 13.000
9.000 17.000 8.000
10.000 18.000 13.000
10.000 11.000 8.000
13.000 16.000 9.000
13.000 17.000 11.000
12.000 15.000 7.000
10.000 9.000 11.000
18.000 15.000 13.000
13.000 18.000 12.000
16.000 17.000 14.000
14.000 11.000 9.000
17.000 11.000 7.000
14.000 19.000 9.000
19.000 10.000 17.000
15.000 8.000 21.000
18.000 10.000 18.000
19.000 16.000 15.000
20.000 10.000 14.000
12.000 11.000 18.000
16.000 7.000 18.000
17.000 7.000 22.000
16.000 7.000 18.000
17.000 8.000 22.000
15.000 9.000 18.000
19.000 7.000 18.000
19.000 10.000 17.000
20.000 7.000 15.000
16.000 9.000 18.000
24.000 10.000 15.000
20.000 12.000 24.000
16.000 19.000 15.000
19.000 16.000 14.000
17.000 10.000 6.000
12.000 17.000 21.000
11.000 19.000 13.000
16.000 11.000 13.000
17.000 20.000 12.000
17.000 18.000 15.000
8.000 23.000 10.000
14.000 19.000 15.000
10.000 16.000 13.000
10.000 22.000 14.000
8.000 26.000 15.000
6.000 17.000 10.000
4.000 24.000 13.000
6.000 20.000 12.000
