139.000 72.000 60.000
15.000 27.000 25.000
20.000 28.000 8.000
8.000 20.000 29.000
16.000 15.000 25.000
17.000 15.000 18.000
12.000 18.000 23.000
11.000 15.000 14.000
11.000 16.000 15.000
7.000 15.000 16.000
14.000 17.000 13.000
8.000 15.000 13.000
17.000 19.000 19.000
9.000 12.000 17.000
11.000 19.000 16.000
8.000 11.000 17.000
5.000 22.000 13.000
16.000 11.000 7.000
7.000 4.000 7.000
14.000 9.000 13.000
13.000 7.000 5.000
12.000 7.000 6.000
9.000 4.000 4.000
12.000 5.000 3.000
7.000 10.000 7.000
11.000 5.000 6.000
9.000 4.000 12.000
5.000 8.000 3.000
3.000 7.000 8.000
6.000 9.000 9.000
6.000 6.000 10.000
9.000 5.000 7.000
6.000 4.000 4.000
3.000 2.000 6.000
3.000 2.000 5.000
7.000 3.000 7.000
2.000 2.000 5.000
4.000 2.000 6.000
9.000 2.000 5.000
5.000 2.000 6.000
1.000 0.000 5.000
7.000 3.000 8.000
9.000 2.000 2.000
7.000 5.000 1.000
13.000 8.000 2.000
6.000 7.000 6.000
17.000 1.000 2.000
6.000 5.000 5.000
17.000 7.000 4.000
6.000 5.000 5.000
15.000 7.000 7.000
19.000 6.000 9.000
27.000 14.000 14.000
21.000 16.000 17.000
25.000 29.000 35.000
23.000 35.000 30.000
30.000 45.000 40.000
25.000 62.000 49.000
