79.000 76.000 75.000
6.000 28.000 33.000
31.000 26.000 25.000
16.000 20.000 24.000
20.000 15.000 23.000
29.000 30.000 29.000
23.000 21.000 20.000
19.000 23.000 23.000
27.000 22.000 19.000
12.000 18.000 26.000
21.000 13.000 12.000
18.000 17.000 17.000
18.000 16.000 18.000
21.000 15.000 15.000
16.000 18.000 13.000
10.000 28.000 12.000
14.000 13.000 14.000
11.000 11.000 10.000
9.000 14.000 4.000
7.000 2.000 11.000
7.000 8.000 8.000
8.000 2.000 2.000
3.000 3.000 2.000
7.000 6.000 3.000
6.000 6.000 1.000
5.000 4.000 5.000
7.000 7.000 10.000
7.000 9.000 10.000
4.000 3.000 4.000
6.000 2.000 7.000
6.000 4.000 8.000
5.000 6.000 3.000
6.000 2.000 8.000
4.000 2.000 7.000
4.000 3.000 5.000
0.000 2.000 8.000
4.000 2.000 6.000
6.000 1.000 1.000
3.000 3.000 2.000
3.000 1.000 4.000
4.000 2.000 6.000
2.000 2.000 3.000
4.000 6.000 4.000
5.000 4.000 2.000
8.000 2.000 2.000
6.000 6.000 2.000
6.000 5.000 2.000
7.000 8.000 5.000
6.000 8.000 4.000
7.000 0.000 5.000
5.000 3.000 5.000
7.000 2.000 13.000
10.000 6.000 16.000
12.000 5.000 17.000
14.000 14.000 24.000
25.000 40.000 30.000
29.000 43.000 34.000
38.000 59.000 42.000
