86.000 95.000 68.000
15.000 32.000 21.000
22.000 23.000 9.000
14.000 19.000 13.000
15.000 15.000 18.000
17.000 16.000 12.000
7.000 20.000 17.000
16.000 17.000 20.000
22.000 16.000 14.000
18.000 22.000 12.000
14.000 14.000 11.000
14.000 17.000 10.000
22.000 16.000 9.000
16.000 14.000 15.000
14.000 11.000 13.000
8.000 17.000 7.000
11.000 9.000 9.000
9.000 11.000 10.000
8.000 12.000 14.000
9.000 9.000 11.000
13.000 11.000 11.000
10.000 9.000 10.000
12.000 11.000 13.000
7.000 13.000 7.000
11.000 7.000 7.000
8.000 10.000 8.000
12.000 4.000 11.000
12.000 6.000 12.000
11.000 7.000 11.000
8.000 10.000 16.000
15.000 10.000 9.000
13.000 9.000 10.000
11.000 9.000 12.000
15.000 12.000 21.000
12.000 7.000 12.000
8.000 8.000 11.000
9.000 10.000 22.000
11.000 8.000 19.000
11.000 9.000 18.000
19.000 10.000 14.000
17.000 9.000 18.000
9.000 11.000 11.000
10.000 10.000 13.000
16.000 9.000 15.000
10.000 13.000 15.000
14.000 6.000 7.000
12.000 8.000 12.000
13.000 14.000 8.000
13.000 16.000 14.000
18.000 13.000 11.000
18.000 13.000 11.000
9.000 15.000 17.000
13.000 23.000 18.000
13.000 19.000 18.000
15.000 12.000 18.000
21.000 17.000 16.000
10.000 29.000 16.000
18.000 21.000 9.000
