67.000 56.000 113.000
11.000 22.000 20.000
6.000 17.000 12.000
10.000 10.000 16.000
19.000 20.000 19.000
20.000 19.000 12.000
10.000 13.000 10.000
11.000 21.000 10.000
15.000 18.000 17.000
6.000 12.000 14.000
15.000 11.000 14.000
13.000 7.000 16.000
13.000 12.000 9.000
10.000 15.000 8.000
12.000 12.000 9.000
8.000 12.000 15.000
8.000 18.000 13.000
8.000 13.000 15.000
13.000 8.000 16.000
14.000 9.000 17.000
9.000 10.000 15.000
11.000 11.000 9.000
12.000 6.000 9.000
11.000 8.000 10.000
7.000 12.000 13.000
4.000 10.000 12.000
10.000 5.000 11.000
9.000 8.000 12.000
10.000 7.000 12.000
13.000 6.000 7.000
9.000 9.000 10.000
9.000 8.000 13.000
9.000 10.000 14.000
11.000 4.000 10.000
8.000 4.000 13.000
11.000 7.000 11.000
6.000 8.000 12.000
14.000 2.000 12.000
10.000 4.000 7.000
9.000 8.000 11.000
9.000 8.000 10.000
17.000 7.000 9.000
11.000 9.000 8.000
11.000 10.000 5.000
16.000 15.000 9.000
6.000 16.000 3.000
7.000 20.000 14.000
11.000 18.000 3.000
13.000 15.000 9.000
15.000 12.000 11.000
17.000 18.000 10.000
22.000 7.000 14.000
18.000 18.000 8.000
17.000 23.000 21.000
17.000 20.000 21.000
24.000 23.000 27.000
22.000 33.000 20.000
35.000 43.000 19.000
