92.000 66.000 107.000
11.000 23.000 35.000
20.000 22.000 12.000
5.000 33.000 16.000
24.000 21.000 19.000
15.000 16.000 10.000
11.000 14.000 15.000
19.000 21.000 11.000
20.000 17.000 11.000
11.000 15.000 13.000
12.000 24.000 8.000
16.000 15.000 16.000
10.000 8.000 19.000
13.000 21.000 19.000
9.000 25.000 14.000
11.000 14.000 10.000
18.000 11.000 13.000
7.000 17.000 5.000
7.000 10.000 11.000
14.000 5.000 8.000
8.000 3.000 5.000
13.000 7.000 10.000
17.000 5.000 7.000
16.000 10.000 13.000
13.000 12.000 7.000
7.000 11.000 13.000
8.000 13.000 10.000
11.000 7.000 14.000
5.000 12.000 13.000
13.000 6.000 9.000
8.000 4.000 14.000
8.000 3.000 14.000
13.000 3.000 7.000
9.000 4.000 11.000
7.000 5.000 10.000
2.000 6.000 12.000
13.000 2.000 9.000
6.000 8.000 6.000
12.000 9.000 11.000
10.000 9.000 9.000
17.000 9.000 7.000
12.000 9.000 10.000
6.000 8.000 8.000
12.000 11.000 9.000
8.000 13.000 9.000
7.000 13.000 7.000
2.000 9.000 7.000
12.000 8.000 7.000
5.000 8.000 8.000
12.000 8.000 5.000
19.000 6.000 4.000
12.000 9.000 4.000
15.000 10.000 12.000
19.000 15.000 18.000
21.000 15.000 28.000
26.000 26.000 23.000
26.000 26.000 28.000
26.000 38.000 24.000
