76.000 66.000 68.000
8.000 27.000 18.000
18.000 20.000 9.000
9.000 18.000 20.000
20.000 15.000 15.000
17.000 15.000 12.000
12.000 11.000 11.000
21.000 15.000 18.000
11.000 16.000 11.000
14.000 12.000 12.000
15.000 7.000 13.000
8.000 17.000 9.000
12.000 13.000 8.000
14.000 14.000 12.000
12.000 15.000 18.000
18.000 13.000 10.000
12.000 12.000 8.000
7.000 16.000 8.000
9.000 12.000 11.000
13.000 4.000 11.000
8.000 5.000 6.000
11.000 11.000 5.000
10.000 8.000 9.000
6.000 13.000 10.000
10.000 13.000 9.000
9.000 15.000 11.000
9.000 11.000 7.000
13.000 15.000 8.000
8.000 8.000 12.000
11.000 7.000 10.000
9.000 12.000 20.000
7.000 7.000 11.000
12.000 7.000 10.000
14.000 3.000 13.000
7.000 5.000 12.000
3.000 6.000 15.000
6.000 4.000 9.000
6.000 7.000 18.000
13.000 7.000 7.000
6.000 4.000 10.000
13.000 7.000 15.000
7.000 4.000 7.000
9.000 11.000 13.000
12.000 12.000 10.000
10.000 9.000 5.000
9.000 13.000 9.000
7.000 12.000 9.000
14.000 13.000 5.000
18.000 6.000 4.000
7.000 6.000 12.000
10.000 9.000 9.000
15.000 8.000 8.000
12.000 19.000 10.000
12.000 12.000 7.000
27.000 22.000 24.000
29.000 30.000 15.000
33.000 58.000 24.000
33.000 44.000 29.000
