69.000 45.000 67.000
1.000 20.000 14.000
6.000 24.000 11.000
12.000 17.000 16.000
7.000 19.000 17.000
11.000 8.000 12.000
8.000 19.000 14.000
14.000 9.000 11.000
7.000 11.000 21.000
12.000 10.000 13.000
10.000 14.000 15.000
13.000 10.000 9.000
11.000 11.000 14.000
8.000 11.000 8.000
12.000 17.000 7.000
6.000 12.000 8.000
8.000 13.000 11.000
10.000 18.000 9.000
10.000 15.000 5.000
10.000 7.000 12.000
10.000 13.000 6.000
7.000 8.000 10.000
11.000 13.000 7.000
18.000 10.000 8.000
17.000 7.000 12.000
9.000 8.000 10.000
12.000 9.000 7.000
14.000 8.000 16.000
19.000 6.000 9.000
18.000 9.000 10.000
16.000 9.000 11.000
15.000 8.000 11.000
14.000 14.000 15.000
12.000 13.000 13.000
20.000 7.000 20.000
16.000 7.000 17.000
16.000 6.000 3.000
19.000 7.000 16.000
16.000 7.000 16.000
18.000 10.000 16.000
15.000 11.000 12.000
12.000 12.000 14.000
11.000 6.000 16.000
14.000 15.000 13.000
17.000 19.000 9.000
19.000 19.000 11.000
12.000 18.000 12.000
21.000 13.000 13.000
16.000 19.000 15.000
15.000 7.000 17.000
15.000 15.000 14.000
15.000 20.000 15.000
9.000 19.000 24.000
16.000 25.000 18.000
16.000 23.000 29.000
17.000 29.000 26.000
17.000 37.000 21.000
7.000 33.000 27.000
