84.000 71.000 90.000
13.000 43.000 30.000
31.000 28.000 21.000
22.000 22.000 22.000
23.000 16.000 18.000
19.000 26.000 26.000
14.000 19.000 26.000
23.000 15.000 14.000
17.000 16.000 19.000
13.000 10.000 10.000
10.000 13.000 9.000
14.000 12.000 12.000
14.000 7.000 7.000
16.000 14.000 8.000
18.000 22.000 19.000
15.000 20.000 19.000
9.000 20.000 19.000
4.000 12.000 11.000
8.000 7.000 8.000
10.000 7.000 5.000
3.000 3.000 4.000
8.000 2.000 3.000
8.000 5.000 4.000
12.000 8.000 6.000
8.000 7.000 8.000
7.000 3.000 3.000
3.000 11.000 13.000
8.000 6.000 5.000
11.000 11.000 7.000
7.000 7.000 8.000
5.000 6.000 11.000
5.000 4.000 1.000
4.000 3.000 3.000
5.000 0.000 1.000
2.000 0.000 1.000
1.000 1.000 5.000
2.000 0.000 0.000
3.000 0.000 1.000
0.000 1.000 4.000
1.000 2.000 4.000
4.000 0.000 1.000
4.000 0.000 0.000
0.000 2.000 1.000
2.000 0.000 1.000
2.000 5.000 3.000
1.000 2.000 1.000
1.000 2.000 1.000
2.000 1.000 0.000
1.000 0.000 0.000
6.000 1.000 1.000
3.000 2.000 3.000
2.000 1.000 2.000
10.000 4.000 9.000
17.000 9.000 14.000
28.000 20.000 23.000
34.000 26.000 30.000
44.000 58.000 54.000
45.000 89.000 71.000
