106.000 84.000 85.000
12.000 31.000 19.000
20.000 23.000 13.000
12.000 26.000 15.000
19.000 21.000 26.000
17.000 17.000 16.000
13.000 11.000 21.000
14.000 20.000 14.000
14.000 15.000 17.000
9.000 11.000 22.000
15.000 19.000 14.000
10.000 13.000 16.000
16.000 13.000 8.000
10.000 17.000 11.000
8.000 10.000 10.000
7.000 7.000 8.000
13.000 7.000 11.000
9.000 8.000 5.000
15.000 8.000 6.000
8.000 6.000 5.000
8.000 10.000 5.000
10.000 10.000 9.000
11.000 7.000 5.000
11.000 8.000 7.000
10.000 10.000 8.000
10.000 5.000 10.000
7.000 6.000 11.000
11.000 13.000 18.000
17.000 12.000 9.000
6.000 11.000 15.000
10.000 6.000 16.000
10.000 5.000 15.000
8.000 8.000 6.000
12.000 4.000 9.000
7.000 3.000 18.000
9.000 9.000 7.000
13.000 5.000 8.000
13.000 3.000 14.000
7.000 6.000 9.000
8.000 7.000 12.000
8.000 9.000 4.000
10.000 13.000 6.000
9.000 8.000 9.000
12.000 9.000 4.000
14.000 4.000 6.000
17.000 6.000 4.000
17.000 7.000 6.000
18.000 9.000 7.000
15.000 7.000 7.000
19.000 15.000 11.000
19.000 15.000 13.000
15.000 12.000 13.000
23.000 18.000 17.000
18.000 12.000 12.000
20.000 19.000 14.000
22.000 28.000 31.000
19.000 35.000 29.000
20.000 44.000 42.000
