77.000 74.000 83.000
17.000 37.000 27.000
23.000 30.000 14.000
16.000 21.000 27.000
33.000 23.000 33.000
27.000 28.000 14.000
22.000 17.000 27.000
23.000 18.000 28.000
26.000 13.000 22.000
11.000 12.000 19.000
15.000 7.000 8.000
17.000 16.000 15.000
9.000 14.000 10.000
11.000 14.000 12.000
15.000 20.000 13.000
11.000 15.000 12.000
13.000 19.000 14.000
6.000 11.000 10.000
11.000 8.000 7.000
6.000 4.000 8.000
7.000 4.000 2.000
7.000 5.000 6.000
7.000 3.000 1.000
9.000 5.000 5.000
4.000 6.000 4.000
6.000 5.000 4.000
4.000 11.000 12.000
10.000 9.000 8.000
6.000 7.000 11.000
6.000 6.000 6.000
5.000 6.000 7.000
7.000 3.000 7.000
1.000 3.000 9.000
0.000 1.000 2.000
7.000 4.000 8.000
6.000 1.000 4.000
4.000 5.000 7.000
3.000 3.000 2.000
5.000 2.000 2.000
4.000 2.000 9.000
5.000 5.000 7.000
6.000 3.000 5.000
2.000 1.000 4.000
7.000 7.000 6.000
6.000 3.000 3.000
8.000 10.000 3.000
3.000 4.000 3.000
7.000 7.000 4.000
6.000 6.000 4.000
7.000 4.000 4.000
6.000 6.000 4.000
12.000 5.000 15.000
14.000 5.000 9.000
16.000 8.000 21.000
27.000 16.000 17.000
33.000 37.000 31.000
40.000 48.000 48.000
33.000 56.000 49.000
