76.000 61.000 74.000
4.000 25.000 14.000
6.000 18.000 9.000
6.000 18.000 16.000
10.000 13.000 24.000
7.000 11.000 14.000
9.000 15.000 19.000
8.000 7.000 13.000
7.000 15.000 9.000
10.000 16.000 15.000
7.000 12.000 6.000
7.000 11.000 15.000
12.000 15.000 9.000
5.000 13.000 11.000
9.000 10.000 9.000
13.000 10.000 12.000
10.000 16.000 9.000
8.000 8.000 8.000
10.000 10.000 9.000
16.000 13.000 13.000
11.000 12.000 10.000
12.000 8.000 6.000
5.000 8.000 15.000
12.000 10.000 12.000
13.000 8.000 12.000
7.000 7.000 10.000
12.000 5.000 13.000
12.000 12.000 10.000
10.000 9.000 14.000
19.000 13.000 10.000
11.000 4.000 14.000
18.000 8.000 16.000
17.000 6.000 12.000
13.000 5.000 18.000
8.000 10.000 14.000
12.000 6.000 21.000
10.000 5.000 16.000
16.000 5.000 14.000
14.000 4.000 12.000
17.000 8.000 15.000
10.000 10.000 12.000
12.000 7.000 8.000
11.000 15.000 13.000
12.000 15.000 10.000
13.000 15.000 12.000
18.000 12.000 6.000
10.000 19.000 8.000
14.000 10.000 15.000
14.000 16.000 14.000
14.000 26.000 13.000
13.000 21.000 18.000
11.000 16.000 18.000
15.000 25.000 12.000
17.000 14.000 18.000
26.000 18.000 21.000
12.000 23.000 13.000
18.000 23.000 19.000
24.000 31.000 27.000
