90.000 70.000 91.000
10.000 34.000 24.000
28.000 27.000 19.000
21.000 22.000 28.000
23.000 23.000 24.000
24.000 34.000 23.000
25.000 13.000 27.000
17.000 20.000 27.000
13.000 27.000 19.000
18.000 23.000 14.000
23.000 18.000 19.000
18.000 15.000 20.000
15.000 19.000 11.000
22.000 17.000 17.000
18.000 20.000 11.000
18.000 16.000 14.000
11.000 15.000 15.000
9.000 12.000 13.000
9.000 12.000 9.000
13.000 12.000 7.000
9.000 8.000 8.000
12.000 1.000 4.000
8.000 5.000 12.000
9.000 6.000 6.000
11.000 4.000 3.000
8.000 7.000 3.000
6.000 6.000 9.000
5.000 14.000 5.000
7.000 5.000 9.000
12.000 6.000 8.000
8.000 5.000 14.000
6.000 5.000 9.000
11.000 5.000 8.000
6.000 4.000 7.000
2.000 2.000 9.000
4.000 3.000 4.000
1.000 2.000 12.000
4.000 2.000 5.000
5.000 3.000 7.000
3.000 3.000 5.000
6.000 2.000 6.000
14.000 2.000 5.000
7.000 7.000 2.000
2.000 6.000 4.000
4.000 7.000 4.000
6.000 1.000 5.000
6.000 6.000 8.000
13.000 4.000 6.000
12.000 12.000 5.000
10.000 8.000 7.000
10.000 10.000 6.000
9.000 10.000 8.000
19.000 10.000 12.000
16.000 15.000 16.000
27.000 16.000 12.000
31.000 20.000 24.000
22.000 34.000 28.000
21.000 45.000 42.000
