47.000 47.000 95.000
5.000 20.000 16.000
18.000 15.000 6.000
7.000 17.000 18.000
15.000 17.000 20.000
15.000 13.000 14.000
10.000 16.000 13.000
11.000 9.000 9.000
4.000 12.000 7.000
10.000 10.000 10.000
8.000 9.000 8.000
6.000 9.000 11.000
8.000 5.000 11.000
10.000 13.000 5.000
10.000 6.000 2.000
7.000 10.000 6.000
11.000 10.000 8.000
6.000 14.000 13.000
6.000 6.000 5.000
5.000 11.000 4.000
7.000 6.000 10.000
4.000 8.000 7.000
8.000 7.000 5.000
5.000 5.000 4.000
6.000 6.000 10.000
8.000 5.000 5.000
8.000 7.000 8.000
9.000 7.000 10.000
6.000 5.000 10.000
8.000 3.000 17.000
7.000 4.000 12.000
7.000 4.000 11.000
9.000 8.000 15.000
3.000 4.000 15.000
6.000 6.000 14.000
5.000 6.000 11.000
6.000 3.000 18.000
10.000 5.000 8.000
4.000 7.000 18.000
9.000 9.000 10.000
12.000 6.000 13.000
8.000 8.000 12.000
14.000 8.000 13.000
9.000 10.000 7.000
15.000 13.000 11.000
16.000 10.000 14.000
15.000 18.000 15.000
6.000 16.000 12.000
21.000 13.000 11.000
13.000 14.000 15.000
24.000 17.000 24.000
15.000 19.000 31.000
19.000 8.000 19.000
25.000 14.000 22.000
19.000 23.000 33.000
25.000 24.000 23.000
37.000 30.000 28.000
28.000 40.000 28.000
