52.000 84.000 104.000
6.000 23.000 19.000
13.000 14.000 15.000
5.000 17.000 19.000
9.000 20.000 18.000
20.000 16.000 20.000
6.000 18.000 10.000
15.000 20.000 23.000
8.000 10.000 22.000
12.000 11.000 17.000
19.000 12.000 19.000
11.000 9.000 12.000
13.000 20.000 12.000
8.000 11.000 11.000
13.000 13.000 16.000
12.000 11.000 8.000
9.000 13.000 9.000
9.000 13.000 8.000
18.000 7.000 11.000
17.000 12.000 7.000
8.000 3.000 11.000
9.000 10.000 14.000
9.000 9.000 8.000
15.000 9.000 7.000
10.000 8.000 14.000
12.000 17.000 13.000
13.000 3.000 9.000
11.000 12.000 13.000
8.000 4.000 12.000
5.000 3.000 21.000
14.000 8.000 8.000
13.000 7.000 9.000
12.000 3.000 14.000
15.000 0.000 15.000
8.000 5.000 17.000
10.000 3.000 9.000
9.000 3.000 15.000
8.000 7.000 14.000
11.000 6.000 8.000
12.000 8.000 7.000
10.000 6.000 15.000
9.000 5.000 5.000
13.000 6.000 10.000
10.000 6.000 8.000
9.000 6.000 11.000
6.000 10.000 6.000
10.000 10.000 7.000
10.000 10.000 6.000
15.000 16.000 7.000
11.000 22.000 5.000
15.000 23.000 5.000
15.000 17.000 6.000
26.000 29.000 9.000
25.000 29.000 10.000
20.000 30.000 10.000
18.000 37.000 11.000
30.000 41.000 15.000
25.000 27.000 20.000
