104.000 81.000 93.000
16.000 30.000 26.000
22.000 23.000 18.000
17.000 22.000 30.000
27.000 28.000 25.000
24.000 23.000 15.000
16.000 12.000 21.000
26.000 19.000 7.000
14.000 14.000 15.000
14.000 11.000 8.000
9.000 17.000 13.000
16.000 8.000 8.000
11.000 8.000 10.000
10.000 5.000 9.000
10.000 10.000 8.000
8.000 14.000 7.000
11.000 8.000 4.000
10.000 9.000 7.000
9.000 12.000 6.000
8.000 4.000 10.000
4.000 10.000 7.000
11.000 3.000 4.000
3.000 8.000 4.000
7.000 9.000 9.000
9.000 2.000 10.000
7.000 4.000 11.000
5.000 13.000 5.000
7.000 4.000 9.000
10.000 4.000 14.000
8.000 6.000 8.000
8.000 5.000 12.000
5.000 4.000 6.000
4.000 5.000 7.000
8.000 3.000 9.000
6.000 6.000 7.000
4.000 1.000 9.000
4.000 2.000 6.000
5.000 6.000 7.000
9.000 8.000 6.000
10.000 3.000 13.000
5.000 5.000 3.000
3.000 8.000 10.000
9.000 4.000 10.000
10.000 10.000 8.000
8.000 10.000 2.000
13.000 9.000 3.000
8.000 7.000 3.000
14.000 5.000 4.000
5.000 11.000 8.000
9.000 6.000 8.000
11.000 7.000 12.000
13.000 11.000 18.000
9.000 12.000 15.000
21.000 17.000 17.000
31.000 29.000 29.000
26.000 29.000 29.000
26.000 43.000 28.000
37.000 55.000 39.000
