75.000 63.000 88.000
10.000 26.000 31.000
23.000 25.000 13.000
15.000 26.000 19.000
27.000 16.000 10.000
32.000 16.000 16.000
7.000 14.000 25.000
15.000 19.000 17.000
14.000 11.000 18.000
14.000 11.000 12.000
13.000 10.000 13.000
24.000 12.000 15.000
10.000 20.000 14.000
8.000 20.000 11.000
17.000 17.000 11.000
14.000 15.000 7.000
10.000 11.000 17.000
11.000 16.000 8.000
12.000 16.000 5.000
14.000 8.000 13.000
10.000 9.000 4.000
8.000 11.000 7.000
8.000 8.000 8.000
8.000 6.000 6.000
8.000 4.000 8.000
15.000 11.000 6.000
6.000 6.000 10.000
10.000 12.000 7.000
11.000 3.000 12.000
6.000 10.000 9.000
8.000 2.000 10.000
5.000 6.000 11.000
6.000 2.000 15.000
6.000 4.000 10.000
6.000 5.000 10.000
1.000 3.000 9.000
2.000 3.000 14.000
8.000 5.000 10.000
7.000 4.000 9.000
9.000 4.000 12.000
9.000 8.000 9.000
8.000 2.000 6.000
10.000 9.000 15.000
10.000 5.000 9.000
17.000 6.000 9.000
18.000 6.000 6.000
17.000 14.000 12.000
22.000 13.000 4.000
15.000 13.000 12.000
18.000 11.000 5.000
10.000 12.000 13.000
17.000 13.000 23.000
20.000 15.000 23.000
22.000 14.000 22.000
15.000 21.000 21.000
20.000 27.000 26.000
22.000 32.000 38.000
17.000 39.000 21.000
