217.000 127.000 142.000
21.000 34.000 25.000
23.000 37.000 15.000
15.000 42.000 29.000
11.000 24.000 31.000
14.000 16.000 13.000
9.000 22.000 22.000
13.000 13.000 24.000
20.000 16.000 26.000
17.000 15.000 11.000
14.000 19.000 19.000
17.000 15.000 20.000
19.000 20.000 18.000
23.000 16.000 21.000
14.000 19.000 16.000
14.000 17.000 7.000
10.000 18.000 10.000
10.000 15.000 8.000
13.000 11.000 11.000
6.000 7.000 8.000
11.000 11.000 14.000
6.000 10.000 18.000
14.000 12.000 11.000
12.000 9.000 8.000
10.000 7.000 8.000
15.000 9.000 11.000
9.000 10.000 19.000
12.000 6.000 14.000
4.000 4.000 18.000
9.000 5.000 12.000
12.000 8.000 17.000
22.000 2.000 15.000
8.000 6.000 12.000
9.000 5.000 14.000
8.000 4.000 15.000
9.000 10.000 10.000
6.000 8.000 6.000
9.000 5.000 8.000
6.000 7.000 4.000
2.000 10.000 8.000
5.000 13.000 8.000
11.000 14.000 6.000
6.000 10.000 6.000
5.000 12.000 6.000
9.000 8.000 4.000
10.000 12.000 5.000
14.000 3.000 7.000
12.000 13.000 8.000
7.000 6.000 7.000
4.000 10.000 4.000
14.000 9.000 8.000
12.000 9.000 8.000
19.000 9.000 4.000
16.000 8.000 8.000
10.000 11.000 9.000
12.000 12.000 8.000
10.000 14.000 12.000
12.000 20.000 10.000
