176.000 166.000 64.000
34.000 46.000 30.000
34.000 27.000 13.000
19.000 18.000 28.000
21.000 18.000 26.000
16.000 17.000 17.000
17.000 27.000 28.000
15.000 21.000 29.000
8.000 8.000 23.000
11.000 12.000 8.000
12.000 14.000 16.000
11.000 12.000 19.000
15.000 17.000 17.000
26.000 19.000 18.000
20.000 23.000 21.000
14.000 7.000 13.000
7.000 12.000 14.000
9.000 3.000 6.000
4.000 3.000 7.000
3.000 5.000 6.000
4.000 0.000 3.000
5.000 3.000 5.000
8.000 6.000 6.000
5.000 8.000 7.000
2.000 6.000 4.000
9.000 9.000 6.000
10.000 8.000 9.000
10.000 8.000 11.000
7.000 7.000 14.000
3.000 4.000 14.000
4.000 4.000 5.000
2.000 2.000 7.000
0.000 1.000 9.000
0.000 3.000 3.000
2.000 1.000 4.000
0.000 1.000 14.000
2.000 0.000 1.000
0.000 0.000 3.000
0.000 0.000 2.000
1.000 0.000 2.000
0.000 0.000 4.000
1.000 1.000 2.000
0.000 0.000 4.000
0.000 0.000 1.000
0.000 0.000 2.000
0.000 0.000 0.000
0.000 0.000 1.000
0.000 0.000 0.000
0.000 1.000 0.000
0.000 0.000 1.000
0.000 0.000 0.000
9.000 3.000 1.000
8.000 7.000 2.000
12.000 12.000 9.000
23.000 22.000 13.000
38.000 34.000 28.000
49.000 46.000 27.000
71.000 68.000 46.000
