106.000 68.000 76.000
13.000 22.000 8.000
21.000 18.000 14.000
17.000 19.000 13.000
8.000 16.000 18.000
13.000 14.000 15.000
15.000 13.000 14.000
10.000 17.000 21.000
11.000 9.000 12.000
11.000 10.000 10.000
7.000 17.000 15.000
11.000 15.000 9.000
8.000 11.000 11.000
10.000 18.000 11.000
13.000 11.000 7.000
14.000 6.000 7.000
11.000 16.000 13.000
10.000 10.000 8.000
9.000 15.000 7.000
9.000 6.000 9.000
8.000 11.000 7.000
11.000 7.000 4.000
13.000 8.000 6.000
8.000 7.000 10.000
11.000 7.000 8.000
11.000 16.000 4.000
12.000 12.000 8.000
9.000 3.000 7.000
11.000 5.000 16.000
9.000 8.000 10.000
13.000 5.000 15.000
10.000 3.000 15.000
17.000 4.000 17.000
16.000 10.000 8.000
15.000 6.000 15.000
21.000 6.000 18.000
15.000 9.000 15.000
14.000 7.000 8.000
15.000 7.000 10.000
18.000 13.000 11.000
24.000 5.000 17.000
11.000 9.000 9.000
10.000 12.000 8.000
12.000 15.000 9.000
19.000 17.000 10.000
12.000 10.000 8.000
20.000 8.000 7.000
13.000 10.000 10.000
11.000 14.000 11.000
24.000 8.000 9.000
12.000 11.000 19.000
13.000 12.000 12.000
19.000 33.000 22.000
19.000 22.000 15.000
13.000 34.000 26.000
18.000 42.000 25.000
18.000 29.000 32.000
24.000 29.000 22.000
