92.000 64.000 73.000
6.000 21.000 22.000
19.000 24.000 8.000
5.000 18.000 15.000
8.000 15.000 12.000
15.000 16.000 7.000
13.000 3.000 7.000
9.000 21.000 14.000
13.000 10.000 16.000
8.000 12.000 8.000
7.000 8.000 14.000
17.000 8.000 10.000
7.000 12.000 14.000
9.000 13.000 10.000
6.000 9.000 7.000
8.000 5.000 11.000
9.000 12.000 9.000
7.000 13.000 7.000
4.000 8.000 7.000
11.000 8.000 11.000
14.000 2.000 6.000
5.000 11.000 7.000
8.000 8.000 5.000
12.000 8.000 10.000
8.000 9.000 11.000
8.000 7.000 6.000
9.000 5.000 10.000
7.000 11.000 6.000
15.000 13.000 14.000
13.000 6.000 16.000
7.000 9.000 6.000
12.000 10.000 8.000
12.000 7.000 8.000
9.000 5.000 8.000
11.000 3.000 8.000
8.000 5.000 11.000
9.000 2.000 7.000
8.000 5.000 10.000
8.000 2.000 8.000
9.000 4.000 10.000
10.000 4.000 7.000
12.000 9.000 6.000
8.000 3.000 8.000
13.000 6.000 6.000
9.000 5.000 10.000
10.000 10.000 9.000
10.000 8.000 6.000
8.000 10.000 9.000
17.000 12.000 9.000
20.000 10.000 10.000
18.000 10.000 12.000
13.000 12.000 12.000
28.000 16.000 15.000
20.000 22.000 16.000
29.000 36.000 31.000
29.000 32.000 30.000
27.000 45.000 49.000
23.000 62.000 44.000
