61.000 47.000 95.000
7.000 12.000 8.000
5.000 11.000 9.000
4.000 12.000 11.000
15.000 7.000 9.000
8.000 14.000 13.000
11.000 13.000 8.000
13.000 15.000 15.000
7.000 15.000 8.000
8.000 18.000 16.000
12.000 15.000 9.000
9.000 15.000 15.000
12.000 10.000 7.000
12.000 15.000 9.000
11.000 15.000 8.000
6.000 11.000 14.000
14.000 20.000 11.000
12.000 14.000 11.000
12.000 10.000 5.000
10.000 18.000 11.000
14.000 15.000 10.000
14.000 9.000 9.000
9.000 14.000 14.000
14.000 11.000 12.000
10.000 13.000 13.000
15.000 8.000 16.000
15.000 12.000 18.000
15.000 10.000 15.000
20.000 9.000 9.000
13.000 4.000 20.000
14.000 13.000 22.000
17.000 9.000 22.000
15.000 10.000 19.000
22.000 6.000 20.000
17.000 5.000 15.000
22.000 9.000 24.000
14.000 4.000 23.000
17.000 9.000 21.000
22.000 7.000 16.000
22.000 7.000 13.000
22.000 15.000 19.000
11.000 11.000 8.000
19.000 16.000 11.000
11.000 16.000 13.000
7.000 22.000 17.000
14.000 18.000 11.000
15.000 24.000 12.000
14.000 23.000 10.000
19.000 11.000 16.000
17.000 19.000 10.000
10.000 24.000 14.000
13.000 30.000 17.000
18.000 11.000 17.000
10.000 22.000 20.000
14.000 24.000 18.000
13.000 30.000 10.000
18.000 22.000 14.000
10.000 23.000 16.000
