77.000 66.000 50.000
12.000 23.000 19.000
10.000 20.000 11.000
10.000 21.000 19.000
23.000 14.000 17.000
28.000 19.000 12.000
16.000 18.000 22.000
15.000 21.000 22.000
8.000 13.000 17.000
15.000 13.000 20.000
20.000 16.000 15.000
15.000 19.000 16.000
21.000 21.000 6.000
10.000 19.000 21.000
14.000 8.000 16.000
11.000 20.000 12.000
17.000 13.000 13.000
10.000 13.000 12.000
12.000 17.000 19.000
6.000 11.000 10.000
14.000 6.000 12.000
9.000 6.000 6.000
10.000 9.000 10.000
13.000 3.000 7.000
7.000 19.000 8.000
11.000 15.000 8.000
12.000 8.000 13.000
9.000 9.000 9.000
4.000 8.000 8.000
13.000 6.000 3.000
9.000 5.000 15.000
9.000 6.000 9.000
10.000 4.000 8.000
8.000 6.000 11.000
7.000 5.000 11.000
10.000 9.000 17.000
5.000 1.000 8.000
7.000 7.000 9.000
7.000 5.000 11.000
14.000 3.000 13.000
11.000 8.000 10.000
10.000 9.000 5.000
10.000 10.000 9.000
10.000 11.000 9.000
9.000 7.000 3.000
7.000 7.000 6.000
9.000 8.000 6.000
7.000 4.000 11.000
10.000 13.000 9.000
5.000 8.000 7.000
17.000 7.000 4.000
14.000 12.000 6.000
16.000 11.000 14.000
19.000 20.000 19.000
23.000 17.000 19.000
21.000 37.000 26.000
24.000 39.000 29.000
19.000 39.000 31.000
