49.000 63.000 104.000
7.000 26.000 16.000
14.000 23.000 10.000
14.000 20.000 28.000
19.000 25.000 20.000
22.000 18.000 12.000
11.000 22.000 18.000
14.000 14.000 14.000
13.000 16.000 14.000
21.000 11.000 12.000
8.000 15.000 11.000
18.000 6.000 8.000
9.000 21.000 15.000
11.000 14.000 13.000
14.000 8.000 10.000
12.000 12.000 4.000
11.000 6.000 16.000
5.000 13.000 7.000
10.000 8.000 6.000
7.000 11.000 8.000
9.000 13.000 6.000
10.000 10.000 8.000
5.000 4.000 11.000
11.000 10.000 12.000
10.000 10.000 10.000
10.000 7.000 9.000
12.000 11.000 13.000
18.000 11.000 9.000
11.000 14.000 15.000
7.000 9.000 11.000
11.000 10.000 15.000
11.000 6.000 19.000
6.000 5.000 8.000
9.000 3.000 14.000
6.000 4.000 13.000
7.000 3.000 13.000
11.000 3.000 16.000
10.000 8.000 12.000
8.000 4.000 12.000
14.000 4.000 13.000
9.000 7.000 10.000
12.000 12.000 9.000
11.000 9.000 9.000
15.000 10.000 5.000
13.000 8.000 12.000
12.000 12.000 8.000
10.000 14.000 8.000
10.000 13.000 7.000
10.000 12.000 10.000
12.000 12.000 7.000
12.000 15.000 13.000
16.000 19.000 12.000
18.000 9.000 13.000
18.000 15.000 15.000
29.000 18.000 11.000
17.000 25.000 23.000
21.000 40.000 19.000
23.000 33.000 30.000
