72.000 121.000 54.000
7.000 31.000 24.000
21.000 34.000 12.000
6.000 20.000 21.000
22.000 9.000 19.000
14.000 16.000 11.000
11.000 21.000 16.000
19.000 16.000 23.000
11.000 12.000 25.000
9.000 14.000 8.000
6.000 19.000 15.000
13.000 13.000 14.000
11.000 20.000 11.000
7.000 17.000 17.000
11.000 16.000 19.000
6.000 12.000 14.000
15.000 12.000 9.000
12.000 13.000 14.000
7.000 8.000 11.000
11.000 5.000 15.000
7.000 4.000 5.000
12.000 6.000 4.000
5.000 8.000 4.000
10.000 5.000 6.000
9.000 3.000 10.000
13.000 5.000 7.000
12.000 5.000 9.000
9.000 9.000 8.000
13.000 5.000 10.000
2.000 7.000 9.000
14.000 3.000 10.000
11.000 7.000 9.000
8.000 4.000 13.000
15.000 4.000 16.000
11.000 6.000 13.000
7.000 2.000 4.000
10.000 4.000 13.000
8.000 2.000 10.000
10.000 4.000 11.000
10.000 2.000 7.000
12.000 3.000 4.000
4.000 8.000 3.000
8.000 4.000 3.000
10.000 2.000 5.000
6.000 5.000 3.000
10.000 3.000 1.000
4.000 2.000 4.000
9.000 5.000 7.000
13.000 5.000 5.000
12.000 10.000 3.000
16.000 13.000 3.000
27.000 14.000 3.000
12.000 21.000 11.000
16.000 17.000 19.000
12.000 36.000 27.000
13.000 37.000 20.000
30.000 36.000 39.000
21.000 52.000 40.000
