95.000 78.000 65.000
12.000 21.000 23.000
23.000 30.000 11.000
6.000 14.000 19.000
12.000 12.000 23.000
12.000 9.000 15.000
13.000 15.000 7.000
11.000 7.000 18.000
13.000 11.000 14.000
16.000 11.000 8.000
9.000 8.000 9.000
10.000 8.000 7.000
8.000 11.000 8.000
9.000 12.000 7.000
8.000 12.000 12.000
6.000 15.000 15.000
8.000 8.000 7.000
7.000 5.000 8.000
7.000 12.000 5.000
6.000 2.000 4.000
11.000 8.000 7.000
5.000 5.000 5.000
6.000 6.000 4.000
11.000 6.000 3.000
6.000 8.000 5.000
6.000 6.000 4.000
6.000 4.000 5.000
6.000 4.000 5.000
5.000 4.000 3.000
2.000 8.000 12.000
2.000 2.000 10.000
5.000 0.000 3.000
4.000 3.000 5.000
3.000 2.000 1.000
4.000 0.000 7.000
1.000 2.000 2.000
2.000 1.000 4.000
1.000 0.000 6.000
0.000 0.000 7.000
4.000 4.000 4.000
2.000 3.000 2.000
3.000 2.000 1.000
6.000 2.000 1.000
4.000 2.000 3.000
5.000 7.000 3.000
4.000 2.000 2.000
5.000 1.000 0.000
9.000 4.000 4.000
7.000 2.000 5.000
13.000 2.000 5.000
11.000 6.000 6.000
14.000 5.000 3.000
25.000 9.000 8.000
30.000 11.000 25.000
38.000 32.000 25.000
48.000 40.000 38.000
46.000 61.000 48.000
52.000 90.000 71.000
