80.000 55.000 55.000
9.000 17.000 11.000
15.000 20.000 7.000
6.000 10.000 20.000
21.000 11.000 13.000
11.000 13.000 6.000
10.000 13.000 9.000
14.000 12.000 17.000
9.000 17.000 12.000
15.000 17.000 9.000
9.000 17.000 11.000
12.000 24.000 18.000
11.000 17.000 16.000
13.000 20.000 13.000
15.000 22.000 13.000
14.000 16.000 12.000
12.000 12.000 12.000
9.000 19.000 7.000
15.000 16.000 14.000
21.000 13.000 11.000
13.000 17.000 6.000
7.000 9.000 7.000
10.000 20.000 10.000
18.000 11.000 10.000
6.000 12.000 11.000
12.000 11.000 7.000
11.000 7.000 11.000
11.000 5.000 18.000
9.000 9.000 10.000
11.000 7.000 9.000
16.000 6.000 24.000
21.000 4.000 21.000
14.000 6.000 23.000
19.000 5.000 23.000
14.000 6.000 14.000
7.000 3.000 11.000
17.000 5.000 15.000
15.000 5.000 21.000
13.000 9.000 18.000
12.000 5.000 13.000
14.000 10.000 14.000
11.000 7.000 13.000
9.000 15.000 12.000
16.000 19.000 17.000
21.000 11.000 11.000
17.000 15.000 11.000
14.000 14.000 10.000
19.000 12.000 9.000
11.000 22.000 8.000
19.000 20.000 9.000
12.000 15.000 13.000
14.000 20.000 14.000
17.000 20.000 13.000
22.000 32.000 13.000
19.000 18.000 21.000
13.000 26.000 14.000
14.000 25.000 16.000
14.000 25.000 17.000
