56.000 60.000 104.000
11.000 22.000 14.000
10.000 17.000 7.000
13.000 21.000 19.000
13.000 17.000 18.000
17.000 23.000 18.000
8.000 13.000 19.000
11.000 8.000 19.000
9.000 17.000 22.000
10.000 23.000 17.000
9.000 18.000 15.000
19.000 17.000 17.000
6.000 17.000 15.000
14.000 17.000 21.000
8.000 18.000 12.000
12.000 22.000 19.000
15.000 10.000 6.000
11.000 16.000 16.000
24.000 8.000 9.000
22.000 11.000 12.000
13.000 13.000 12.000
12.000 13.000 14.000
12.000 9.000 8.000
8.000 5.000 6.000
11.000 11.000 13.000
13.000 13.000 10.000
14.000 9.000 19.000
8.000 11.000 10.000
16.000 12.000 9.000
10.000 5.000 11.000
15.000 5.000 13.000
15.000 6.000 13.000
8.000 1.000 10.000
14.000 6.000 10.000
10.000 7.000 13.000
14.000 9.000 10.000
15.000 7.000 12.000
10.000 1.000 8.000
13.000 1.000 8.000
13.000 10.000 11.000
9.000 4.000 10.000
10.000 11.000 6.000
13.000 13.000 9.000
12.000 9.000 9.000
8.000 6.000 4.000
11.000 6.000 3.000
12.000 8.000 6.000
15.000 13.000 8.000
22.000 13.000 10.000
18.000 18.000 10.000
21.000 22.000 17.000
12.000 12.000 13.000
18.000 26.000 20.000
19.000 21.000 16.000
18.000 23.000 11.000
21.000 30.000 24.000
18.000 25.000 13.000
14.000 36.000 27.000
