94.000 86.000 87.000
13.000 20.000 15.000
16.000 24.000 16.000
9.000 15.000 17.000
12.000 16.000 11.000
9.000 20.000 9.000
14.000 15.000 19.000
18.000 20.000 19.000
19.000 14.000 13.000
17.000 11.000 12.000
10.000 16.000 18.000
23.000 16.000 14.000
9.000 13.000 7.000
11.000 16.000 7.000
6.000 11.000 6.000
9.000 17.000 2.000
11.000 18.000 7.000
8.000 14.000 11.000
8.000 14.000 5.000
12.000 12.000 7.000
19.000 15.000 6.000
9.000 11.000 12.000
13.000 10.000 13.000
6.000 9.000 12.000
9.000 8.000 14.000
8.000 9.000 9.000
13.000 6.000 15.000
13.000 6.000 10.000
13.000 9.000 10.000
9.000 7.000 16.000
6.000 3.000 14.000
12.000 5.000 19.000
11.000 5.000 15.000
10.000 4.000 7.000
18.000 6.000 15.000
11.000 3.000 21.000
11.000 8.000 17.000
11.000 12.000 15.000
12.000 7.000 14.000
16.000 6.000 15.000
17.000 6.000 17.000
12.000 13.000 8.000
20.000 17.000 11.000
12.000 8.000 16.000
13.000 16.000 7.000
16.000 12.000 17.000
10.000 14.000 12.000
13.000 8.000 8.000
15.000 12.000 12.000
10.000 22.000 11.000
14.000 15.000 8.000
10.000 17.000 7.000
10.000 17.000 12.000
16.000 18.000 17.000
20.000 22.000 17.000
16.000 23.000 15.000
22.000 22.000 11.000
13.000 26.000 20.000
