106.000 73.000 82.000
6.000 26.000 20.000
17.000 21.000 14.000
13.000 25.000 20.000
15.000 17.000 21.000
13.000 22.000 16.000
8.000 19.000 20.000
13.000 18.000 12.000
7.000 14.000 8.000
6.000 8.000 16.000
8.000 13.000 8.000
9.000 7.000 11.000
7.000 9.000 8.000
4.000 8.000 8.000
6.000 7.000 9.000
11.000 13.000 7.000
13.000 7.000 14.000
8.000 12.000 3.000
10.000 7.000 9.000
16.000 6.000 10.000
11.000 12.000 10.000
8.000 14.000 8.000
9.000 13.000 5.000
12.000 8.000 8.000
11.000 14.000 8.000
8.000 12.000 6.000
6.000 4.000 11.000
10.000 8.000 10.000
7.000 8.000 16.000
7.000 8.000 13.000
16.000 8.000 14.000
8.000 10.000 9.000
7.000 2.000 14.000
9.000 4.000 10.000
13.000 3.000 17.000
14.000 3.000 16.000
9.000 5.000 11.000
8.000 5.000 14.000
12.000 5.000 11.000
12.000 11.000 10.000
13.000 9.000 13.000
15.000 10.000 3.000
11.000 10.000 11.000
9.000 9.000 5.000
16.000 9.000 8.000
12.000 11.000 10.000
13.000 12.000 8.000
17.000 16.000 7.000
12.000 11.000 8.000
16.000 10.000 10.000
22.000 8.000 10.000
14.000 15.000 15.000
18.000 10.000 19.000
16.000 30.000 22.000
19.000 36.000 21.000
19.000 27.000 22.000
24.000 30.000 27.000
29.000 37.000 28.000
