181.000 67.000 190.000
15.000 31.000 18.000
22.000 21.000 14.000
16.000 35.000 14.000
15.000 24.000 20.000
16.000 26.000 15.000
9.000 24.000 10.000
14.000 26.000 13.000
9.000 16.000 15.000
11.000 26.000 6.000
9.000 22.000 12.000
18.000 24.000 11.000
13.000 17.000 18.000
14.000 20.000 7.000
13.000 18.000 19.000
17.000 18.000 10.000
7.000 10.000 8.000
16.000 9.000 10.000
16.000 11.000 12.000
11.000 10.000 10.000
13.000 6.000 16.000
13.000 8.000 11.000
15.000 14.000 10.000
14.000 8.000 13.000
10.000 6.000 10.000
15.000 1.000 20.000
11.000 7.000 12.000
13.000 6.000 13.000
18.000 10.000 15.000
15.000 7.000 7.000
10.000 6.000 8.000
15.000 4.000 14.000
13.000 5.000 19.000
9.000 6.000 17.000
9.000 5.000 14.000
9.000 8.000 12.000
11.000 4.000 6.000
9.000 10.000 13.000
12.000 5.000 8.000
11.000 11.000 5.000
12.000 11.000 10.000
9.000 13.000 4.000
8.000 7.000 7.000
11.000 17.000 10.000
13.000 6.000 2.000
11.000 18.000 9.000
13.000 16.000 10.000
10.000 17.000 8.000
6.000 12.000 16.000
5.000 18.000 7.000
20.000 15.000 4.000
15.000 10.000 11.000
17.000 12.000 18.000
14.000 10.000 16.000
14.000 14.000 14.000
13.000 23.000 9.000
14.000 19.000 21.000
5.000 23.000 18.000
