66.000 107.000 88.000
3.000 13.000 15.000
13.000 18.000 10.000
8.000 13.000 6.000
10.000 21.000 10.000
16.000 17.000 9.000
9.000 18.000 8.000
7.000 15.000 14.000
9.000 21.000 17.000
14.000 10.000 16.000
10.000 21.000 13.000
12.000 26.000 14.000
12.000 17.000 14.000
10.000 18.000 15.000
14.000 20.000 6.000
8.000 23.000 10.000
10.000 8.000 11.000
14.000 13.000 11.000
11.000 16.000 13.000
16.000 10.000 9.000
10.000 5.000 7.000
10.000 8.000 12.000
10.000 5.000 10.000
13.000 3.000 11.000
9.000 9.000 9.000
6.000 6.000 13.000
12.000 9.000 10.000
15.000 8.000 10.000
14.000 5.000 14.000
13.000 5.000 19.000
10.000 7.000 14.000
8.000 1.000 20.000
11.000 7.000 17.000
14.000 7.000 22.000
16.000 4.000 19.000
13.000 5.000 15.000
20.000 4.000 10.000
9.000 7.000 13.000
11.000 8.000 12.000
16.000 10.000 19.000
16.000 7.000 13.000
17.000 10.000 19.000
9.000 7.000 9.000
14.000 16.000 11.000
10.000 18.000 22.000
11.000 12.000 14.000
14.000 14.000 11.000
8.000 15.000 13.000
20.000 17.000 8.000
10.000 25.000 19.000
16.000 11.000 16.000
13.000 14.000 11.000
18.000 9.000 11.000
23.000 16.000 17.000
18.000 17.000 16.000
15.000 18.000 21.000
21.000 22.000 17.000
13.000 30.000 21.000
