78.000 54.000 88.000
6.000 24.000 18.000
12.000 25.000 12.000
11.000 15.000 11.000
11.000 23.000 16.000
14.000 12.000 8.000
12.000 12.000 13.000
13.000 8.000 14.000
6.000 8.000 10.000
11.000 9.000 14.000
5.000 6.000 10.000
13.000 6.000 10.000
8.000 8.000 9.000
11.000 15.000 8.000
11.000 7.000 4.000
11.000 9.000 5.000
7.000 11.000 8.000
11.000 14.000 9.000
11.000 8.000 6.000
7.000 9.000 10.000
12.000 12.000 10.000
7.000 7.000 9.000
6.000 7.000 13.000
6.000 9.000 2.000
14.000 13.000 8.000
13.000 12.000 13.000
11.000 8.000 9.000
10.000 11.000 8.000
10.000 13.000 11.000
9.000 7.000 18.000
10.000 8.000 16.000
12.000 15.000 13.000
9.000 10.000 18.000
17.000 5.000 20.000
10.000 16.000 24.000
22.000 6.000 18.000
14.000 7.000 19.000
12.000 12.000 18.000
12.000 8.000 19.000
16.000 11.000 16.000
21.000 8.000 15.000
12.000 14.000 10.000
15.000 12.000 13.000
14.000 15.000 6.000
18.000 13.000 6.000
16.000 17.000 12.000
9.000 18.000 10.000
17.000 10.000 11.000
17.000 13.000 7.000
13.000 18.000 8.000
15.000 17.000 14.000
17.000 15.000 10.000
23.000 21.000 22.000
11.000 18.000 19.000
19.000 19.000 18.000
19.000 20.000 26.000
19.000 28.000 22.000
20.000 40.000 23.000
