105.000 67.000 74.000
5.000 12.000 12.000
10.000 14.000 8.000
9.000 23.000 9.000
10.000 16.000 10.000
10.000 15.000 9.000
14.000 14.000 18.000
16.000 16.000 17.000
13.000 22.000 14.000
12.000 14.000 9.000
13.000 15.000 8.000
20.000 19.000 14.000
13.000 19.000 14.000
15.000 19.000 16.000
12.000 13.000 13.000
10.000 15.000 11.000
9.000 18.000 13.000
9.000 17.000 9.000
13.000 10.000 10.000
17.000 10.000 6.000
14.000 12.000 6.000
16.000 11.000 18.000
17.000 13.000 12.000
23.000 12.000 10.000
15.000 10.000 13.000
7.000 7.000 16.000
18.000 15.000 11.000
7.000 12.000 12.000
15.000 6.000 20.000
18.000 11.000 19.000
12.000 9.000 15.000
13.000 2.000 23.000
16.000 10.000 21.000
15.000 10.000 14.000
19.000 5.000 20.000
15.000 8.000 20.000
14.000 10.000 19.000
20.000 6.000 17.000
16.000 9.000 16.000
18.000 9.000 18.000
16.000 17.000 24.000
12.000 21.000 12.000
7.000 22.000 17.000
10.000 10.000 7.000
15.000 15.000 14.000
12.000 21.000 12.000
12.000 14.000 12.000
17.000 12.000 11.000
10.000 21.000 11.000
16.000 15.000 12.000
17.000 16.000 10.000
8.000 11.000 13.000
15.000 15.000 18.000
13.000 13.000 19.000
10.000 12.000 20.000
11.000 18.000 7.000
10.000 22.000 16.000
15.000 20.000 12.000
