90.000 77.000 69.000
21.000 37.000 53.000
36.000 31.000 19.000
20.000 24.000 33.000
27.000 22.000 23.000
16.000 26.000 16.000
19.000 15.000 20.000
22.000 18.000 17.000
14.000 14.000 13.000
13.000 12.000 8.000
15.000 8.000 10.000
15.000 16.000 21.000
15.000 15.000 18.000
16.000 25.000 14.000
21.000 13.000 17.000
18.000 24.000 20.000
19.000 19.000 20.000
8.000 11.000 12.000
6.000 6.000 6.000
3.000 2.000 6.000
3.000 1.000 4.000
4.000 4.000 0.000
1.000 2.000 3.000
5.000 5.000 1.000
7.000 4.000 4.000
7.000 5.000 3.000
7.000 11.000 12.000
6.000 12.000 7.000
8.000 8.000 10.000
6.000 6.000 10.000
4.000 4.000 1.000
7.000 5.000 6.000
2.000 3.000 3.000
1.000 1.000 4.000
2.000 1.000 3.000
3.000 0.000 3.000
3.000 0.000 2.000
0.000 2.000 1.000
1.000 1.000 1.000
1.000 1.000 1.000
0.000 2.000 0.000
1.000 0.000 3.000
2.000 1.000 2.000
1.000 0.000 0.000
1.000 1.000 1.000
3.000 4.000 2.000
2.000 2.000 0.000
3.000 1.000 1.000
2.000 0.000 0.000
4.000 1.000 0.000
3.000 0.000 3.000
3.000 1.000 1.000
10.000 6.000 6.000
18.000 8.000 13.000
22.000 19.000 23.000
33.000 42.000 25.000
58.000 50.000 48.000
63.000 61.000 68.000
