100.000 82.000 81.000
16.000 40.000 39.000
29.000 27.000 21.000
20.000 29.000 28.000
34.000 18.000 25.000
12.000 23.000 23.000
24.000 12.000 15.000
23.000 21.000 15.000
14.000 18.000 18.000
14.000 12.000 16.000
8.000 13.000 18.000
10.000 12.000 15.000
10.000 16.000 10.000
8.000 7.000 10.000
8.000 17.000 10.000
16.000 8.000 10.000
14.000 14.000 10.000
11.000 16.000 7.000
12.000 7.000 6.000
12.000 6.000 11.000
6.000 3.000 11.000
7.000 6.000 4.000
4.000 3.000 2.000
6.000 8.000 5.000
8.000 4.000 8.000
4.000 9.000 12.000
11.000 5.000 10.000
6.000 11.000 6.000
14.000 12.000 5.000
8.000 8.000 5.000
9.000 13.000 7.000
12.000 10.000 13.000
9.000 4.000 8.000
2.000 3.000 7.000
4.000 3.000 6.000
6.000 2.000 8.000
5.000 4.000 8.000
3.000 5.000 5.000
4.000 4.000 5.000
1.000 3.000 4.000
6.000 2.000 5.000
8.000 1.000 7.000
2.000 4.000 8.000
4.000 5.000 2.000
3.000 9.000 4.000
5.000 6.000 4.000
7.000 3.000 2.000
7.000 3.000 1.000
10.000 2.000 2.000
9.000 6.000 4.000
9.000 3.000 9.000
8.000 4.000 10.000
15.000 12.000 12.000
19.000 19.000 17.000
24.000 23.000 24.000
36.000 29.000 27.000
36.000 35.000 29.000
27.000 49.000 46.000
