79.000 72.000 62.000
7.000 22.000 27.000
22.000 20.000 14.000
14.000 14.000 14.000
15.000 23.000 18.000
17.000 13.000 22.000
15.000 21.000 20.000
14.000 9.000 14.000
17.000 18.000 16.000
21.000 15.000 15.000
15.000 15.000 15.000
11.000 17.000 14.000
13.000 23.000 13.000
14.000 25.000 11.000
13.000 21.000 16.000
10.000 14.000 14.000
13.000 17.000 14.000
19.000 11.000 16.000
9.000 10.000 12.000
13.000 13.000 15.000
14.000 16.000 13.000
12.000 9.000 6.000
8.000 13.000 8.000
9.000 17.000 14.000
23.000 9.000 11.000
11.000 10.000 14.000
11.000 11.000 6.000
13.000 10.000 9.000
8.000 9.000 11.000
10.000 8.000 14.000
10.000 7.000 17.000
16.000 0.000 15.000
11.000 11.000 12.000
9.000 7.000 14.000
4.000 4.000 11.000
7.000 8.000 14.000
8.000 6.000 8.000
16.000 3.000 10.000
15.000 4.000 13.000
8.000 5.000 12.000
13.000 5.000 16.000
10.000 6.000 4.000
7.000 8.000 7.000
9.000 11.000 11.000
7.000 12.000 12.000
10.000 13.000 6.000
16.000 13.000 12.000
13.000 18.000 12.000
18.000 8.000 6.000
24.000 13.000 8.000
19.000 10.000 10.000
23.000 11.000 13.000
13.000 17.000 9.000
22.000 15.000 17.000
19.000 22.000 20.000
21.000 27.000 21.000
15.000 26.000 22.000
20.000 37.000 22.000
