93.000 82.000 78.000
4.000 24.000 16.000
18.000 17.000 4.000
6.000 11.000 19.000
16.000 14.000 13.000
22.000 15.000 9.000
12.000 11.000 16.000
11.000 14.000 12.000
3.000 9.000 15.000
7.000 14.000 12.000
10.000 13.000 7.000
13.000 8.000 12.000
12.000 16.000 9.000
11.000 10.000 10.000
9.000 17.000 11.000
10.000 15.000 10.000
8.000 10.000 7.000
4.000 16.000 9.000
8.000 12.000 10.000
10.000 9.000 10.000
9.000 7.000 1.000
10.000 8.000 13.000
6.000 9.000 9.000
11.000 8.000 7.000
9.000 8.000 8.000
8.000 11.000 6.000
8.000 5.000 18.000
10.000 8.000 13.000
9.000 5.000 13.000
11.000 7.000 17.000
10.000 8.000 18.000
10.000 6.000 15.000
16.000 8.000 10.000
17.000 6.000 18.000
9.000 4.000 19.000
11.000 3.000 20.000
9.000 1.000 13.000
13.000 10.000 16.000
14.000 4.000 12.000
12.000 7.000 24.000
9.000 11.000 18.000
11.000 18.000 16.000
13.000 6.000 12.000
13.000 11.000 9.000
10.000 5.000 6.000
10.000 12.000 12.000
9.000 18.000 8.000
15.000 15.000 12.000
12.000 17.000 11.000
22.000 18.000 10.000
22.000 15.000 18.000
27.000 11.000 9.000
25.000 18.000 21.000
16.000 20.000 22.000
27.000 20.000 21.000
22.000 24.000 31.000
13.000 28.000 11.000
14.000 31.000 14.000
