73.000 64.000 87.000
11.000 29.000 24.000
9.000 26.000 20.000
6.000 20.000 18.000
17.000 12.000 11.000
13.000 10.000 13.000
14.000 16.000 16.000
12.000 14.000 12.000
5.000 9.000 8.000
16.000 12.000 7.000
6.000 10.000 9.000
12.000 8.000 6.000
6.000 8.000 3.000
9.000 5.000 7.000
6.000 7.000 4.000
6.000 11.000 5.000
11.000 5.000 4.000
5.000 6.000 5.000
8.000 6.000 10.000
6.000 7.000 4.000
9.000 6.000 3.000
12.000 6.000 7.000
7.000 7.000 11.000
3.000 5.000 8.000
11.000 5.000 9.000
10.000 8.000 6.000
12.000 8.000 9.000
7.000 8.000 15.000
9.000 9.000 13.000
4.000 8.000 12.000
6.000 14.000 7.000
8.000 9.000 11.000
12.000 4.000 13.000
12.000 12.000 14.000
8.000 7.000 13.000
12.000 1.000 13.000
7.000 4.000 7.000
12.000 2.000 12.000
17.000 6.000 14.000
12.000 7.000 13.000
5.000 5.000 6.000
10.000 8.000 9.000
10.000 9.000 6.000
11.000 18.000 9.000
13.000 13.000 7.000
11.000 12.000 5.000
12.000 8.000 6.000
14.000 18.000 10.000
20.000 11.000 9.000
19.000 7.000 13.000
14.000 10.000 14.000
19.000 13.000 19.000
16.000 15.000 23.000
20.000 15.000 35.000
22.000 28.000 28.000
35.000 31.000 21.000
31.000 46.000 39.000
30.000 50.000 33.000
