103.000 89.000 58.000
21.000 34.000 43.000
33.000 39.000 22.000
28.000 24.000 31.000
28.000 22.000 35.000
22.000 10.000 25.000
21.000 33.000 20.000
14.000 19.000 22.000
16.000 20.000 22.000
12.000 9.000 15.000
10.000 4.000 18.000
10.000 11.000 8.000
10.000 23.000 18.000
17.000 16.000 10.000
15.000 22.000 19.000
18.000 11.000 11.000
7.000 13.000 9.000
8.000 9.000 8.000
8.000 5.000 12.000
3.000 7.000 9.000
4.000 8.000 3.000
10.000 6.000 9.000
6.000 4.000 6.000
6.000 11.000 5.000
3.000 3.000 5.000
8.000 8.000 5.000
11.000 4.000 4.000
5.000 6.000 9.000
7.000 10.000 6.000
2.000 3.000 8.000
7.000 5.000 5.000
5.000 5.000 3.000
5.000 3.000 11.000
6.000 1.000 2.000
3.000 0.000 5.000
5.000 2.000 2.000
1.000 1.000 3.000
1.000 0.000 2.000
3.000 2.000 8.000
3.000 3.000 1.000
3.000 2.000 2.000
2.000 3.000 2.000
8.000 2.000 1.000
7.000 2.000 1.000
1.000 6.000 3.000
8.000 0.000 0.000
5.000 6.000 0.000
5.000 2.000 1.000
7.000 1.000 2.000
6.000 1.000 1.000
8.000 2.000 4.000
9.000 10.000 7.000
15.000 7.000 13.000
29.000 13.000 12.000
27.000 15.000 17.000
37.000 28.000 37.000
31.000 49.000 48.000
35.000 60.000 32.000
