105.000 54.000 81.000
7.000 41.000 22.000
27.000 38.000 16.000
10.000 21.000 26.000
25.000 21.000 22.000
25.000 16.000 17.000
15.000 24.000 16.000
19.000 12.000 15.000
12.000 9.000 12.000
18.000 11.000 14.000
9.000 19.000 17.000
12.000 15.000 15.000
10.000 12.000 12.000
11.000 18.000 12.000
16.000 8.000 14.000
14.000 14.000 10.000
11.000 17.000 17.000
14.000 12.000 12.000
4.000 10.000 12.000
6.000 8.000 10.000
7.000 5.000 5.000
12.000 1.000 4.000
6.000 8.000 5.000
8.000 6.000 5.000
10.000 5.000 2.000
6.000 5.000 6.000
7.000 4.000 6.000
5.000 7.000 8.000
9.000 5.000 5.000
5.000 10.000 11.000
9.000 8.000 4.000
5.000 5.000 10.000
7.000 1.000 2.000
5.000 3.000 7.000
2.000 1.000 5.000
8.000 1.000 2.000
7.000 1.000 5.000
8.000 2.000 3.000
4.000 5.000 4.000
4.000 4.000 6.000
5.000 4.000 7.000
4.000 2.000 5.000
8.000 5.000 2.000
7.000 4.000 7.000
11.000 5.000 4.000
9.000 3.000 3.000
8.000 3.000 1.000
9.000 2.000 5.000
17.000 3.000 6.000
16.000 2.000 5.000
14.000 8.000 8.000
13.000 7.000 12.000
15.000 9.000 8.000
21.000 27.000 26.000
25.000 23.000 26.000
26.000 45.000 36.000
28.000 52.000 59.000
34.000 70.000 46.000
