60.000 67.000 59.000
3.000 16.000 11.000
14.000 19.000 10.000
9.000 25.000 15.000
10.000 11.000 15.000
4.000 9.000 15.000
8.000 14.000 14.000
9.000 14.000 19.000
5.000 8.000 16.000
9.000 18.000 14.000
9.000 10.000 7.000
11.000 9.000 14.000
9.000 11.000 10.000
14.000 14.000 9.000
12.000 9.000 5.000
8.000 14.000 11.000
7.000 17.000 8.000
6.000 9.000 9.000
10.000 6.000 6.000
15.000 11.000 9.000
12.000 14.000 9.000
9.000 5.000 6.000
5.000 9.000 4.000
13.000 10.000 5.000
12.000 9.000 10.000
12.000 9.000 8.000
11.000 5.000 14.000
20.000 13.000 12.000
11.000 5.000 9.000
8.000 7.000 10.000
16.000 7.000 12.000
17.000 6.000 18.000
20.000 8.000 14.000
13.000 9.000 17.000
11.000 7.000 12.000
15.000 4.000 17.000
16.000 9.000 16.000
10.000 8.000 17.000
22.000 8.000 14.000
21.000 5.000 21.000
13.000 13.000 12.000
17.000 9.000 8.000
10.000 15.000 6.000
22.000 9.000 7.000
17.000 13.000 10.000
15.000 12.000 14.000
15.000 13.000 6.000
16.000 15.000 9.000
15.000 18.000 13.000
17.000 12.000 16.000
14.000 23.000 17.000
18.000 16.000 17.000
18.000 17.000 19.000
15.000 29.000 22.000
22.000 22.000 18.000
16.000 24.000 26.000
14.000 38.000 23.000
17.000 40.000 23.000
