88.000 68.000 71.000
8.000 28.000 25.000
11.000 15.000 8.000
8.000 33.000 16.000
13.000 27.000 20.000
14.000 19.000 14.000
9.000 9.000 12.000
13.000 15.000 25.000
5.000 12.000 13.000
6.000 8.000 15.000
10.000 19.000 5.000
16.000 16.000 16.000
13.000 9.000 14.000
7.000 15.000 10.000
7.000 10.000 10.000
14.000 9.000 10.000
19.000 8.000 11.000
13.000 10.000 11.000
15.000 10.000 14.000
17.000 12.000 12.000
18.000 16.000 8.000
15.000 17.000 6.000
13.000 12.000 9.000
8.000 15.000 3.000
11.000 8.000 7.000
14.000 7.000 14.000
15.000 10.000 11.000
12.000 13.000 17.000
16.000 10.000 12.000
9.000 21.000 12.000
10.000 8.000 10.000
14.000 4.000 11.000
11.000 5.000 9.000
8.000 2.000 15.000
15.000 2.000 10.000
10.000 3.000 7.000
7.000 7.000 13.000
12.000 8.000 13.000
11.000 5.000 10.000
12.000 6.000 11.000
5.000 4.000 13.000
14.000 6.000 14.000
10.000 7.000 7.000
14.000 5.000 5.000
13.000 12.000 9.000
7.000 8.000 8.000
17.000 8.000 6.000
14.000 10.000 8.000
20.000 3.000 8.000
20.000 12.000 7.000
7.000 10.000 11.000
13.000 16.000 16.000
11.000 17.000 17.000
17.000 16.000 18.000
19.000 27.000 24.000
21.000 36.000 16.000
14.000 38.000 30.000
11.000 39.000 22.000
