82.000 71.000 85.000
13.000 28.000 23.000
19.000 21.000 11.000
16.000 35.000 19.000
17.000 21.000 16.000
16.000 18.000 16.000
12.000 17.000 18.000
15.000 10.000 17.000
20.000 12.000 13.000
22.000 14.000 11.000
10.000 17.000 7.000
14.000 11.000 22.000
11.000 11.000 12.000
12.000 16.000 24.000
16.000 9.000 14.000
13.000 21.000 6.000
14.000 16.000 15.000
8.000 10.000 6.000
8.000 7.000 6.000
10.000 9.000 8.000
10.000 2.000 4.000
5.000 10.000 6.000
5.000 4.000 10.000
10.000 6.000 4.000
8.000 8.000 6.000
8.000 8.000 9.000
11.000 12.000 5.000
6.000 5.000 9.000
8.000 14.000 14.000
10.000 12.000 4.000
9.000 5.000 12.000
10.000 5.000 8.000
8.000 4.000 12.000
12.000 6.000 14.000
8.000 5.000 11.000
5.000 4.000 9.000
9.000 6.000 14.000
8.000 2.000 10.000
7.000 2.000 12.000
2.000 4.000 12.000
9.000 6.000 10.000
7.000 6.000 8.000
7.000 6.000 11.000
8.000 4.000 7.000
8.000 9.000 3.000
5.000 9.000 6.000
12.000 9.000 2.000
9.000 6.000 6.000
9.000 7.000 8.000
16.000 3.000 3.000
16.000 10.000 11.000
18.000 11.000 14.000
8.000 13.000 18.000
18.000 18.000 15.000
20.000 18.000 29.000
21.000 30.000 23.000
35.000 51.000 23.000
22.000 50.000 28.000
