57.000 56.000 95.000
8.000 26.000 24.000
20.000 19.000 13.000
15.000 23.000 17.000
15.000 17.000 14.000
17.000 13.000 10.000
16.000 13.000 9.000
14.000 12.000 10.000
15.000 8.000 11.000
22.000 9.000 12.000
17.000 13.000 12.000
11.000 15.000 12.000
13.000 15.000 14.000
12.000 10.000 14.000
4.000 10.000 11.000
15.000 14.000 11.000
5.000 11.000 11.000
10.000 20.000 8.000
7.000 7.000 8.000
13.000 12.000 16.000
10.000 6.000 5.000
8.000 11.000 9.000
6.000 3.000 12.000
7.000 10.000 11.000
12.000 5.000 10.000
6.000 4.000 10.000
6.000 7.000 11.000
9.000 6.000 7.000
10.000 11.000 9.000
7.000 5.000 21.000
11.000 3.000 16.000
9.000 4.000 8.000
7.000 2.000 18.000
12.000 5.000 6.000
8.000 4.000 21.000
11.000 6.000 15.000
7.000 6.000 10.000
11.000 6.000 14.000
12.000 7.000 15.000
15.000 5.000 19.000
15.000 4.000 8.000
12.000 12.000 11.000
11.000 6.000 9.000
15.000 13.000 7.000
17.000 12.000 13.000
22.000 17.000 16.000
14.000 8.000 7.000
17.000 18.000 16.000
20.000 19.000 13.000
17.000 16.000 12.000
11.000 18.000 16.000
23.000 16.000 12.000
13.000 16.000 15.000
16.000 23.000 14.000
21.000 26.000 14.000
19.000 24.000 26.000
21.000 31.000 30.000
19.000 36.000 23.000
