91.000 63.000 80.000
10.000 27.000 20.000
23.000 36.000 14.000
12.000 22.000 24.000
23.000 28.000 20.000
15.000 13.000 13.000
11.000 12.000 25.000
23.000 17.000 9.000
8.000 11.000 20.000
16.000 13.000 8.000
8.000 14.000 18.000
19.000 16.000 12.000
15.000 8.000 12.000
12.000 11.000 9.000
8.000 10.000 14.000
10.000 16.000 9.000
8.000 7.000 10.000
14.000 9.000 5.000
4.000 12.000 7.000
4.000 7.000 8.000
7.000 2.000 4.000
7.000 10.000 6.000
7.000 9.000 3.000
12.000 12.000 6.000
6.000 4.000 11.000
11.000 7.000 7.000
8.000 8.000 5.000
7.000 10.000 9.000
12.000 10.000 6.000
12.000 10.000 13.000
7.000 8.000 12.000
6.000 5.000 14.000
16.000 5.000 15.000
12.000 5.000 9.000
9.000 8.000 10.000
6.000 7.000 5.000
8.000 4.000 7.000
9.000 5.000 10.000
9.000 4.000 6.000
5.000 7.000 10.000
8.000 4.000 7.000
9.000 6.000 7.000
7.000 5.000 5.000
4.000 6.000 4.000
9.000 8.000 8.000
10.000 4.000 7.000
14.000 7.000 3.000
11.000 3.000 5.000
12.000 6.000 4.000
12.000 7.000 9.000
17.000 5.000 5.000
21.000 6.000 14.000
14.000 18.000 11.000
22.000 14.000 18.000
33.000 29.000 24.000
32.000 30.000 26.000
26.000 48.000 36.000
24.000 48.000 44.000
