106.000 98.000 59.000
17.000 46.000 48.000
32.000 31.000 20.000
29.000 23.000 26.000
34.000 15.000 24.000
21.000 20.000 25.000
13.000 21.000 25.000
15.000 11.000 24.000
15.000 22.000 19.000
17.000 14.000 13.000
13.000 13.000 16.000
16.000 10.000 13.000
21.000 19.000 13.000
15.000 16.000 25.000
14.000 26.000 17.000
8.000 10.000 14.000
5.000 10.000 8.000
6.000 14.000 11.000
14.000 9.000 7.000
9.000 6.000 9.000
7.000 9.000 6.000
6.000 2.000 4.000
13.000 4.000 4.000
4.000 3.000 6.000
6.000 3.000 7.000
15.000 7.000 2.000
13.000 10.000 7.000
13.000 15.000 14.000
6.000 16.000 21.000
4.000 9.000 13.000
9.000 9.000 8.000
3.000 6.000 5.000
5.000 5.000 7.000
12.000 0.000 4.000
5.000 2.000 4.000
5.000 1.000 1.000
2.000 0.000 2.000
3.000 0.000 2.000
1.000 0.000 2.000
6.000 1.000 4.000
1.000 1.000 1.000
4.000 4.000 1.000
3.000 2.000 1.000
2.000 0.000 1.000
0.000 2.000 0.000
4.000 0.000 0.000
2.000 2.000 0.000
8.000 1.000 0.000
4.000 1.000 1.000
3.000 4.000 5.000
8.000 7.000 4.000
10.000 5.000 5.000
19.000 6.000 2.000
23.000 8.000 6.000
27.000 8.000 21.000
31.000 30.000 26.000
34.000 63.000 42.000
47.000 62.000 66.000
