60.000 71.000 63.000
16.000 34.000 34.000
23.000 23.000 15.000
10.000 16.000 21.000
27.000 16.000 21.000
16.000 17.000 13.000
14.000 15.000 18.000
23.000 13.000 14.000
14.000 14.000 17.000
16.000 7.000 18.000
16.000 18.000 18.000
25.000 9.000 14.000
17.000 21.000 17.000
18.000 21.000 20.000
25.000 16.000 23.000
19.000 25.000 11.000
13.000 27.000 25.000
14.000 14.000 16.000
9.000 11.000 11.000
5.000 11.000 9.000
7.000 8.000 3.000
11.000 2.000 4.000
10.000 7.000 6.000
7.000 4.000 5.000
7.000 8.000 6.000
7.000 8.000 6.000
11.000 12.000 10.000
12.000 4.000 8.000
5.000 9.000 4.000
8.000 7.000 7.000
6.000 5.000 10.000
3.000 4.000 4.000
3.000 3.000 6.000
3.000 2.000 3.000
2.000 1.000 1.000
3.000 1.000 4.000
3.000 0.000 5.000
1.000 1.000 1.000
1.000 0.000 3.000
0.000 2.000 5.000
2.000 2.000 4.000
0.000 0.000 2.000
2.000 1.000 1.000
3.000 1.000 3.000
2.000 5.000 0.000
2.000 3.000 4.000
6.000 0.000 2.000
1.000 6.000 3.000
5.000 3.000 2.000
6.000 6.000 1.000
6.000 1.000 5.000
10.000 5.000 5.000
13.000 11.000 7.000
15.000 8.000 12.000
20.000 16.000 23.000
45.000 32.000 35.000
43.000 49.000 42.000
46.000 75.000 58.000
