80.000 46.000 65.000
6.000 15.000 5.000
13.000 14.000 5.000
5.000 12.000 15.000
7.000 16.000 8.000
9.000 11.000 9.000
1.000 15.000 6.000
9.000 15.000 12.000
13.000 12.000 11.000
11.000 11.000 8.000
7.000 10.000 12.000
10.000 18.000 14.000
13.000 6.000 9.000
6.000 18.000 7.000
6.000 10.000 7.000
9.000 16.000 10.000
16.000 13.000 9.000
9.000 19.000 7.000
10.000 19.000 8.000
9.000 11.000 6.000
16.000 12.000 13.000
16.000 15.000 15.000
12.000 14.000 10.000
20.000 15.000 14.000
15.000 12.000 9.000
10.000 13.000 8.000
14.000 13.000 15.000
18.000 11.000 16.000
14.000 10.000 10.000
12.000 11.000 14.000
13.000 8.000 22.000
22.000 5.000 12.000
22.000 5.000 26.000
12.000 6.000 26.000
24.000 4.000 14.000
14.000 8.000 17.000
24.000 5.000 17.000
29.000 6.000 19.000
15.000 16.000 19.000
16.000 13.000 18.000
13.000 8.000 26.000
13.000 19.000 15.000
18.000 16.000 8.000
18.000 13.000 13.000
20.000 18.000 9.000
24.000 16.000 18.000
19.000 16.000 10.000
16.000 16.000 12.000
11.000 9.000 14.000
22.000 24.000 27.000
8.000 20.000 14.000
13.000 20.000 14.000
7.000 14.000 10.000
8.000 19.000 16.000
11.000 24.000 22.000
10.000 29.000 17.000
13.000 25.000 10.000
16.000 19.000 14.000
