86.000 98.000 86.000
30.000 31.000 38.000
29.000 28.000 30.000
22.000 22.000 19.000
16.000 12.000 12.000
18.000 17.000 20.000
27.000 26.000 26.000
18.000 16.000 17.000
25.000 24.000 25.000
12.000 10.000 10.000
8.000 11.000 9.000
18.000 18.000 17.000
26.000 26.000 29.000
28.000 25.000 26.000
27.000 29.000 26.000
16.000 16.000 16.000
15.000 15.000 18.000
15.000 13.000 13.000
4.000 4.000 4.000
4.000 3.000 3.000
0.000 0.000 0.000
1.000 1.000 1.000
3.000 3.000 3.000
4.000 4.000 4.000
1.000 1.000 1.000
7.000 8.000 7.000
6.000 6.000 6.000
10.000 10.000 11.000
15.000 15.000 14.000
11.000 12.000 11.000
5.000 6.000 6.000
4.000 5.000 4.000
2.000 1.000 2.000
2.000 1.000 3.000
2.000 0.000 0.000
1.000 1.000 1.000
0.000 0.000 0.000
1.000 1.000 1.000
0.000 0.000 0.000
0.000 0.000 0.000
0.000 0.000 0.000
0.000 0.000 0.000
0.000 0.000 0.000
0.000 0.000 0.000
0.000 0.000 0.000
0.000 0.000 0.000
0.000 0.000 0.000
0.000 0.000 0.000
1.000 1.000 1.000
0.000 0.000 0.000
0.000 0.000 0.000
0.000 0.000 0.000
1.000 1.000 1.000
3.000 3.000 3.000
10.000 11.000 10.000
28.000 30.000 28.000
50.000 53.000 51.000
72.000 74.000 73.000
