99.000 55.000 101.000
15.000 52.000 31.000
28.000 37.000 25.000
29.000 21.000 29.000
23.000 30.000 23.000
25.000 32.000 12.000
22.000 15.000 22.000
21.000 14.000 19.000
11.000 22.000 14.000
15.000 5.000 11.000
12.000 14.000 10.000
13.000 12.000 14.000
12.000 10.000 15.000
12.000 15.000 18.000
11.000 16.000 10.000
8.000 25.000 14.000
14.000 11.000 14.000
12.000 13.000 17.000
12.000 5.000 7.000
10.000 7.000 5.000
9.000 4.000 3.000
6.000 6.000 7.000
4.000 7.000 5.000
6.000 4.000 5.000
9.000 7.000 10.000
14.000 11.000 8.000
10.000 11.000 13.000
9.000 11.000 10.000
8.000 7.000 13.000
10.000 15.000 10.000
11.000 9.000 5.000
5.000 5.000 5.000
3.000 4.000 4.000
6.000 3.000 1.000
5.000 1.000 2.000
4.000 0.000 1.000
2.000 1.000 5.000
3.000 3.000 1.000
4.000 2.000 7.000
3.000 4.000 2.000
4.000 4.000 7.000
3.000 2.000 5.000
3.000 5.000 2.000
5.000 0.000 2.000
5.000 4.000 1.000
9.000 2.000 2.000
10.000 1.000 4.000
6.000 5.000 2.000
3.000 1.000 3.000
11.000 3.000 0.000
6.000 7.000 4.000
13.000 4.000 5.000
19.000 4.000 12.000
22.000 10.000 16.000
24.000 15.000 24.000
28.000 35.000 36.000
29.000 51.000 44.000
36.000 48.000 55.000
