59.000 61.000 58.000
5.000 13.000 8.000
14.000 14.000 8.000
6.000 15.000 4.000
10.000 19.000 8.000
11.000 9.000 6.000
7.000 10.000 13.000
9.000 14.000 14.000
10.000 13.000 8.000
7.000 15.000 6.000
11.000 25.000 16.000
10.000 19.000 5.000
14.000 19.000 13.000
15.000 19.000 16.000
17.000 21.000 12.000
13.000 30.000 13.000
12.000 23.000 14.000
12.000 20.000 17.000
21.000 21.000 11.000
14.000 9.000 10.000
16.000 14.000 19.000
17.000 16.000 13.000
13.000 20.000 16.000
17.000 18.000 14.000
15.000 15.000 11.000
16.000 11.000 8.000
22.000 11.000 16.000
15.000 9.000 21.000
15.000 5.000 17.000
13.000 10.000 19.000
14.000 8.000 22.000
15.000 4.000 28.000
18.000 9.000 13.000
25.000 5.000 19.000
13.000 6.000 24.000
11.000 5.000 22.000
14.000 6.000 16.000
22.000 7.000 19.000
25.000 4.000 15.000
14.000 10.000 15.000
17.000 11.000 16.000
14.000 15.000 15.000
12.000 18.000 15.000
11.000 21.000 18.000
17.000 11.000 19.000
14.000 11.000 6.000
18.000 26.000 10.000
14.000 18.000 12.000
14.000 17.000 15.000
15.000 15.000 15.000
17.000 22.000 11.000
9.000 15.000 18.000
12.000 17.000 16.000
10.000 13.000 12.000
11.000 20.000 16.000
10.000 19.000 10.000
15.000 17.000 16.000
13.000 14.000 6.000
