92.000 91.000 123.000
17.000 28.000 32.000
25.000 31.000 20.000
20.000 25.000 23.000
21.000 26.000 21.000
34.000 20.000 16.000
16.000 21.000 22.000
22.000 21.000 16.000
17.000 19.000 25.000
17.000 16.000 16.000
18.000 13.000 8.000
16.000 12.000 11.000
19.000 11.000 14.000
15.000 21.000 10.000
10.000 20.000 9.000
16.000 11.000 11.000
12.000 11.000 15.000
14.000 11.000 7.000
6.000 9.000 11.000
11.000 9.000 5.000
5.000 5.000 6.000
8.000 11.000 6.000
9.000 4.000 7.000
9.000 7.000 8.000
7.000 5.000 12.000
5.000 9.000 9.000
5.000 9.000 7.000
6.000 13.000 9.000
7.000 4.000 13.000
9.000 4.000 15.000
3.000 4.000 11.000
7.000 1.000 14.000
9.000 1.000 7.000
3.000 7.000 11.000
5.000 2.000 9.000
7.000 3.000 12.000
2.000 4.000 11.000
7.000 3.000 7.000
10.000 3.000 1.000
5.000 5.000 7.000
2.000 4.000 6.000
7.000 9.000 6.000
4.000 6.000 7.000
5.000 3.000 7.000
9.000 10.000 5.000
14.000 8.000 3.000
9.000 17.000 6.000
12.000 6.000 6.000
7.000 13.000 9.000
16.000 13.000 8.000
10.000 12.000 16.000
11.000 10.000 13.000
13.000 6.000 16.000
20.000 11.000 17.000
22.000 15.000 17.000
24.000 24.000 22.000
17.000 34.000 20.000
24.000 38.000 28.000
