126.000 97.000 115.000
14.000 28.000 31.000
20.000 33.000 10.000
6.000 25.000 25.000
12.000 14.000 20.000
20.000 23.000 24.000
16.000 19.000 18.000
20.000 19.000 26.000
17.000 21.000 12.000
20.000 19.000 10.000
12.000 15.000 12.000
19.000 15.000 14.000
19.000 16.000 12.000
9.000 9.000 11.000
17.000 17.000 11.000
10.000 13.000 10.000
10.000 13.000 11.000
8.000 15.000 12.000
13.000 7.000 12.000
7.000 9.000 9.000
9.000 12.000 5.000
8.000 4.000 6.000
10.000 10.000 14.000
12.000 6.000 15.000
10.000 5.000 11.000
6.000 8.000 10.000
6.000 9.000 11.000
12.000 3.000 18.000
13.000 7.000 10.000
11.000 4.000 15.000
8.000 8.000 10.000
12.000 5.000 16.000
3.000 2.000 16.000
9.000 4.000 10.000
6.000 7.000 19.000
8.000 5.000 8.000
8.000 5.000 7.000
8.000 10.000 13.000
13.000 10.000 12.000
8.000 9.000 16.000
13.000 9.000 3.000
12.000 12.000 14.000
12.000 8.000 8.000
12.000 5.000 12.000
9.000 14.000 6.000
10.000 9.000 7.000
13.000 9.000 4.000
21.000 11.000 8.000
14.000 20.000 5.000
15.000 19.000 11.000
12.000 13.000 16.000
12.000 9.000 10.000
15.000 8.000 11.000
14.000 12.000 16.000
21.000 19.000 11.000
16.000 29.000 15.000
20.000 23.000 19.000
14.000 29.000 23.000
