76.000 75.000 76.000
8.000 23.000 7.000
17.000 18.000 7.000
8.000 12.000 17.000
25.000 23.000 9.000
12.000 18.000 11.000
8.000 13.000 17.000
12.000 8.000 13.000
15.000 13.000 12.000
8.000 8.000 17.000
15.000 13.000 16.000
14.000 14.000 9.000
11.000 15.000 10.000
7.000 13.000 9.000
13.000 9.000 8.000
8.000 13.000 3.000
6.000 15.000 12.000
14.000 12.000 10.000
15.000 16.000 6.000
11.000 12.000 6.000
11.000 14.000 5.000
14.000 11.000 12.000
12.000 6.000 6.000
11.000 12.000 7.000
17.000 9.000 10.000
9.000 10.000 9.000
14.000 6.000 13.000
5.000 16.000 17.000
8.000 13.000 14.000
17.000 6.000 9.000
8.000 11.000 16.000
12.000 4.000 11.000
14.000 6.000 14.000
13.000 6.000 17.000
8.000 7.000 10.000
14.000 6.000 20.000
10.000 1.000 19.000
11.000 10.000 17.000
14.000 9.000 14.000
10.000 7.000 11.000
11.000 13.000 14.000
11.000 11.000 19.000
6.000 6.000 14.000
9.000 12.000 11.000
19.000 14.000 4.000
13.000 9.000 7.000
19.000 12.000 6.000
17.000 16.000 9.000
16.000 15.000 19.000
14.000 14.000 9.000
15.000 10.000 13.000
14.000 16.000 18.000
18.000 19.000 12.000
22.000 26.000 17.000
20.000 22.000 24.000
21.000 28.000 23.000
15.000 33.000 12.000
19.000 23.000 15.000
