158.000 63.000 151.000
10.000 29.000 36.000
23.000 37.000 26.000
15.000 29.000 24.000
32.000 28.000 30.000
23.000 36.000 22.000
19.000 23.000 12.000
21.000 25.000 28.000
13.000 31.000 16.000
15.000 25.000 15.000
16.000 15.000 13.000
9.000 12.000 5.000
13.000 11.000 6.000
10.000 14.000 7.000
15.000 7.000 11.000
12.000 10.000 11.000
7.000 11.000 7.000
7.000 8.000 10.000
12.000 8.000 7.000
7.000 9.000 4.000
9.000 2.000 5.000
8.000 2.000 4.000
7.000 2.000 5.000
5.000 4.000 4.000
14.000 9.000 10.000
9.000 7.000 13.000
6.000 4.000 17.000
5.000 11.000 12.000
9.000 5.000 6.000
8.000 7.000 11.000
7.000 5.000 9.000
9.000 3.000 3.000
6.000 4.000 1.000
8.000 3.000 4.000
5.000 0.000 6.000
2.000 6.000 4.000
5.000 1.000 2.000
6.000 4.000 3.000
4.000 5.000 3.000
4.000 7.000 2.000
3.000 7.000 2.000
1.000 4.000 3.000
4.000 8.000 1.000
2.000 1.000 2.000
3.000 5.000 1.000
2.000 3.000 3.000
3.000 6.000 0.000
4.000 4.000 5.000
3.000 5.000 4.000
7.000 2.000 2.000
6.000 2.000 7.000
5.000 5.000 10.000
12.000 7.000 12.000
6.000 6.000 8.000
13.000 11.000 7.000
19.000 23.000 23.000
31.000 39.000 32.000
53.000 72.000 62.000
