73.000 52.000 92.000
9.000 28.000 21.000
18.000 32.000 19.000
10.000 18.000 21.000
20.000 27.000 16.000
21.000 20.000 12.000
16.000 21.000 15.000
17.000 18.000 19.000
11.000 11.000 16.000
11.000 7.000 14.000
12.000 14.000 13.000
13.000 12.000 14.000
15.000 9.000 13.000
11.000 13.000 12.000
19.000 19.000 5.000
10.000 19.000 12.000
8.000 12.000 8.000
10.000 5.000 5.000
11.000 11.000 7.000
6.000 6.000 8.000
8.000 3.000 6.000
11.000 6.000 4.000
6.000 3.000 10.000
15.000 6.000 8.000
8.000 5.000 7.000
3.000 7.000 8.000
11.000 8.000 6.000
5.000 7.000 7.000
2.000 8.000 8.000
4.000 10.000 7.000
7.000 6.000 8.000
2.000 9.000 9.000
5.000 4.000 3.000
3.000 2.000 9.000
5.000 5.000 7.000
7.000 2.000 8.000
3.000 2.000 12.000
11.000 0.000 7.000
11.000 0.000 3.000
12.000 5.000 11.000
5.000 1.000 2.000
6.000 3.000 6.000
9.000 6.000 2.000
12.000 5.000 5.000
11.000 6.000 3.000
7.000 7.000 5.000
11.000 11.000 4.000
8.000 6.000 4.000
11.000 8.000 4.000
6.000 3.000 9.000
11.000 10.000 10.000
17.000 6.000 19.000
18.000 9.000 14.000
16.000 19.000 26.000
23.000 20.000 32.000
40.000 43.000 21.000
36.000 54.000 53.000
32.000 56.000 43.000
