86.000 62.000 84.000
10.000 25.000 18.000
15.000 16.000 7.000
6.000 22.000 14.000
11.000 18.000 15.000
18.000 15.000 7.000
9.000 14.000 15.000
16.000 21.000 8.000
10.000 6.000 6.000
11.000 12.000 13.000
10.000 9.000 6.000
8.000 9.000 9.000
15.000 9.000 9.000
12.000 9.000 7.000
7.000 8.000 6.000
12.000 13.000 4.000
15.000 10.000 2.000
9.000 7.000 8.000
10.000 10.000 3.000
4.000 13.000 9.000
8.000 9.000 5.000
7.000 9.000 7.000
7.000 6.000 13.000
8.000 14.000 12.000
9.000 13.000 10.000
15.000 10.000 7.000
7.000 3.000 6.000
9.000 10.000 12.000
6.000 6.000 17.000
13.000 10.000 26.000
13.000 6.000 16.000
3.000 8.000 14.000
9.000 3.000 13.000
9.000 5.000 9.000
10.000 5.000 16.000
13.000 4.000 21.000
12.000 5.000 10.000
8.000 7.000 14.000
11.000 8.000 17.000
14.000 9.000 15.000
9.000 2.000 13.000
10.000 10.000 14.000
12.000 8.000 12.000
12.000 12.000 13.000
14.000 7.000 15.000
20.000 20.000 18.000
15.000 17.000 6.000
15.000 23.000 10.000
15.000 16.000 9.000
19.000 15.000 14.000
20.000 12.000 14.000
21.000 20.000 10.000
19.000 17.000 17.000
21.000 25.000 16.000
19.000 24.000 19.000
24.000 30.000 18.000
22.000 32.000 17.000
23.000 36.000 20.000
