79.000 66.000 62.000
11.000 21.000 28.000
12.000 18.000 20.000
13.000 22.000 20.000
24.000 19.000 17.000
16.000 17.000 14.000
19.000 15.000 15.000
14.000 18.000 12.000
10.000 14.000 15.000
16.000 13.000 16.000
14.000 9.000 21.000
8.000 15.000 7.000
12.000 12.000 7.000
7.000 7.000 10.000
17.000 15.000 15.000
10.000 8.000 11.000
6.000 6.000 10.000
15.000 24.000 6.000
7.000 10.000 17.000
8.000 8.000 6.000
7.000 6.000 6.000
17.000 8.000 4.000
9.000 13.000 6.000
11.000 9.000 10.000
15.000 9.000 4.000
10.000 11.000 7.000
6.000 14.000 5.000
14.000 9.000 4.000
9.000 8.000 9.000
11.000 10.000 12.000
17.000 12.000 17.000
14.000 6.000 21.000
14.000 10.000 11.000
15.000 5.000 15.000
11.000 8.000 13.000
11.000 5.000 14.000
10.000 3.000 9.000
11.000 1.000 17.000
13.000 10.000 8.000
12.000 7.000 13.000
11.000 5.000 5.000
18.000 6.000 13.000
15.000 3.000 6.000
16.000 7.000 7.000
14.000 9.000 9.000
15.000 12.000 7.000
19.000 11.000 7.000
17.000 12.000 7.000
9.000 9.000 7.000
10.000 5.000 14.000
12.000 21.000 15.000
8.000 13.000 28.000
20.000 24.000 24.000
23.000 29.000 15.000
19.000 29.000 23.000
22.000 37.000 30.000
24.000 38.000 20.000
17.000 36.000 36.000
