98.000 70.000 95.000
21.000 33.000 19.000
36.000 34.000 20.000
20.000 20.000 24.000
16.000 18.000 28.000
20.000 23.000 23.000
14.000 21.000 18.000
20.000 16.000 12.000
11.000 8.000 14.000
10.000 13.000 8.000
14.000 13.000 10.000
11.000 17.000 10.000
10.000 12.000 12.000
10.000 13.000 14.000
17.000 10.000 7.000
10.000 17.000 18.000
10.000 16.000 11.000
11.000 10.000 7.000
9.000 10.000 9.000
5.000 4.000 5.000
4.000 2.000 13.000
10.000 1.000 5.000
7.000 9.000 7.000
10.000 5.000 3.000
5.000 13.000 4.000
6.000 8.000 8.000
6.000 10.000 10.000
7.000 11.000 6.000
17.000 9.000 13.000
9.000 11.000 8.000
11.000 8.000 9.000
3.000 4.000 6.000
2.000 2.000 3.000
7.000 0.000 5.000
1.000 2.000 8.000
1.000 4.000 6.000
4.000 1.000 7.000
4.000 2.000 2.000
4.000 2.000 11.000
4.000 2.000 4.000
5.000 4.000 7.000
7.000 4.000 6.000
5.000 6.000 3.000
3.000 5.000 6.000
3.000 6.000 3.000
2.000 2.000 1.000
6.000 4.000 5.000
5.000 7.000 3.000
4.000 10.000 2.000
3.000 3.000 4.000
7.000 4.000 7.000
11.000 7.000 8.000
9.000 5.000 9.000
18.000 7.000 17.000
29.000 18.000 23.000
36.000 27.000 32.000
41.000 53.000 43.000
71.000 62.000 49.000
