56.000 47.000 80.000
7.000 13.000 17.000
13.000 11.000 10.000
4.000 19.000 15.000
17.000 23.000 12.000
17.000 17.000 14.000
16.000 12.000 21.000
16.000 24.000 12.000
12.000 19.000 18.000
21.000 20.000 12.000
9.000 14.000 14.000
16.000 11.000 9.000
12.000 8.000 15.000
9.000 12.000 10.000
20.000 17.000 13.000
18.000 11.000 10.000
12.000 16.000 12.000
11.000 7.000 8.000
5.000 11.000 8.000
6.000 8.000 13.000
10.000 8.000 10.000
8.000 5.000 5.000
8.000 9.000 8.000
11.000 11.000 13.000
13.000 6.000 15.000
14.000 6.000 12.000
4.000 8.000 9.000
11.000 14.000 11.000
8.000 9.000 11.000
6.000 6.000 19.000
3.000 6.000 14.000
6.000 7.000 14.000
12.000 4.000 15.000
8.000 6.000 13.000
7.000 1.000 11.000
10.000 6.000 18.000
6.000 2.000 11.000
10.000 6.000 15.000
5.000 3.000 9.000
5.000 2.000 19.000
4.000 7.000 13.000
16.000 10.000 13.000
10.000 10.000 8.000
13.000 10.000 9.000
10.000 13.000 9.000
17.000 17.000 11.000
10.000 17.000 7.000
14.000 18.000 8.000
16.000 22.000 11.000
15.000 14.000 10.000
30.000 21.000 22.000
11.000 14.000 12.000
32.000 9.000 18.000
19.000 12.000 18.000
25.000 18.000 22.000
12.000 25.000 20.000
21.000 41.000 27.000
25.000 29.000 33.000
