69.000 58.000 85.000
9.000 25.000 22.000
22.000 20.000 9.000
18.000 19.000 23.000
18.000 24.000 10.000
18.000 12.000 17.000
14.000 15.000 7.000
12.000 13.000 17.000
11.000 15.000 15.000
9.000 10.000 13.000
6.000 11.000 6.000
16.000 14.000 16.000
13.000 11.000 6.000
3.000 8.000 12.000
8.000 10.000 8.000
11.000 9.000 8.000
7.000 11.000 8.000
8.000 10.000 0.000
10.000 8.000 7.000
11.000 8.000 13.000
13.000 11.000 2.000
10.000 14.000 1.000
6.000 5.000 7.000
6.000 4.000 3.000
5.000 10.000 11.000
10.000 5.000 12.000
9.000 13.000 9.000
6.000 9.000 11.000
6.000 4.000 12.000
7.000 5.000 8.000
8.000 2.000 12.000
11.000 5.000 11.000
6.000 4.000 9.000
9.000 4.000 12.000
7.000 4.000 11.000
8.000 4.000 16.000
7.000 5.000 14.000
10.000 6.000 17.000
8.000 8.000 14.000
11.000 7.000 12.000
7.000 6.000 11.000
15.000 12.000 12.000
11.000 10.000 10.000
12.000 15.000 6.000
18.000 7.000 9.000
14.000 7.000 7.000
9.000 18.000 4.000
15.000 13.000 12.000
24.000 12.000 8.000
15.000 18.000 11.000
23.000 16.000 18.000
10.000 19.000 16.000
24.000 13.000 25.000
18.000 22.000 11.000
21.000 26.000 24.000
27.000 35.000 17.000
22.000 36.000 21.000
20.000 49.000 32.000
