88.000 80.000 99.000
13.000 30.000 22.000
32.000 25.000 16.000
13.000 26.000 18.000
17.000 20.000 21.000
27.000 17.000 11.000
16.000 20.000 12.000
10.000 12.000 21.000
12.000 20.000 15.000
12.000 12.000 15.000
7.000 6.000 13.000
13.000 7.000 15.000
5.000 14.000 10.000
7.000 11.000 14.000
10.000 11.000 8.000
8.000 8.000 5.000
9.000 6.000 5.000
14.000 12.000 7.000
7.000 11.000 2.000
5.000 8.000 5.000
11.000 5.000 9.000
4.000 8.000 4.000
6.000 5.000 4.000
8.000 9.000 7.000
9.000 7.000 10.000
10.000 6.000 10.000
16.000 7.000 7.000
14.000 8.000 7.000
3.000 7.000 13.000
4.000 8.000 7.000
7.000 8.000 9.000
11.000 5.000 9.000
12.000 2.000 6.000
5.000 5.000 9.000
4.000 2.000 10.000
4.000 1.000 9.000
2.000 2.000 10.000
10.000 4.000 7.000
5.000 3.000 9.000
9.000 3.000 8.000
8.000 11.000 9.000
8.000 8.000 7.000
6.000 7.000 7.000
12.000 6.000 11.000
6.000 8.000 4.000
15.000 13.000 2.000
8.000 6.000 4.000
7.000 9.000 6.000
11.000 9.000 8.000
13.000 6.000 9.000
14.000 11.000 9.000
17.000 13.000 19.000
11.000 14.000 13.000
20.000 13.000 23.000
26.000 27.000 32.000
15.000 36.000 23.000
31.000 34.000 30.000
24.000 47.000 39.000
