77.000 55.000 63.000
24.000 36.000 36.000
17.000 21.000 14.000
14.000 17.000 23.000
23.000 16.000 18.000
10.000 15.000 10.000
9.000 15.000 12.000
15.000 14.000 15.000
10.000 12.000 9.000
14.000 8.000 13.000
9.000 10.000 8.000
10.000 12.000 8.000
9.000 8.000 15.000
21.000 19.000 19.000
16.000 23.000 18.000
16.000 12.000 17.000
21.000 20.000 14.000
7.000 15.000 8.000
4.000 0.000 5.000
2.000 1.000 2.000
2.000 4.000 5.000
4.000 6.000 2.000
5.000 4.000 5.000
3.000 2.000 3.000
3.000 4.000 1.000
9.000 6.000 7.000
7.000 6.000 7.000
3.000 4.000 5.000
3.000 4.000 7.000
5.000 6.000 4.000
5.000 4.000 2.000
1.000 1.000 2.000
2.000 0.000 1.000
1.000 0.000 2.000
0.000 0.000 1.000
1.000 2.000 2.000
2.000 0.000 1.000
0.000 0.000 1.000
0.000 1.000 0.000
1.000 1.000 1.000
0.000 0.000 1.000
2.000 1.000 3.000
2.000 2.000 1.000
1.000 2.000 1.000
0.000 1.000 0.000
0.000 0.000 0.000
2.000 1.000 0.000
0.000 1.000 1.000
2.000 1.000 1.000
0.000 1.000 0.000
1.000 0.000 0.000
2.000 0.000 2.000
2.000 1.000 2.000
6.000 8.000 15.000
24.000 16.000 23.000
34.000 33.000 35.000
74.000 69.000 64.000
88.000 101.000 85.000
