64.000 75.000 108.000
11.000 24.000 15.000
18.000 29.000 10.000
18.000 22.000 22.000
19.000 21.000 26.000
24.000 14.000 16.000
15.000 20.000 11.000
13.000 19.000 20.000
12.000 14.000 19.000
11.000 10.000 16.000
10.000 10.000 16.000
18.000 10.000 15.000
10.000 11.000 8.000
10.000 9.000 5.000
12.000 12.000 5.000
13.000 7.000 8.000
10.000 13.000 4.000
11.000 14.000 7.000
11.000 10.000 6.000
15.000 7.000 4.000
9.000 13.000 7.000
11.000 7.000 4.000
9.000 9.000 9.000
8.000 9.000 11.000
15.000 12.000 15.000
6.000 7.000 10.000
4.000 13.000 9.000
12.000 13.000 15.000
8.000 9.000 21.000
11.000 12.000 17.000
11.000 6.000 12.000
15.000 11.000 17.000
7.000 9.000 8.000
11.000 1.000 22.000
12.000 4.000 9.000
12.000 2.000 10.000
11.000 4.000 12.000
14.000 4.000 17.000
15.000 4.000 14.000
9.000 8.000 17.000
9.000 10.000 11.000
18.000 9.000 17.000
17.000 9.000 6.000
7.000 9.000 10.000
15.000 10.000 10.000
15.000 15.000 8.000
12.000 18.000 9.000
13.000 16.000 7.000
7.000 22.000 3.000
16.000 18.000 10.000
18.000 14.000 11.000
11.000 13.000 10.000
9.000 22.000 14.000
16.000 21.000 14.000
20.000 25.000 16.000
15.000 16.000 16.000
14.000 26.000 14.000
25.000 30.000 25.000
