65.000 48.000 79.000
4.000 13.000 14.000
11.000 11.000 8.000
6.000 9.000 5.000
9.000 10.000 13.000
7.000 15.000 7.000
11.000 9.000 12.000
10.000 14.000 6.000
6.000 8.000 17.000
10.000 7.000 11.000
10.000 13.000 12.000
8.000 13.000 8.000
10.000 13.000 9.000
8.000 8.000 6.000
8.000 12.000 11.000
16.000 19.000 7.000
16.000 16.000 10.000
10.000 15.000 9.000
14.000 14.000 9.000
16.000 7.000 11.000
16.000 15.000 7.000
12.000 13.000 15.000
17.000 10.000 9.000
14.000 13.000 12.000
8.000 12.000 15.000
9.000 14.000 23.000
15.000 10.000 13.000
14.000 12.000 21.000
15.000 10.000 22.000
9.000 8.000 18.000
17.000 6.000 20.000
19.000 9.000 19.000
15.000 14.000 21.000
18.000 7.000 11.000
16.000 8.000 16.000
19.000 12.000 19.000
23.000 5.000 24.000
24.000 5.000 24.000
20.000 9.000 29.000
18.000 6.000 16.000
15.000 20.000 17.000
16.000 11.000 15.000
15.000 9.000 11.000
25.000 15.000 13.000
14.000 17.000 18.000
13.000 27.000 5.000
23.000 23.000 10.000
14.000 20.000 11.000
18.000 24.000 16.000
20.000 14.000 13.000
14.000 18.000 14.000
21.000 25.000 8.000
15.000 22.000 11.000
16.000 25.000 14.000
15.000 22.000 19.000
10.000 21.000 11.000
11.000 23.000 17.000
10.000 29.000 13.000
