152.000 47.000 107.000
12.000 43.000 32.000
21.000 29.000 19.000
22.000 19.000 18.000
20.000 12.000 14.000
14.000 20.000 21.000
11.000 24.000 13.000
17.000 28.000 16.000
9.000 22.000 19.000
9.000 7.000 13.000
14.000 17.000 14.000
14.000 13.000 18.000
15.000 14.000 10.000
24.000 21.000 13.000
12.000 24.000 24.000
15.000 11.000 14.000
7.000 18.000 7.000
10.000 9.000 14.000
7.000 8.000 8.000
10.000 9.000 5.000
6.000 3.000 5.000
5.000 5.000 11.000
9.000 4.000 5.000
8.000 3.000 8.000
6.000 5.000 6.000
6.000 3.000 5.000
6.000 13.000 5.000
5.000 4.000 8.000
8.000 8.000 7.000
3.000 9.000 4.000
10.000 3.000 8.000
9.000 3.000 7.000
3.000 5.000 7.000
2.000 3.000 6.000
4.000 3.000 3.000
5.000 0.000 4.000
7.000 3.000 3.000
2.000 3.000 3.000
3.000 2.000 2.000
3.000 6.000 3.000
4.000 12.000 2.000
4.000 4.000 2.000
1.000 2.000 2.000
5.000 3.000 2.000
2.000 3.000 3.000
2.000 3.000 4.000
8.000 1.000 3.000
2.000 4.000 4.000
7.000 1.000 4.000
5.000 0.000 1.000
17.000 3.000 13.000
11.000 3.000 9.000
13.000 3.000 9.000
25.000 10.000 16.000
35.000 23.000 19.000
48.000 20.000 35.000
49.000 45.000 47.000
59.000 55.000 52.000
