111.000 77.000 96.000
15.000 39.000 17.000
23.000 37.000 16.000
21.000 23.000 22.000
13.000 18.000 21.000
26.000 26.000 23.000
9.000 23.000 15.000
12.000 19.000 9.000
15.000 15.000 16.000
18.000 11.000 19.000
11.000 8.000 17.000
9.000 14.000 12.000
15.000 16.000 16.000
11.000 8.000 13.000
12.000 12.000 11.000
9.000 11.000 8.000
8.000 10.000 8.000
18.000 16.000 9.000
14.000 9.000 6.000
7.000 8.000 7.000
9.000 8.000 7.000
13.000 5.000 7.000
8.000 9.000 13.000
8.000 7.000 3.000
10.000 5.000 8.000
6.000 12.000 14.000
7.000 8.000 9.000
10.000 10.000 16.000
9.000 13.000 9.000
10.000 11.000 12.000
8.000 5.000 13.000
9.000 8.000 8.000
8.000 5.000 11.000
10.000 4.000 18.000
10.000 3.000 8.000
11.000 5.000 10.000
10.000 7.000 7.000
5.000 1.000 20.000
9.000 4.000 5.000
10.000 14.000 11.000
4.000 7.000 15.000
9.000 13.000 11.000
6.000 6.000 8.000
10.000 7.000 12.000
15.000 9.000 5.000
8.000 10.000 8.000
9.000 6.000 4.000
11.000 7.000 4.000
16.000 14.000 7.000
15.000 9.000 7.000
8.000 8.000 7.000
12.000 16.000 12.000
23.000 17.000 14.000
20.000 17.000 18.000
25.000 23.000 21.000
23.000 27.000 18.000
24.000 29.000 22.000
28.000 27.000 25.000
