87.000 55.000 79.000
9.000 15.000 18.000
19.000 21.000 12.000
13.000 15.000 15.000
14.000 26.000 16.000
7.000 15.000 12.000
3.000 17.000 13.000
11.000 20.000 11.000
7.000 10.000 11.000
8.000 17.000 10.000
5.000 5.000 10.000
8.000 7.000 7.000
7.000 9.000 10.000
5.000 5.000 8.000
6.000 7.000 10.000
4.000 6.000 7.000
11.000 10.000 7.000
14.000 11.000 3.000
5.000 11.000 5.000
15.000 12.000 7.000
7.000 8.000 7.000
7.000 8.000 6.000
6.000 7.000 13.000
8.000 3.000 4.000
7.000 12.000 9.000
10.000 8.000 11.000
13.000 7.000 15.000
11.000 9.000 19.000
8.000 7.000 18.000
10.000 6.000 11.000
8.000 8.000 15.000
7.000 3.000 8.000
4.000 7.000 17.000
6.000 2.000 10.000
9.000 2.000 11.000
12.000 0.000 12.000
10.000 7.000 16.000
14.000 4.000 9.000
10.000 9.000 7.000
11.000 9.000 9.000
15.000 5.000 10.000
12.000 12.000 10.000
12.000 6.000 16.000
12.000 13.000 10.000
9.000 15.000 10.000
13.000 18.000 13.000
16.000 11.000 17.000
20.000 10.000 15.000
15.000 14.000 12.000
18.000 10.000 25.000
18.000 22.000 20.000
17.000 13.000 15.000
22.000 17.000 27.000
18.000 27.000 30.000
16.000 24.000 18.000
27.000 27.000 36.000
19.000 27.000 21.000
16.000 37.000 21.000
