153.000 55.000 88.000
12.000 26.000 22.000
18.000 25.000 20.000
19.000 18.000 29.000
20.000 37.000 23.000
16.000 25.000 25.000
13.000 18.000 19.000
11.000 22.000 20.000
19.000 20.000 17.000
17.000 16.000 15.000
23.000 24.000 11.000
15.000 16.000 12.000
9.000 20.000 19.000
22.000 17.000 19.000
10.000 24.000 15.000
12.000 16.000 17.000
9.000 13.000 16.000
8.000 10.000 9.000
8.000 9.000 5.000
6.000 11.000 11.000
9.000 3.000 4.000
7.000 3.000 6.000
7.000 6.000 4.000
12.000 5.000 2.000
5.000 4.000 8.000
11.000 7.000 8.000
12.000 4.000 4.000
10.000 4.000 6.000
6.000 10.000 9.000
4.000 5.000 8.000
6.000 3.000 4.000
5.000 0.000 5.000
10.000 3.000 13.000
6.000 5.000 4.000
7.000 1.000 7.000
4.000 2.000 8.000
7.000 2.000 4.000
4.000 2.000 2.000
4.000 7.000 6.000
6.000 3.000 1.000
7.000 3.000 3.000
12.000 2.000 3.000
10.000 4.000 4.000
6.000 3.000 2.000
9.000 5.000 3.000
13.000 10.000 3.000
11.000 5.000 5.000
10.000 4.000 2.000
13.000 3.000 9.000
13.000 2.000 8.000
18.000 5.000 9.000
16.000 8.000 17.000
13.000 14.000 8.000
23.000 27.000 20.000
23.000 18.000 29.000
33.000 35.000 28.000
31.000 33.000 35.000
20.000 49.000 36.000
