82.000 107.000 56.000
9.000 35.000 35.000
24.000 30.000 17.000
21.000 28.000 24.000
17.000 7.000 24.000
23.000 22.000 16.000
15.000 20.000 22.000
25.000 15.000 15.000
14.000 14.000 18.000
14.000 16.000 11.000
11.000 11.000 13.000
13.000 11.000 17.000
12.000 10.000 12.000
18.000 19.000 18.000
10.000 19.000 16.000
15.000 22.000 16.000
11.000 13.000 18.000
12.000 8.000 9.000
12.000 10.000 9.000
12.000 8.000 8.000
7.000 3.000 7.000
8.000 8.000 3.000
8.000 5.000 5.000
7.000 5.000 5.000
6.000 10.000 2.000
8.000 3.000 12.000
13.000 11.000 7.000
9.000 8.000 4.000
10.000 8.000 8.000
10.000 4.000 9.000
8.000 8.000 11.000
4.000 2.000 7.000
6.000 8.000 8.000
3.000 4.000 8.000
9.000 2.000 6.000
9.000 2.000 7.000
6.000 6.000 4.000
5.000 2.000 8.000
7.000 4.000 8.000
2.000 5.000 7.000
7.000 7.000 7.000
3.000 1.000 7.000
2.000 3.000 1.000
2.000 2.000 2.000
4.000 0.000 5.000
3.000 3.000 3.000
3.000 0.000 2.000
6.000 2.000 7.000
6.000 2.000 2.000
3.000 4.000 5.000
14.000 6.000 2.000
15.000 4.000 6.000
21.000 12.000 7.000
20.000 17.000 12.000
25.000 22.000 28.000
30.000 36.000 27.000
33.000 46.000 24.000
33.000 49.000 55.000
