82.000 55.000 65.000
5.000 12.000 10.000
14.000 9.000 7.000
2.000 17.000 14.000
7.000 13.000 10.000
8.000 9.000 4.000
5.000 15.000 9.000
6.000 8.000 10.000
5.000 9.000 11.000
3.000 15.000 7.000
9.000 15.000 6.000
13.000 13.000 8.000
11.000 10.000 11.000
6.000 9.000 9.000
10.000 14.000 7.000
9.000 16.000 8.000
5.000 5.000 8.000
9.000 13.000 3.000
8.000 10.000 5.000
12.000 9.000 11.000
10.000 13.000 7.000
11.000 10.000 11.000
11.000 13.000 9.000
13.000 10.000 8.000
17.000 5.000 13.000
18.000 5.000 10.000
17.000 12.000 18.000
17.000 10.000 13.000
11.000 7.000 19.000
15.000 6.000 24.000
14.000 4.000 23.000
17.000 4.000 17.000
12.000 7.000 14.000
14.000 2.000 26.000
14.000 6.000 15.000
16.000 8.000 17.000
15.000 8.000 15.000
9.000 9.000 18.000
13.000 4.000 13.000
17.000 6.000 14.000
16.000 8.000 14.000
14.000 11.000 9.000
18.000 16.000 20.000
13.000 15.000 13.000
18.000 20.000 18.000
20.000 14.000 7.000
15.000 19.000 9.000
18.000 15.000 15.000
19.000 19.000 18.000
12.000 10.000 13.000
24.000 23.000 11.000
17.000 14.000 11.000
21.000 27.000 19.000
27.000 15.000 16.000
19.000 39.000 25.000
16.000 16.000 13.000
22.000 25.000 20.000
12.000 34.000 23.000
