73.000 54.000 78.000
7.000 20.000 25.000
15.000 29.000 16.000
12.000 19.000 20.000
10.000 21.000 19.000
18.000 18.000 10.000
15.000 10.000 13.000
14.000 15.000 19.000
11.000 18.000 15.000
16.000 14.000 13.000
18.000 13.000 15.000
22.000 19.000 11.000
11.000 18.000 13.000
17.000 23.000 19.000
19.000 15.000 17.000
19.000 19.000 11.000
9.000 16.000 11.000
15.000 20.000 12.000
6.000 17.000 13.000
17.000 8.000 10.000
9.000 10.000 8.000
8.000 12.000 9.000
8.000 11.000 6.000
10.000 12.000 12.000
9.000 7.000 9.000
12.000 6.000 5.000
15.000 12.000 9.000
7.000 10.000 12.000
6.000 9.000 14.000
13.000 6.000 13.000
8.000 9.000 13.000
11.000 5.000 9.000
9.000 5.000 8.000
8.000 5.000 10.000
11.000 3.000 11.000
10.000 2.000 11.000
4.000 2.000 15.000
15.000 6.000 11.000
3.000 3.000 9.000
7.000 3.000 14.000
4.000 5.000 13.000
8.000 9.000 9.000
9.000 11.000 8.000
3.000 6.000 5.000
12.000 12.000 4.000
12.000 6.000 5.000
11.000 9.000 7.000
13.000 8.000 6.000
13.000 11.000 10.000
11.000 15.000 7.000
12.000 10.000 9.000
16.000 7.000 13.000
15.000 11.000 10.000
21.000 20.000 20.000
19.000 25.000 17.000
26.000 32.000 13.000
23.000 42.000 21.000
25.000 30.000 34.000
