97.000 63.000 126.000
14.000 31.000 21.000
16.000 24.000 25.000
11.000 28.000 31.000
19.000 20.000 22.000
21.000 28.000 18.000
16.000 22.000 26.000
19.000 23.000 31.000
11.000 20.000 17.000
19.000 14.000 13.000
9.000 12.000 18.000
29.000 18.000 18.000
22.000 23.000 16.000
12.000 25.000 9.000
15.000 13.000 15.000
10.000 9.000 12.000
12.000 20.000 14.000
13.000 6.000 9.000
12.000 16.000 14.000
12.000 10.000 14.000
11.000 3.000 4.000
7.000 8.000 4.000
4.000 5.000 8.000
10.000 15.000 12.000
10.000 7.000 9.000
9.000 10.000 6.000
7.000 8.000 11.000
7.000 5.000 12.000
12.000 8.000 9.000
11.000 6.000 10.000
7.000 6.000 5.000
8.000 5.000 11.000
6.000 10.000 12.000
8.000 7.000 14.000
10.000 1.000 3.000
15.000 6.000 11.000
9.000 2.000 8.000
9.000 3.000 8.000
9.000 5.000 5.000
12.000 6.000 1.000
7.000 6.000 8.000
6.000 8.000 11.000
8.000 10.000 6.000
14.000 11.000 6.000
7.000 7.000 4.000
6.000 12.000 3.000
7.000 13.000 5.000
13.000 11.000 4.000
7.000 12.000 7.000
13.000 14.000 6.000
13.000 7.000 9.000
15.000 8.000 4.000
13.000 10.000 7.000
19.000 14.000 14.000
15.000 9.000 16.000
16.000 21.000 28.000
30.000 32.000 29.000
16.000 32.000 19.000
