73.000 79.000 68.000
12.000 19.000 23.000
14.000 21.000 14.000
9.000 26.000 17.000
7.000 19.000 22.000
27.000 14.000 11.000
13.000 29.000 15.000
12.000 13.000 21.000
11.000 17.000 18.000
12.000 15.000 7.000
15.000 18.000 26.000
13.000 22.000 12.000
18.000 24.000 17.000
13.000 12.000 14.000
14.000 15.000 13.000
10.000 15.000 14.000
6.000 10.000 13.000
13.000 7.000 6.000
9.000 11.000 10.000
13.000 14.000 6.000
11.000 12.000 6.000
9.000 11.000 8.000
12.000 7.000 6.000
12.000 5.000 11.000
13.000 9.000 7.000
12.000 11.000 8.000
11.000 9.000 11.000
14.000 7.000 9.000
11.000 10.000 12.000
5.000 11.000 10.000
13.000 5.000 11.000
9.000 5.000 12.000
11.000 5.000 11.000
16.000 7.000 11.000
14.000 3.000 13.000
14.000 4.000 15.000
10.000 1.000 8.000
7.000 4.000 6.000
11.000 6.000 9.000
9.000 3.000 10.000
9.000 6.000 13.000
7.000 10.000 8.000
6.000 7.000 8.000
6.000 7.000 6.000
8.000 5.000 5.000
9.000 7.000 14.000
7.000 11.000 7.000
12.000 6.000 3.000
14.000 13.000 10.000
13.000 9.000 11.000
20.000 8.000 11.000
17.000 11.000 9.000
13.000 20.000 8.000
15.000 18.000 23.000
24.000 26.000 11.000
24.000 24.000 15.000
23.000 39.000 36.000
12.000 44.000 27.000
