70.000 50.000 74.000
10.000 28.000 20.000
20.000 12.000 10.000
16.000 17.000 20.000
13.000 21.000 16.000
13.000 20.000 11.000
11.000 20.000 20.000
14.000 22.000 10.000
11.000 10.000 11.000
10.000 13.000 13.000
9.000 13.000 14.000
21.000 17.000 8.000
5.000 15.000 13.000
8.000 15.000 13.000
10.000 2.000 6.000
14.000 13.000 13.000
6.000 18.000 8.000
7.000 16.000 6.000
7.000 10.000 12.000
9.000 2.000 6.000
7.000 4.000 8.000
8.000 4.000 8.000
11.000 4.000 5.000
5.000 6.000 4.000
8.000 5.000 3.000
8.000 7.000 3.000
5.000 6.000 9.000
14.000 11.000 11.000
7.000 9.000 9.000
11.000 9.000 11.000
5.000 6.000 8.000
4.000 5.000 7.000
6.000 3.000 9.000
11.000 2.000 5.000
7.000 1.000 11.000
9.000 4.000 6.000
5.000 2.000 8.000
2.000 4.000 3.000
5.000 3.000 5.000
2.000 2.000 8.000
3.000 8.000 5.000
6.000 1.000 4.000
8.000 4.000 3.000
8.000 3.000 8.000
10.000 3.000 6.000
6.000 10.000 5.000
8.000 6.000 5.000
15.000 6.000 8.000
13.000 7.000 6.000
14.000 6.000 6.000
12.000 6.000 9.000
17.000 10.000 10.000
10.000 18.000 10.000
25.000 16.000 20.000
19.000 28.000 35.000
24.000 35.000 47.000
32.000 56.000 47.000
24.000 78.000 37.000
