48.000 57.000 63.000
6.000 20.000 18.000
10.000 19.000 8.000
7.000 16.000 15.000
19.000 19.000 24.000
18.000 13.000 18.000
6.000 17.000 17.000
12.000 9.000 12.000
9.000 10.000 14.000
19.000 10.000 7.000
8.000 10.000 9.000
8.000 11.000 5.000
8.000 7.000 5.000
1.000 6.000 9.000
6.000 12.000 7.000
9.000 6.000 10.000
10.000 12.000 8.000
6.000 2.000 3.000
12.000 9.000 9.000
6.000 9.000 7.000
9.000 6.000 7.000
6.000 5.000 9.000
7.000 12.000 6.000
6.000 8.000 10.000
9.000 6.000 7.000
6.000 6.000 9.000
6.000 7.000 7.000
9.000 11.000 10.000
10.000 6.000 17.000
7.000 8.000 14.000
11.000 15.000 12.000
8.000 9.000 12.000
12.000 8.000 18.000
9.000 7.000 17.000
8.000 6.000 21.000
10.000 8.000 20.000
8.000 7.000 7.000
11.000 10.000 15.000
13.000 8.000 15.000
10.000 7.000 7.000
8.000 8.000 16.000
8.000 8.000 14.000
12.000 13.000 9.000
12.000 4.000 11.000
9.000 5.000 12.000
6.000 13.000 9.000
11.000 11.000 8.000
11.000 21.000 10.000
16.000 9.000 13.000
10.000 18.000 18.000
20.000 11.000 17.000
14.000 24.000 18.000
18.000 20.000 20.000
22.000 31.000 18.000
31.000 21.000 21.000
26.000 34.000 19.000
27.000 30.000 31.000
14.000 33.000 26.000
