193.000 100.000 147.000
21.000 31.000 29.000
24.000 27.000 22.000
16.000 27.000 22.000
15.000 31.000 28.000
26.000 30.000 29.000
16.000 27.000 20.000
24.000 41.000 18.000
17.000 25.000 24.000
15.000 29.000 11.000
14.000 21.000 20.000
11.000 15.000 16.000
12.000 15.000 17.000
15.000 17.000 12.000
12.000 10.000 16.000
8.000 12.000 12.000
14.000 10.000 7.000
8.000 7.000 8.000
9.000 11.000 8.000
8.000 12.000 5.000
5.000 3.000 6.000
8.000 5.000 6.000
8.000 6.000 8.000
10.000 5.000 5.000
7.000 5.000 7.000
15.000 9.000 15.000
11.000 3.000 8.000
12.000 2.000 12.000
3.000 3.000 11.000
6.000 4.000 15.000
11.000 4.000 10.000
8.000 4.000 8.000
7.000 1.000 6.000
12.000 2.000 12.000
3.000 5.000 7.000
10.000 2.000 8.000
8.000 1.000 1.000
6.000 5.000 5.000
13.000 3.000 5.000
6.000 4.000 6.000
6.000 6.000 3.000
3.000 7.000 6.000
4.000 8.000 5.000
5.000 4.000 2.000
8.000 7.000 4.000
6.000 10.000 5.000
5.000 6.000 7.000
11.000 10.000 6.000
13.000 9.000 3.000
12.000 8.000 3.000
11.000 13.000 7.000
8.000 15.000 17.000
11.000 9.000 12.000
13.000 19.000 13.000
19.000 27.000 14.000
17.000 32.000 17.000
10.000 31.000 23.000
17.000 20.000 19.000
