81.000 90.000 90.000
15.000 53.000 36.000
35.000 27.000 25.000
11.000 30.000 30.000
31.000 16.000 21.000
27.000 18.000 28.000
20.000 15.000 13.000
19.000 17.000 18.000
19.000 13.000 21.000
14.000 10.000 15.000
15.000 12.000 9.000
16.000 12.000 8.000
13.000 18.000 20.000
22.000 24.000 23.000
8.000 22.000 20.000
14.000 22.000 23.000
16.000 14.000 16.000
15.000 15.000 10.000
10.000 10.000 13.000
6.000 6.000 5.000
8.000 4.000 6.000
10.000 3.000 6.000
11.000 6.000 4.000
13.000 3.000 1.000
2.000 7.000 7.000
8.000 9.000 3.000
4.000 7.000 10.000
8.000 12.000 13.000
5.000 10.000 9.000
5.000 5.000 6.000
8.000 6.000 9.000
4.000 2.000 5.000
9.000 3.000 6.000
5.000 2.000 2.000
5.000 3.000 2.000
5.000 2.000 4.000
4.000 1.000 2.000
0.000 3.000 1.000
5.000 2.000 6.000
3.000 3.000 3.000
4.000 2.000 2.000
3.000 0.000 5.000
7.000 6.000 1.000
4.000 2.000 7.000
6.000 0.000 5.000
8.000 1.000 2.000
6.000 8.000 4.000
6.000 2.000 2.000
8.000 1.000 4.000
8.000 4.000 4.000
8.000 6.000 2.000
12.000 1.000 8.000
13.000 11.000 12.000
11.000 13.000 14.000
26.000 22.000 23.000
31.000 31.000 37.000
25.000 54.000 38.000
33.000 50.000 44.000
