109.000 82.000 101.000
11.000 25.000 30.000
27.000 28.000 19.000
16.000 31.000 15.000
19.000 13.000 25.000
17.000 23.000 22.000
15.000 30.000 17.000
16.000 23.000 25.000
15.000 22.000 21.000
19.000 8.000 12.000
16.000 5.000 13.000
10.000 10.000 14.000
11.000 15.000 14.000
15.000 15.000 14.000
16.000 15.000 7.000
13.000 8.000 8.000
10.000 15.000 11.000
10.000 6.000 8.000
6.000 7.000 5.000
5.000 8.000 3.000
12.000 6.000 3.000
7.000 10.000 1.000
5.000 7.000 3.000
7.000 7.000 3.000
7.000 9.000 7.000
8.000 12.000 7.000
5.000 6.000 9.000
7.000 8.000 10.000
9.000 6.000 15.000
9.000 7.000 11.000
11.000 2.000 12.000
11.000 4.000 6.000
4.000 4.000 10.000
6.000 4.000 9.000
6.000 1.000 13.000
4.000 1.000 8.000
7.000 1.000 9.000
2.000 1.000 12.000
8.000 8.000 7.000
11.000 3.000 9.000
6.000 9.000 9.000
8.000 9.000 5.000
12.000 4.000 5.000
12.000 11.000 2.000
4.000 10.000 3.000
5.000 9.000 4.000
7.000 12.000 5.000
10.000 10.000 6.000
11.000 3.000 6.000
11.000 5.000 6.000
8.000 8.000 11.000
15.000 11.000 14.000
15.000 11.000 16.000
22.000 13.000 16.000
30.000 20.000 18.000
27.000 37.000 29.000
23.000 37.000 35.000
29.000 43.000 30.000
