89.000 70.000 58.000
7.000 24.000 22.000
8.000 20.000 21.000
12.000 20.000 22.000
14.000 18.000 23.000
15.000 17.000 8.000
6.000 17.000 15.000
9.000 13.000 10.000
6.000 10.000 13.000
6.000 10.000 16.000
10.000 8.000 17.000
19.000 9.000 21.000
12.000 11.000 13.000
7.000 15.000 7.000
13.000 8.000 14.000
12.000 15.000 8.000
8.000 10.000 8.000
8.000 8.000 6.000
8.000 6.000 4.000
8.000 8.000 8.000
8.000 8.000 5.000
9.000 6.000 7.000
11.000 8.000 5.000
14.000 9.000 3.000
16.000 4.000 6.000
13.000 10.000 3.000
11.000 11.000 6.000
9.000 13.000 11.000
9.000 7.000 6.000
15.000 8.000 10.000
8.000 9.000 15.000
8.000 6.000 8.000
22.000 3.000 6.000
11.000 6.000 10.000
8.000 4.000 8.000
10.000 4.000 10.000
9.000 1.000 4.000
12.000 5.000 10.000
12.000 3.000 15.000
8.000 2.000 8.000
15.000 2.000 5.000
18.000 8.000 8.000
15.000 10.000 6.000
14.000 6.000 10.000
12.000 9.000 5.000
23.000 5.000 8.000
12.000 5.000 5.000
14.000 7.000 6.000
10.000 8.000 4.000
8.000 14.000 12.000
18.000 8.000 15.000
17.000 14.000 15.000
16.000 19.000 18.000
18.000 23.000 26.000
21.000 33.000 26.000
6.000 41.000 29.000
19.000 49.000 35.000
18.000 49.000 37.000
