94.000 59.000 96.000
10.000 21.000 21.000
18.000 26.000 19.000
14.000 20.000 25.000
16.000 30.000 22.000
18.000 28.000 10.000
14.000 14.000 18.000
14.000 13.000 13.000
7.000 8.000 8.000
14.000 12.000 7.000
8.000 8.000 14.000
13.000 11.000 8.000
9.000 5.000 8.000
10.000 9.000 11.000
7.000 12.000 4.000
7.000 3.000 6.000
7.000 11.000 10.000
9.000 7.000 5.000
6.000 12.000 9.000
7.000 10.000 5.000
6.000 7.000 1.000
8.000 9.000 5.000
5.000 5.000 10.000
8.000 5.000 5.000
3.000 4.000 10.000
15.000 8.000 14.000
12.000 13.000 16.000
7.000 6.000 7.000
8.000 13.000 7.000
5.000 5.000 10.000
6.000 7.000 10.000
9.000 11.000 11.000
10.000 6.000 9.000
8.000 4.000 6.000
6.000 5.000 13.000
8.000 2.000 14.000
9.000 3.000 14.000
9.000 0.000 9.000
12.000 8.000 9.000
8.000 5.000 8.000
8.000 0.000 6.000
13.000 10.000 9.000
9.000 6.000 5.000
9.000 11.000 2.000
7.000 7.000 5.000
13.000 9.000 7.000
9.000 16.000 7.000
10.000 7.000 7.000
12.000 6.000 7.000
12.000 11.000 5.000
15.000 7.000 17.000
20.000 9.000 21.000
23.000 8.000 25.000
20.000 25.000 19.000
25.000 20.000 29.000
34.000 32.000 35.000
24.000 36.000 39.000
30.000 46.000 38.000
