130.000 54.000 108.000
11.000 17.000 19.000
18.000 28.000 11.000
18.000 27.000 31.000
16.000 31.000 22.000
19.000 31.000 18.000
10.000 26.000 21.000
17.000 13.000 29.000
11.000 19.000 14.000
18.000 12.000 15.000
13.000 9.000 7.000
16.000 19.000 17.000
9.000 17.000 13.000
9.000 14.000 12.000
6.000 17.000 9.000
8.000 10.000 13.000
14.000 10.000 11.000
9.000 8.000 8.000
13.000 22.000 9.000
8.000 5.000 8.000
14.000 9.000 7.000
5.000 7.000 10.000
9.000 7.000 11.000
10.000 10.000 3.000
8.000 9.000 3.000
6.000 6.000 12.000
17.000 14.000 14.000
8.000 7.000 7.000
14.000 5.000 13.000
9.000 5.000 7.000
7.000 6.000 8.000
15.000 1.000 6.000
12.000 4.000 7.000
10.000 6.000 7.000
17.000 3.000 8.000
5.000 6.000 6.000
4.000 4.000 7.000
7.000 6.000 7.000
10.000 6.000 10.000
4.000 6.000 10.000
12.000 4.000 7.000
16.000 7.000 3.000
9.000 9.000 7.000
10.000 7.000 4.000
3.000 7.000 4.000
9.000 8.000 5.000
10.000 7.000 5.000
15.000 8.000 9.000
11.000 8.000 7.000
14.000 10.000 8.000
16.000 12.000 12.000
15.000 7.000 14.000
15.000 16.000 17.000
12.000 18.000 18.000
27.000 19.000 17.000
19.000 31.000 16.000
27.000 42.000 32.000
25.000 36.000 36.000
