83.000 53.000 75.000
4.000 9.000 14.000
8.000 16.000 6.000
10.000 11.000 9.000
10.000 21.000 11.000
11.000 16.000 14.000
4.000 13.000 14.000
6.000 10.000 5.000
9.000 8.000 6.000
14.000 13.000 10.000
7.000 12.000 8.000
16.000 8.000 3.000
10.000 17.000 4.000
10.000 16.000 5.000
11.000 14.000 12.000
6.000 17.000 6.000
16.000 10.000 5.000
8.000 18.000 13.000
7.000 12.000 8.000
8.000 15.000 8.000
13.000 11.000 11.000
17.000 11.000 9.000
14.000 13.000 15.000
7.000 12.000 8.000
12.000 10.000 8.000
12.000 11.000 16.000
9.000 15.000 16.000
10.000 4.000 18.000
14.000 7.000 19.000
13.000 7.000 19.000
12.000 6.000 29.000
15.000 7.000 16.000
16.000 5.000 14.000
17.000 6.000 24.000
19.000 8.000 18.000
18.000 3.000 14.000
17.000 12.000 18.000
10.000 8.000 9.000
15.000 9.000 18.000
22.000 15.000 25.000
12.000 15.000 20.000
9.000 11.000 14.000
16.000 9.000 14.000
14.000 17.000 10.000
23.000 12.000 11.000
11.000 17.000 6.000
19.000 24.000 10.000
15.000 23.000 14.000
16.000 23.000 10.000
19.000 21.000 20.000
25.000 22.000 12.000
18.000 21.000 12.000
10.000 16.000 24.000
13.000 18.000 16.000
20.000 17.000 13.000
15.000 20.000 19.000
10.000 21.000 20.000
17.000 24.000 17.000
