81.000 100.000 69.000
10.000 23.000 22.000
22.000 30.000 15.000
9.000 16.000 21.000
24.000 30.000 22.000
22.000 16.000 12.000
11.000 11.000 21.000
21.000 15.000 13.000
14.000 10.000 16.000
17.000 9.000 16.000
15.000 8.000 14.000
7.000 11.000 10.000
8.000 10.000 12.000
11.000 13.000 11.000
15.000 10.000 14.000
5.000 10.000 11.000
12.000 8.000 16.000
10.000 6.000 10.000
7.000 10.000 5.000
2.000 9.000 6.000
9.000 11.000 6.000
10.000 5.000 11.000
9.000 4.000 6.000
13.000 10.000 5.000
7.000 12.000 6.000
8.000 10.000 9.000
2.000 9.000 8.000
8.000 9.000 9.000
12.000 9.000 10.000
10.000 8.000 9.000
9.000 5.000 11.000
8.000 8.000 10.000
5.000 3.000 14.000
7.000 5.000 14.000
8.000 5.000 11.000
8.000 6.000 9.000
4.000 2.000 13.000
5.000 3.000 15.000
7.000 9.000 10.000
8.000 2.000 6.000
6.000 8.000 8.000
9.000 3.000 5.000
10.000 6.000 5.000
10.000 4.000 10.000
15.000 7.000 2.000
10.000 9.000 8.000
7.000 6.000 2.000
14.000 9.000 3.000
12.000 7.000 5.000
6.000 12.000 7.000
13.000 8.000 7.000
16.000 9.000 16.000
15.000 15.000 15.000
20.000 22.000 16.000
17.000 25.000 14.000
22.000 37.000 26.000
21.000 46.000 27.000
25.000 45.000 37.000
