62.000 41.000 89.000
4.000 15.000 18.000
17.000 24.000 6.000
12.000 18.000 17.000
19.000 23.000 13.000
12.000 18.000 10.000
16.000 15.000 14.000
18.000 20.000 11.000
14.000 16.000 6.000
19.000 12.000 14.000
10.000 13.000 11.000
13.000 17.000 4.000
9.000 14.000 11.000
15.000 24.000 10.000
9.000 15.000 12.000
8.000 11.000 12.000
12.000 17.000 8.000
16.000 19.000 10.000
8.000 15.000 8.000
11.000 19.000 6.000
10.000 15.000 8.000
17.000 12.000 12.000
8.000 9.000 5.000
5.000 17.000 9.000
13.000 9.000 14.000
8.000 9.000 12.000
3.000 7.000 15.000
14.000 15.000 15.000
15.000 2.000 11.000
8.000 9.000 15.000
14.000 9.000 11.000
16.000 8.000 22.000
15.000 6.000 18.000
18.000 8.000 20.000
18.000 8.000 18.000
17.000 4.000 26.000
16.000 8.000 24.000
18.000 4.000 10.000
13.000 7.000 17.000
10.000 10.000 10.000
17.000 11.000 15.000
13.000 10.000 16.000
11.000 14.000 15.000
18.000 18.000 17.000
17.000 13.000 14.000
20.000 16.000 9.000
18.000 13.000 14.000
15.000 24.000 15.000
13.000 20.000 12.000
13.000 21.000 13.000
10.000 18.000 12.000
13.000 15.000 13.000
21.000 17.000 17.000
17.000 21.000 13.000
13.000 15.000 15.000
17.000 24.000 16.000
16.000 19.000 16.000
18.000 22.000 13.000
