99.000 65.000 64.000
9.000 15.000 14.000
9.000 25.000 5.000
10.000 13.000 9.000
12.000 17.000 19.000
15.000 7.000 13.000
9.000 12.000 12.000
6.000 14.000 10.000
6.000 16.000 10.000
13.000 12.000 14.000
6.000 18.000 12.000
15.000 17.000 17.000
13.000 16.000 9.000
15.000 15.000 7.000
11.000 20.000 9.000
13.000 17.000 16.000
15.000 18.000 10.000
13.000 24.000 14.000
16.000 15.000 6.000
10.000 17.000 10.000
13.000 17.000 9.000
9.000 8.000 11.000
14.000 23.000 5.000
7.000 10.000 9.000
16.000 8.000 8.000
13.000 13.000 9.000
12.000 10.000 14.000
21.000 10.000 10.000
17.000 11.000 13.000
15.000 11.000 7.000
13.000 8.000 20.000
17.000 5.000 15.000
21.000 4.000 23.000
20.000 3.000 11.000
11.000 6.000 23.000
14.000 1.000 24.000
18.000 7.000 17.000
11.000 9.000 20.000
12.000 9.000 9.000
19.000 3.000 19.000
11.000 13.000 13.000
9.000 8.000 15.000
8.000 15.000 23.000
15.000 12.000 8.000
20.000 8.000 6.000
18.000 14.000 17.000
18.000 12.000 13.000
16.000 23.000 11.000
10.000 18.000 13.000
10.000 12.000 9.000
11.000 18.000 10.000
15.000 19.000 7.000
9.000 15.000 14.000
9.000 30.000 11.000
11.000 25.000 13.000
8.000 17.000 15.000
12.000 31.000 21.000
13.000 19.000 18.000
