66.000 67.000 63.000
11.000 35.000 22.000
21.000 29.000 9.000
8.000 20.000 14.000
12.000 17.000 21.000
12.000 13.000 10.000
13.000 12.000 15.000
15.000 13.000 9.000
10.000 12.000 20.000
17.000 8.000 10.000
9.000 14.000 11.000
16.000 17.000 10.000
12.000 17.000 9.000
13.000 20.000 13.000
11.000 15.000 17.000
15.000 12.000 13.000
8.000 13.000 13.000
12.000 12.000 13.000
11.000 9.000 8.000
9.000 17.000 12.000
14.000 11.000 12.000
11.000 12.000 12.000
10.000 12.000 3.000
11.000 9.000 4.000
9.000 6.000 10.000
9.000 9.000 6.000
8.000 10.000 12.000
8.000 8.000 13.000
16.000 10.000 11.000
12.000 9.000 12.000
8.000 5.000 8.000
8.000 5.000 10.000
9.000 5.000 10.000
12.000 9.000 17.000
13.000 8.000 7.000
15.000 2.000 13.000
14.000 6.000 14.000
9.000 5.000 7.000
6.000 3.000 11.000
9.000 3.000 13.000
17.000 8.000 14.000
11.000 6.000 7.000
9.000 6.000 10.000
10.000 6.000 10.000
12.000 4.000 7.000
8.000 9.000 10.000
13.000 5.000 14.000
11.000 5.000 8.000
15.000 8.000 10.000
16.000 16.000 8.000
15.000 16.000 11.000
18.000 14.000 11.000
15.000 14.000 18.000
29.000 21.000 16.000
20.000 30.000 21.000
18.000 30.000 26.000
21.000 36.000 31.000
22.000 50.000 26.000
