87.000 57.000 93.000
7.000 30.000 16.000
12.000 17.000 15.000
14.000 26.000 16.000
17.000 18.000 19.000
12.000 19.000 17.000
11.000 21.000 18.000
13.000 20.000 22.000
12.000 15.000 20.000
14.000 10.000 9.000
10.000 16.000 15.000
18.000 17.000 13.000
15.000 12.000 13.000
11.000 12.000 13.000
14.000 21.000 10.000
13.000 15.000 13.000
17.000 7.000 8.000
4.000 14.000 10.000
3.000 8.000 13.000
10.000 8.000 8.000
14.000 6.000 7.000
11.000 13.000 8.000
7.000 4.000 5.000
11.000 6.000 15.000
15.000 7.000 2.000
15.000 4.000 9.000
13.000 8.000 7.000
10.000 8.000 6.000
15.000 10.000 10.000
14.000 7.000 10.000
6.000 8.000 13.000
6.000 4.000 6.000
17.000 11.000 6.000
13.000 6.000 10.000
9.000 3.000 13.000
10.000 5.000 11.000
4.000 8.000 11.000
8.000 7.000 8.000
11.000 10.000 8.000
10.000 6.000 5.000
6.000 8.000 8.000
9.000 2.000 5.000
10.000 6.000 14.000
21.000 10.000 10.000
13.000 9.000 9.000
20.000 8.000 7.000
10.000 12.000 6.000
10.000 6.000 5.000
14.000 5.000 13.000
14.000 10.000 7.000
11.000 10.000 12.000
17.000 13.000 15.000
26.000 9.000 18.000
19.000 23.000 18.000
22.000 33.000 30.000
17.000 32.000 36.000
20.000 42.000 28.000
13.000 30.000 36.000
