96.000 47.000 75.000
9.000 21.000 21.000
17.000 22.000 12.000
14.000 22.000 15.000
15.000 21.000 15.000
12.000 20.000 13.000
11.000 22.000 16.000
7.000 13.000 12.000
6.000 13.000 12.000
14.000 6.000 17.000
11.000 15.000 15.000
11.000 12.000 15.000
7.000 17.000 9.000
4.000 17.000 9.000
13.000 10.000 12.000
9.000 15.000 9.000
7.000 12.000 6.000
7.000 11.000 9.000
12.000 11.000 3.000
8.000 10.000 6.000
10.000 9.000 3.000
13.000 4.000 6.000
5.000 11.000 6.000
11.000 7.000 8.000
10.000 7.000 13.000
6.000 11.000 9.000
13.000 10.000 4.000
6.000 9.000 9.000
9.000 7.000 9.000
14.000 7.000 10.000
8.000 8.000 11.000
11.000 6.000 9.000
10.000 6.000 11.000
17.000 4.000 10.000
9.000 1.000 15.000
10.000 5.000 8.000
6.000 4.000 8.000
14.000 2.000 19.000
11.000 6.000 13.000
8.000 6.000 16.000
14.000 10.000 8.000
15.000 7.000 8.000
6.000 6.000 5.000
13.000 12.000 3.000
9.000 10.000 9.000
12.000 9.000 11.000
19.000 8.000 7.000
10.000 9.000 9.000
10.000 10.000 7.000
20.000 16.000 13.000
17.000 13.000 13.000
12.000 11.000 15.000
18.000 24.000 20.000
16.000 19.000 12.000
15.000 21.000 22.000
17.000 28.000 32.000
28.000 40.000 33.000
22.000 46.000 35.000
