70.000 82.000 63.000
15.000 26.000 46.000
19.000 32.000 16.000
14.000 24.000 20.000
30.000 16.000 27.000
20.000 23.000 19.000
13.000 21.000 19.000
22.000 15.000 22.000
13.000 14.000 21.000
19.000 12.000 15.000
21.000 11.000 9.000
14.000 15.000 14.000
18.000 24.000 9.000
11.000 13.000 18.000
12.000 19.000 18.000
13.000 13.000 15.000
15.000 12.000 9.000
12.000 12.000 12.000
7.000 8.000 12.000
11.000 7.000 6.000
4.000 6.000 0.000
6.000 6.000 4.000
11.000 4.000 6.000
5.000 5.000 10.000
5.000 10.000 9.000
11.000 14.000 2.000
9.000 8.000 7.000
7.000 13.000 13.000
8.000 5.000 6.000
7.000 6.000 8.000
7.000 3.000 9.000
6.000 2.000 2.000
11.000 4.000 6.000
4.000 4.000 11.000
5.000 4.000 8.000
9.000 2.000 9.000
9.000 5.000 8.000
6.000 3.000 8.000
6.000 5.000 5.000
5.000 2.000 6.000
4.000 4.000 9.000
4.000 4.000 2.000
6.000 6.000 3.000
2.000 4.000 4.000
9.000 5.000 6.000
12.000 10.000 8.000
6.000 3.000 5.000
6.000 5.000 3.000
10.000 3.000 1.000
9.000 6.000 6.000
8.000 7.000 10.000
15.000 7.000 11.000
13.000 8.000 14.000
17.000 12.000 20.000
34.000 17.000 38.000
21.000 29.000 28.000
30.000 32.000 36.000
30.000 55.000 36.000
