71.000 74.000 81.000
27.000 38.000 28.000
47.000 19.000 20.000
26.000 34.000 28.000
23.000 24.000 26.000
25.000 15.000 18.000
17.000 21.000 19.000
17.000 13.000 18.000
18.000 19.000 19.000
22.000 11.000 15.000
9.000 10.000 14.000
15.000 11.000 13.000
29.000 21.000 20.000
17.000 21.000 20.000
21.000 30.000 30.000
11.000 20.000 20.000
13.000 20.000 11.000
9.000 19.000 14.000
5.000 10.000 8.000
7.000 2.000 2.000
5.000 2.000 6.000
1.000 3.000 3.000
1.000 3.000 2.000
8.000 4.000 3.000
7.000 3.000 7.000
3.000 5.000 4.000
6.000 9.000 4.000
10.000 7.000 5.000
4.000 9.000 9.000
4.000 6.000 6.000
7.000 6.000 4.000
3.000 5.000 6.000
4.000 1.000 5.000
4.000 2.000 4.000
1.000 1.000 5.000
6.000 1.000 5.000
2.000 0.000 1.000
7.000 2.000 7.000
2.000 2.000 5.000
2.000 2.000 4.000
3.000 6.000 3.000
3.000 1.000 6.000
3.000 3.000 3.000
4.000 5.000 1.000
1.000 4.000 1.000
1.000 2.000 3.000
5.000 2.000 1.000
2.000 3.000 0.000
3.000 1.000 4.000
3.000 5.000 1.000
2.000 2.000 5.000
7.000 2.000 4.000
6.000 4.000 4.000
10.000 11.000 14.000
21.000 15.000 18.000
40.000 38.000 21.000
60.000 48.000 43.000
54.000 51.000 41.000
