61.000 87.000 69.000
4.000 26.000 19.000
18.000 20.000 17.000
12.000 24.000 23.000
19.000 18.000 21.000
22.000 19.000 12.000
10.000 17.000 18.000
16.000 16.000 11.000
10.000 19.000 22.000
17.000 10.000 15.000
4.000 14.000 9.000
12.000 9.000 12.000
11.000 11.000 20.000
5.000 14.000 7.000
9.000 19.000 12.000
10.000 11.000 12.000
9.000 18.000 12.000
8.000 15.000 9.000
12.000 15.000 13.000
13.000 12.000 9.000
6.000 10.000 13.000
12.000 7.000 9.000
13.000 17.000 4.000
14.000 12.000 10.000
13.000 12.000 9.000
17.000 17.000 6.000
11.000 12.000 10.000
15.000 9.000 10.000
16.000 11.000 8.000
13.000 9.000 14.000
9.000 8.000 13.000
9.000 5.000 17.000
10.000 8.000 13.000
17.000 4.000 14.000
9.000 9.000 20.000
8.000 5.000 12.000
19.000 13.000 17.000
14.000 12.000 17.000
12.000 7.000 17.000
14.000 10.000 14.000
10.000 9.000 20.000
17.000 6.000 17.000
11.000 9.000 16.000
22.000 11.000 10.000
17.000 8.000 13.000
16.000 15.000 10.000
16.000 10.000 6.000
15.000 8.000 7.000
17.000 13.000 12.000
18.000 8.000 4.000
15.000 14.000 13.000
15.000 13.000 14.000
13.000 16.000 9.000
18.000 25.000 12.000
26.000 23.000 14.000
10.000 23.000 32.000
8.000 23.000 17.000
11.000 37.000 24.000
