107.000 65.000 65.000
8.000 27.000 29.000
22.000 26.000 17.000
14.000 21.000 25.000
14.000 21.000 13.000
18.000 19.000 13.000
17.000 12.000 18.000
15.000 12.000 17.000
11.000 12.000 18.000
10.000 9.000 11.000
8.000 11.000 9.000
13.000 10.000 12.000
11.000 13.000 3.000
5.000 9.000 7.000
10.000 18.000 13.000
5.000 12.000 12.000
14.000 4.000 5.000
8.000 11.000 8.000
6.000 11.000 6.000
8.000 4.000 11.000
8.000 7.000 10.000
11.000 9.000 3.000
12.000 6.000 5.000
11.000 4.000 10.000
8.000 9.000 6.000
6.000 8.000 9.000
5.000 8.000 4.000
9.000 10.000 8.000
7.000 8.000 12.000
10.000 12.000 11.000
5.000 10.000 8.000
11.000 11.000 9.000
9.000 2.000 7.000
7.000 1.000 6.000
5.000 1.000 9.000
3.000 1.000 8.000
4.000 1.000 2.000
10.000 0.000 6.000
7.000 1.000 5.000
9.000 3.000 6.000
6.000 3.000 2.000
7.000 4.000 8.000
7.000 4.000 2.000
4.000 3.000 6.000
8.000 7.000 7.000
12.000 7.000 5.000
10.000 0.000 5.000
14.000 10.000 4.000
16.000 10.000 6.000
15.000 5.000 5.000
12.000 12.000 8.000
14.000 8.000 10.000
20.000 13.000 18.000
26.000 13.000 14.000
20.000 30.000 28.000
26.000 30.000 31.000
25.000 62.000 51.000
29.000 60.000 52.000
