124.000 68.000 104.000
16.000 45.000 33.000
15.000 31.000 12.000
10.000 29.000 23.000
26.000 22.000 23.000
18.000 24.000 20.000
11.000 15.000 17.000
17.000 28.000 24.000
17.000 27.000 25.000
17.000 23.000 10.000
12.000 10.000 14.000
14.000 13.000 16.000
15.000 12.000 18.000
11.000 18.000 9.000
17.000 15.000 12.000
14.000 14.000 9.000
12.000 15.000 12.000
10.000 15.000 7.000
15.000 10.000 9.000
10.000 4.000 6.000
14.000 8.000 9.000
2.000 10.000 7.000
11.000 6.000 9.000
6.000 9.000 6.000
10.000 5.000 6.000
15.000 7.000 7.000
12.000 10.000 7.000
9.000 5.000 9.000
10.000 7.000 10.000
4.000 5.000 7.000
6.000 5.000 9.000
9.000 8.000 11.000
8.000 5.000 11.000
8.000 5.000 11.000
14.000 3.000 14.000
7.000 6.000 12.000
13.000 4.000 7.000
13.000 7.000 10.000
12.000 2.000 6.000
14.000 7.000 6.000
6.000 12.000 11.000
13.000 5.000 7.000
8.000 4.000 10.000
9.000 7.000 10.000
7.000 6.000 3.000
10.000 5.000 6.000
5.000 10.000 5.000
14.000 14.000 6.000
20.000 4.000 7.000
12.000 12.000 9.000
9.000 7.000 8.000
17.000 11.000 12.000
13.000 16.000 18.000
17.000 21.000 25.000
11.000 20.000 24.000
18.000 28.000 26.000
21.000 43.000 22.000
15.000 32.000 34.000
