118.000 72.000 67.000
12.000 18.000 18.000
23.000 24.000 11.000
17.000 24.000 26.000
19.000 25.000 20.000
15.000 19.000 16.000
9.000 22.000 14.000
12.000 18.000 20.000
7.000 10.000 20.000
10.000 12.000 12.000
17.000 11.000 17.000
17.000 11.000 14.000
12.000 9.000 14.000
19.000 16.000 14.000
7.000 20.000 11.000
5.000 13.000 16.000
6.000 12.000 7.000
6.000 9.000 5.000
12.000 10.000 9.000
9.000 14.000 6.000
2.000 5.000 8.000
5.000 8.000 8.000
16.000 10.000 8.000
10.000 15.000 7.000
9.000 9.000 8.000
10.000 6.000 8.000
9.000 5.000 6.000
12.000 9.000 7.000
9.000 5.000 13.000
10.000 6.000 7.000
8.000 8.000 12.000
9.000 7.000 12.000
10.000 7.000 17.000
13.000 10.000 7.000
8.000 8.000 22.000
14.000 7.000 9.000
9.000 7.000 12.000
7.000 6.000 10.000
10.000 2.000 16.000
10.000 4.000 8.000
19.000 7.000 7.000
12.000 2.000 11.000
11.000 4.000 10.000
8.000 5.000 7.000
7.000 12.000 12.000
20.000 8.000 7.000
17.000 14.000 10.000
18.000 15.000 12.000
16.000 14.000 6.000
23.000 9.000 14.000
17.000 11.000 12.000
14.000 12.000 15.000
18.000 18.000 17.000
20.000 16.000 18.000
25.000 25.000 20.000
16.000 29.000 19.000
10.000 35.000 21.000
15.000 39.000 27.000
