78.000 59.000 100.000
8.000 23.000 18.000
28.000 26.000 12.000
13.000 21.000 24.000
20.000 25.000 18.000
18.000 24.000 18.000
24.000 16.000 23.000
16.000 25.000 22.000
13.000 18.000 18.000
19.000 13.000 8.000
6.000 7.000 11.000
13.000 9.000 10.000
10.000 12.000 14.000
15.000 12.000 8.000
8.000 12.000 6.000
14.000 13.000 8.000
9.000 19.000 12.000
9.000 14.000 7.000
10.000 10.000 10.000
10.000 6.000 9.000
5.000 7.000 5.000
8.000 4.000 7.000
10.000 4.000 6.000
11.000 7.000 6.000
12.000 6.000 4.000
5.000 9.000 7.000
10.000 8.000 5.000
5.000 5.000 9.000
9.000 3.000 11.000
8.000 11.000 14.000
7.000 5.000 11.000
7.000 2.000 8.000
3.000 9.000 11.000
2.000 6.000 10.000
5.000 3.000 16.000
10.000 6.000 4.000
8.000 7.000 10.000
5.000 3.000 9.000
7.000 5.000 9.000
6.000 5.000 7.000
5.000 2.000 9.000
6.000 4.000 8.000
5.000 5.000 5.000
12.000 3.000 6.000
6.000 6.000 3.000
7.000 2.000 4.000
10.000 10.000 8.000
13.000 9.000 7.000
11.000 11.000 7.000
10.000 9.000 7.000
11.000 17.000 8.000
12.000 9.000 13.000
16.000 14.000 20.000
16.000 13.000 21.000
24.000 19.000 26.000
24.000 22.000 28.000
43.000 50.000 21.000
48.000 51.000 26.000
