73.000 80.000 96.000
11.000 38.000 24.000
22.000 20.000 13.000
13.000 24.000 20.000
20.000 21.000 23.000
27.000 15.000 16.000
20.000 19.000 29.000
24.000 19.000 18.000
12.000 17.000 14.000
19.000 20.000 18.000
19.000 13.000 9.000
19.000 13.000 14.000
13.000 16.000 9.000
9.000 10.000 7.000
10.000 15.000 8.000
9.000 11.000 15.000
7.000 6.000 17.000
16.000 9.000 6.000
16.000 7.000 4.000
11.000 9.000 7.000
1.000 5.000 7.000
6.000 4.000 5.000
6.000 3.000 8.000
5.000 7.000 4.000
5.000 9.000 8.000
13.000 10.000 10.000
5.000 10.000 4.000
11.000 5.000 8.000
6.000 14.000 10.000
12.000 13.000 14.000
3.000 11.000 14.000
8.000 7.000 13.000
7.000 3.000 9.000
10.000 7.000 5.000
13.000 4.000 14.000
8.000 5.000 7.000
6.000 1.000 11.000
10.000 2.000 6.000
9.000 2.000 9.000
10.000 3.000 4.000
4.000 5.000 3.000
6.000 7.000 3.000
7.000 8.000 6.000
7.000 4.000 4.000
7.000 10.000 4.000
8.000 2.000 6.000
4.000 5.000 5.000
6.000 3.000 2.000
9.000 6.000 5.000
10.000 5.000 5.000
8.000 7.000 8.000
13.000 6.000 4.000
20.000 10.000 8.000
23.000 17.000 16.000
22.000 25.000 28.000
22.000 37.000 37.000
29.000 37.000 40.000
19.000 41.000 42.000
