100.000 83.000 100.000
5.000 33.000 24.000
23.000 24.000 19.000
12.000 36.000 26.000
20.000 33.000 19.000
21.000 19.000 15.000
13.000 26.000 24.000
19.000 11.000 16.000
13.000 17.000 20.000
16.000 15.000 9.000
16.000 16.000 15.000
19.000 22.000 20.000
22.000 17.000 16.000
18.000 19.000 16.000
14.000 10.000 23.000
17.000 19.000 16.000
15.000 16.000 6.000
12.000 18.000 11.000
14.000 9.000 12.000
10.000 9.000 8.000
16.000 9.000 9.000
9.000 11.000 7.000
18.000 7.000 13.000
9.000 6.000 8.000
12.000 9.000 5.000
8.000 8.000 7.000
12.000 7.000 8.000
4.000 16.000 12.000
10.000 10.000 11.000
9.000 8.000 9.000
15.000 3.000 4.000
15.000 9.000 10.000
11.000 6.000 15.000
9.000 4.000 13.000
7.000 3.000 13.000
6.000 5.000 7.000
9.000 3.000 9.000
15.000 4.000 9.000
9.000 5.000 7.000
12.000 7.000 13.000
12.000 4.000 10.000
4.000 6.000 13.000
12.000 4.000 8.000
14.000 8.000 9.000
12.000 18.000 8.000
9.000 9.000 8.000
14.000 7.000 8.000
12.000 7.000 2.000
10.000 16.000 5.000
15.000 2.000 11.000
13.000 14.000 7.000
7.000 9.000 9.000
12.000 16.000 15.000
18.000 17.000 9.000
15.000 21.000 20.000
12.000 17.000 25.000
13.000 26.000 21.000
15.000 32.000 18.000
