113.000 64.000 94.000
10.000 21.000 28.000
21.000 26.000 16.000
10.000 23.000 21.000
20.000 20.000 20.000
16.000 29.000 17.000
16.000 20.000 19.000
13.000 19.000 18.000
21.000 16.000 13.000
16.000 15.000 13.000
9.000 16.000 16.000
16.000 13.000 10.000
19.000 19.000 12.000
15.000 20.000 10.000
10.000 23.000 16.000
8.000 16.000 12.000
14.000 20.000 11.000
16.000 14.000 7.000
9.000 6.000 10.000
12.000 14.000 9.000
12.000 10.000 7.000
11.000 8.000 9.000
9.000 7.000 8.000
3.000 13.000 6.000
7.000 4.000 7.000
14.000 10.000 15.000
7.000 11.000 13.000
12.000 5.000 11.000
9.000 11.000 13.000
11.000 7.000 8.000
10.000 10.000 17.000
11.000 10.000 9.000
5.000 2.000 9.000
14.000 5.000 10.000
11.000 4.000 11.000
8.000 2.000 10.000
8.000 4.000 15.000
9.000 6.000 12.000
9.000 9.000 11.000
9.000 7.000 16.000
10.000 4.000 11.000
11.000 5.000 5.000
4.000 8.000 7.000
9.000 18.000 10.000
11.000 9.000 10.000
12.000 14.000 7.000
12.000 4.000 9.000
9.000 10.000 9.000
12.000 8.000 9.000
11.000 17.000 9.000
10.000 7.000 14.000
8.000 15.000 15.000
10.000 9.000 9.000
22.000 9.000 17.000
16.000 14.000 13.000
21.000 23.000 22.000
23.000 19.000 25.000
16.000 44.000 25.000
