44.000 48.000 99.000
16.000 22.000 26.000
23.000 27.000 17.000
20.000 27.000 24.000
29.000 19.000 19.000
20.000 18.000 17.000
13.000 27.000 25.000
24.000 9.000 14.000
13.000 22.000 11.000
21.000 12.000 15.000
7.000 19.000 11.000
9.000 5.000 9.000
12.000 15.000 10.000
11.000 12.000 9.000
12.000 11.000 7.000
10.000 17.000 8.000
8.000 8.000 10.000
11.000 15.000 8.000
8.000 11.000 14.000
7.000 5.000 6.000
4.000 6.000 7.000
9.000 6.000 3.000
8.000 6.000 6.000
15.000 7.000 8.000
7.000 7.000 7.000
10.000 7.000 7.000
8.000 11.000 7.000
5.000 8.000 8.000
7.000 8.000 10.000
10.000 7.000 11.000
4.000 8.000 8.000
10.000 6.000 7.000
4.000 6.000 10.000
7.000 3.000 6.000
5.000 4.000 8.000
4.000 2.000 13.000
7.000 2.000 6.000
4.000 2.000 11.000
6.000 2.000 4.000
7.000 2.000 6.000
8.000 0.000 5.000
5.000 5.000 7.000
6.000 7.000 5.000
7.000 4.000 3.000
8.000 7.000 2.000
6.000 9.000 3.000
5.000 11.000 5.000
4.000 7.000 4.000
9.000 8.000 7.000
7.000 9.000 8.000
9.000 8.000 7.000
17.000 6.000 14.000
13.000 8.000 25.000
20.000 17.000 24.000
26.000 12.000 28.000
36.000 28.000 39.000
31.000 46.000 29.000
37.000 62.000 44.000
