221.000 155.000 133.000
24.000 40.000 34.000
25.000 28.000 16.000
14.000 35.000 20.000
23.000 25.000 24.000
30.000 24.000 12.000
15.000 19.000 28.000
25.000 12.000 15.000
12.000 22.000 18.000
14.000 14.000 17.000
13.000 19.000 21.000
18.000 14.000 12.000
19.000 17.000 8.000
12.000 17.000 19.000
12.000 16.000 15.000
15.000 25.000 18.000
16.000 16.000 8.000
12.000 10.000 10.000
7.000 16.000 8.000
7.000 14.000 8.000
8.000 11.000 7.000
11.000 8.000 6.000
4.000 3.000 11.000
10.000 3.000 12.000
6.000 3.000 16.000
10.000 2.000 5.000
13.000 4.000 8.000
4.000 4.000 21.000
7.000 4.000 17.000
7.000 4.000 9.000
3.000 3.000 15.000
4.000 7.000 13.000
8.000 2.000 12.000
9.000 7.000 9.000
8.000 0.000 4.000
4.000 2.000 7.000
7.000 3.000 12.000
6.000 6.000 8.000
7.000 3.000 12.000
10.000 7.000 11.000
10.000 9.000 14.000
6.000 9.000 7.000
5.000 4.000 4.000
9.000 9.000 6.000
3.000 8.000 3.000
7.000 14.000 6.000
9.000 12.000 15.000
8.000 17.000 4.000
9.000 4.000 4.000
12.000 7.000 9.000
13.000 5.000 9.000
12.000 11.000 13.000
14.000 12.000 9.000
12.000 12.000 19.000
16.000 13.000 15.000
17.000 14.000 18.000
16.000 22.000 19.000
16.000 29.000 20.000
