52.000 51.000 176.000
8.000 13.000 19.000
19.000 16.000 9.000
7.000 25.000 18.000
20.000 30.000 20.000
13.000 25.000 15.000
16.000 25.000 15.000
19.000 21.000 9.000
20.000 11.000 10.000
11.000 15.000 10.000
9.000 14.000 10.000
8.000 10.000 14.000
9.000 11.000 8.000
12.000 9.000 8.000
14.000 14.000 10.000
7.000 11.000 7.000
14.000 9.000 9.000
9.000 8.000 10.000
17.000 6.000 7.000
8.000 10.000 6.000
6.000 8.000 13.000
9.000 8.000 9.000
11.000 9.000 15.000
9.000 9.000 7.000
9.000 4.000 13.000
8.000 7.000 10.000
7.000 9.000 9.000
7.000 5.000 24.000
12.000 3.000 9.000
16.000 7.000 15.000
14.000 5.000 9.000
7.000 7.000 8.000
17.000 7.000 12.000
17.000 5.000 9.000
6.000 7.000 6.000
9.000 4.000 16.000
9.000 2.000 7.000
12.000 3.000 13.000
8.000 8.000 9.000
8.000 5.000 3.000
9.000 8.000 11.000
16.000 10.000 10.000
9.000 11.000 11.000
16.000 17.000 10.000
9.000 16.000 5.000
15.000 12.000 7.000
15.000 12.000 5.000
14.000 11.000 10.000
11.000 17.000 10.000
14.000 20.000 9.000
25.000 15.000 18.000
15.000 15.000 16.000
25.000 19.000 18.000
20.000 17.000 24.000
20.000 14.000 17.000
25.000 34.000 30.000
22.000 28.000 28.000
20.000 41.000 16.000
