74.000 82.000 72.000
9.000 40.000 24.000
22.000 26.000 21.000
21.000 18.000 31.000
19.000 19.000 19.000
20.000 15.000 18.000
14.000 18.000 17.000
14.000 13.000 14.000
11.000 12.000 16.000
14.000 15.000 13.000
13.000 16.000 12.000
14.000 23.000 23.000
13.000 10.000 12.000
13.000 15.000 10.000
14.000 17.000 13.000
20.000 18.000 14.000
14.000 10.000 9.000
10.000 11.000 18.000
10.000 7.000 14.000
11.000 8.000 7.000
10.000 10.000 6.000
5.000 5.000 6.000
5.000 6.000 6.000
6.000 4.000 6.000
10.000 6.000 5.000
10.000 10.000 11.000
11.000 8.000 9.000
9.000 13.000 11.000
14.000 4.000 7.000
8.000 8.000 5.000
5.000 8.000 8.000
6.000 2.000 8.000
7.000 4.000 8.000
6.000 2.000 7.000
8.000 5.000 5.000
3.000 1.000 0.000
9.000 4.000 7.000
4.000 0.000 7.000
7.000 3.000 5.000
4.000 1.000 5.000
3.000 3.000 6.000
2.000 4.000 6.000
4.000 3.000 2.000
4.000 3.000 1.000
5.000 6.000 6.000
5.000 4.000 0.000
4.000 1.000 1.000
7.000 7.000 4.000
10.000 2.000 8.000
9.000 7.000 3.000
7.000 3.000 4.000
5.000 8.000 15.000
17.000 11.000 14.000
20.000 13.000 14.000
21.000 17.000 34.000
22.000 30.000 37.000
25.000 63.000 44.000
39.000 62.000 43.000
