88.000 59.000 83.000
14.000 40.000 41.000
22.000 29.000 19.000
13.000 32.000 29.000
24.000 19.000 18.000
15.000 15.000 14.000
13.000 9.000 14.000
17.000 19.000 6.000
16.000 18.000 12.000
13.000 9.000 11.000
12.000 10.000 12.000
16.000 9.000 8.000
8.000 15.000 12.000
11.000 16.000 12.000
12.000 9.000 10.000
15.000 17.000 16.000
6.000 3.000 10.000
4.000 12.000 11.000
11.000 7.000 4.000
14.000 5.000 1.000
7.000 4.000 6.000
10.000 8.000 4.000
6.000 1.000 4.000
5.000 5.000 8.000
7.000 8.000 4.000
6.000 8.000 6.000
13.000 9.000 9.000
8.000 11.000 10.000
6.000 8.000 10.000
7.000 5.000 9.000
6.000 10.000 5.000
7.000 6.000 6.000
4.000 3.000 4.000
8.000 3.000 5.000
4.000 1.000 4.000
5.000 5.000 4.000
2.000 3.000 4.000
6.000 4.000 8.000
6.000 5.000 5.000
3.000 4.000 5.000
2.000 4.000 5.000
4.000 3.000 7.000
7.000 5.000 5.000
7.000 3.000 7.000
4.000 2.000 3.000
6.000 2.000 3.000
3.000 6.000 1.000
12.000 6.000 1.000
13.000 2.000 6.000
7.000 4.000 7.000
12.000 3.000 3.000
9.000 8.000 8.000
20.000 3.000 13.000
34.000 16.000 17.000
32.000 20.000 17.000
24.000 41.000 36.000
33.000 56.000 44.000
45.000 74.000 62.000
