103.000 85.000 111.000
20.000 39.000 30.000
30.000 32.000 12.000
20.000 25.000 29.000
23.000 24.000 25.000
22.000 19.000 21.000
9.000 20.000 17.000
25.000 11.000 11.000
7.000 16.000 16.000
11.000 13.000 15.000
13.000 8.000 15.000
15.000 18.000 8.000
15.000 17.000 9.000
19.000 15.000 12.000
12.000 8.000 21.000
7.000 10.000 11.000
8.000 9.000 10.000
14.000 10.000 9.000
16.000 11.000 5.000
5.000 9.000 10.000
8.000 4.000 5.000
10.000 5.000 9.000
9.000 15.000 13.000
14.000 12.000 7.000
14.000 7.000 8.000
9.000 8.000 8.000
10.000 14.000 3.000
5.000 11.000 13.000
8.000 7.000 10.000
9.000 12.000 16.000
12.000 5.000 16.000
10.000 3.000 13.000
11.000 8.000 18.000
7.000 6.000 6.000
9.000 3.000 9.000
11.000 4.000 13.000
6.000 7.000 15.000
8.000 6.000 11.000
6.000 8.000 13.000
10.000 9.000 10.000
12.000 4.000 4.000
8.000 5.000 6.000
8.000 12.000 5.000
9.000 9.000 4.000
5.000 9.000 4.000
7.000 4.000 4.000
8.000 13.000 5.000
10.000 17.000 9.000
8.000 8.000 6.000
12.000 7.000 9.000
9.000 8.000 10.000
10.000 4.000 9.000
19.000 12.000 17.000
16.000 8.000 13.000
28.000 13.000 23.000
26.000 25.000 13.000
17.000 26.000 27.000
17.000 47.000 27.000
