86.000 72.000 88.000
9.000 45.000 25.000
29.000 36.000 22.000
12.000 20.000 32.000
22.000 23.000 31.000
24.000 17.000 20.000
18.000 19.000 23.000
18.000 17.000 12.000
13.000 20.000 11.000
17.000 14.000 15.000
16.000 15.000 21.000
17.000 13.000 12.000
14.000 20.000 13.000
17.000 14.000 24.000
16.000 18.000 16.000
19.000 15.000 12.000
13.000 15.000 6.000
15.000 7.000 9.000
9.000 13.000 3.000
13.000 16.000 10.000
5.000 11.000 8.000
8.000 7.000 11.000
7.000 9.000 8.000
9.000 9.000 10.000
10.000 12.000 9.000
10.000 9.000 11.000
8.000 15.000 7.000
12.000 11.000 8.000
11.000 9.000 13.000
4.000 3.000 3.000
10.000 7.000 7.000
8.000 6.000 13.000
14.000 7.000 3.000
9.000 7.000 8.000
11.000 6.000 8.000
6.000 0.000 10.000
1.000 0.000 9.000
5.000 2.000 9.000
6.000 5.000 13.000
8.000 6.000 5.000
9.000 6.000 9.000
8.000 6.000 10.000
8.000 8.000 5.000
7.000 6.000 6.000
13.000 1.000 3.000
10.000 7.000 8.000
7.000 7.000 3.000
5.000 4.000 6.000
8.000 11.000 4.000
16.000 5.000 4.000
15.000 8.000 6.000
18.000 13.000 9.000
15.000 8.000 16.000
13.000 19.000 21.000
25.000 18.000 24.000
13.000 31.000 31.000
22.000 28.000 21.000
22.000 41.000 28.000
