84.000 68.000 75.000
13.000 23.000 17.000
19.000 20.000 11.000
8.000 17.000 17.000
13.000 18.000 14.000
13.000 21.000 14.000
11.000 5.000 21.000
17.000 19.000 13.000
11.000 9.000 14.000
15.000 21.000 15.000
16.000 15.000 12.000
12.000 11.000 20.000
10.000 14.000 13.000
8.000 14.000 14.000
9.000 21.000 13.000
12.000 12.000 15.000
10.000 14.000 11.000
8.000 10.000 10.000
12.000 12.000 7.000
12.000 9.000 8.000
8.000 11.000 6.000
8.000 6.000 6.000
12.000 9.000 5.000
11.000 11.000 6.000
17.000 14.000 4.000
8.000 11.000 5.000
5.000 12.000 6.000
12.000 12.000 17.000
12.000 16.000 12.000
8.000 9.000 15.000
13.000 12.000 18.000
9.000 9.000 22.000
7.000 4.000 17.000
19.000 4.000 13.000
13.000 10.000 13.000
10.000 9.000 12.000
18.000 1.000 17.000
13.000 3.000 21.000
11.000 5.000 5.000
12.000 6.000 10.000
16.000 6.000 10.000
10.000 7.000 8.000
12.000 8.000 7.000
13.000 10.000 8.000
13.000 5.000 10.000
15.000 13.000 7.000
10.000 15.000 3.000
16.000 6.000 5.000
14.000 18.000 10.000
15.000 7.000 17.000
10.000 8.000 12.000
16.000 14.000 8.000
19.000 18.000 23.000
19.000 18.000 19.000
19.000 26.000 23.000
20.000 36.000 27.000
13.000 27.000 18.000
12.000 41.000 31.000
