48.000 56.000 46.000
7.000 29.000 23.000
22.000 20.000 10.000
13.000 20.000 15.000
19.000 4.000 22.000
14.000 11.000 10.000
12.000 9.000 17.000
19.000 9.000 10.000
11.000 9.000 14.000
17.000 7.000 14.000
9.000 14.000 9.000
14.000 12.000 13.000
10.000 13.000 14.000
15.000 21.000 9.000
16.000 12.000 11.000
13.000 15.000 10.000
6.000 17.000 16.000
13.000 16.000 6.000
6.000 7.000 12.000
9.000 16.000 1.000
15.000 7.000 8.000
5.000 9.000 2.000
11.000 11.000 6.000
6.000 8.000 12.000
8.000 13.000 4.000
10.000 9.000 11.000
7.000 9.000 14.000
8.000 15.000 13.000
10.000 14.000 12.000
11.000 7.000 14.000
19.000 10.000 11.000
8.000 14.000 14.000
13.000 7.000 17.000
9.000 3.000 16.000
9.000 11.000 10.000
14.000 3.000 22.000
13.000 5.000 17.000
8.000 7.000 13.000
14.000 12.000 18.000
6.000 6.000 11.000
9.000 8.000 17.000
10.000 15.000 14.000
12.000 6.000 11.000
14.000 14.000 9.000
6.000 9.000 4.000
11.000 10.000 10.000
14.000 12.000 10.000
6.000 6.000 4.000
8.000 13.000 4.000
13.000 8.000 4.000
12.000 6.000 6.000
10.000 18.000 14.000
16.000 15.000 11.000
22.000 16.000 16.000
26.000 34.000 10.000
23.000 24.000 33.000
27.000 50.000 36.000
32.000 40.000 27.000
