85.000 48.000 97.000
8.000 18.000 9.000
12.000 16.000 7.000
8.000 19.000 13.000
11.000 11.000 10.000
11.000 23.000 8.000
11.000 18.000 10.000
16.000 11.000 9.000
6.000 16.000 9.000
9.000 10.000 8.000
4.000 6.000 10.000
5.000 7.000 9.000
15.000 9.000 7.000
4.000 13.000 7.000
2.000 5.000 10.000
3.000 9.000 4.000
8.000 11.000 7.000
12.000 12.000 7.000
8.000 11.000 8.000
12.000 9.000 4.000
9.000 6.000 11.000
8.000 10.000 4.000
12.000 8.000 9.000
12.000 10.000 8.000
7.000 10.000 11.000
5.000 18.000 16.000
4.000 9.000 6.000
13.000 8.000 12.000
9.000 8.000 13.000
12.000 8.000 12.000
7.000 6.000 21.000
10.000 5.000 14.000
12.000 11.000 21.000
17.000 4.000 12.000
12.000 7.000 24.000
16.000 12.000 24.000
14.000 9.000 8.000
15.000 7.000 13.000
12.000 7.000 10.000
19.000 10.000 22.000
10.000 6.000 11.000
14.000 11.000 16.000
18.000 10.000 10.000
7.000 7.000 15.000
14.000 14.000 13.000
12.000 23.000 17.000
17.000 21.000 13.000
22.000 14.000 9.000
20.000 15.000 15.000
14.000 17.000 16.000
18.000 14.000 13.000
16.000 19.000 18.000
12.000 26.000 18.000
15.000 20.000 18.000
23.000 23.000 27.000
18.000 17.000 18.000
21.000 32.000 17.000
21.000 30.000 15.000
