88.000 77.000 117.000
18.000 30.000 33.000
27.000 32.000 22.000
18.000 24.000 24.000
24.000 24.000 23.000
24.000 30.000 14.000
16.000 20.000 25.000
17.000 16.000 16.000
11.000 16.000 20.000
22.000 14.000 8.000
14.000 17.000 21.000
20.000 15.000 9.000
10.000 21.000 17.000
21.000 10.000 16.000
12.000 18.000 10.000
11.000 13.000 9.000
16.000 16.000 11.000
13.000 12.000 11.000
7.000 16.000 7.000
9.000 10.000 5.000
4.000 3.000 14.000
10.000 5.000 4.000
9.000 4.000 9.000
6.000 1.000 7.000
5.000 5.000 10.000
5.000 13.000 7.000
9.000 6.000 3.000
13.000 4.000 7.000
8.000 9.000 11.000
9.000 10.000 9.000
11.000 10.000 10.000
10.000 9.000 8.000
9.000 3.000 17.000
4.000 1.000 7.000
10.000 5.000 6.000
7.000 2.000 4.000
3.000 2.000 4.000
6.000 3.000 3.000
6.000 5.000 3.000
5.000 4.000 5.000
4.000 2.000 7.000
13.000 1.000 4.000
10.000 4.000 1.000
9.000 5.000 3.000
6.000 8.000 4.000
9.000 6.000 5.000
2.000 4.000 4.000
8.000 4.000 1.000
7.000 5.000 3.000
5.000 4.000 11.000
12.000 5.000 7.000
17.000 9.000 7.000
10.000 5.000 16.000
20.000 15.000 26.000
27.000 21.000 22.000
25.000 39.000 32.000
19.000 42.000 40.000
30.000 51.000 39.000
