88.000 63.000 96.000
17.000 39.000 31.000
32.000 24.000 17.000
21.000 29.000 25.000
18.000 23.000 18.000
27.000 18.000 17.000
15.000 27.000 18.000
18.000 18.000 18.000
15.000 19.000 16.000
15.000 4.000 10.000
23.000 10.000 19.000
16.000 17.000 19.000
14.000 19.000 23.000
14.000 27.000 14.000
18.000 29.000 11.000
30.000 11.000 15.000
17.000 20.000 16.000
10.000 11.000 10.000
5.000 7.000 9.000
6.000 4.000 5.000
3.000 2.000 7.000
4.000 1.000 6.000
1.000 4.000 2.000
3.000 6.000 8.000
4.000 7.000 4.000
4.000 2.000 6.000
5.000 5.000 3.000
8.000 9.000 3.000
8.000 10.000 9.000
8.000 6.000 5.000
5.000 4.000 7.000
3.000 5.000 4.000
5.000 3.000 5.000
4.000 2.000 9.000
4.000 4.000 5.000
4.000 1.000 3.000
3.000 1.000 3.000
3.000 2.000 1.000
1.000 0.000 10.000
0.000 3.000 6.000
4.000 1.000 1.000
1.000 3.000 4.000
3.000 4.000 1.000
3.000 3.000 3.000
4.000 4.000 3.000
3.000 4.000 2.000
1.000 4.000 0.000
2.000 2.000 0.000
3.000 1.000 1.000
1.000 3.000 0.000
1.000 2.000 6.000
6.000 4.000 4.000
12.000 6.000 4.000
11.000 13.000 16.000
23.000 25.000 28.000
22.000 34.000 38.000
48.000 49.000 45.000
56.000 65.000 59.000
