117.000 110.000 137.000
7.000 32.000 32.000
38.000 34.000 17.000
16.000 32.000 36.000
31.000 24.000 20.000
18.000 31.000 21.000
14.000 18.000 13.000
17.000 18.000 21.000
14.000 17.000 14.000
20.000 14.000 13.000
10.000 16.000 8.000
11.000 14.000 16.000
19.000 12.000 10.000
5.000 18.000 12.000
20.000 17.000 13.000
6.000 12.000 12.000
13.000 11.000 11.000
11.000 8.000 13.000
9.000 5.000 4.000
12.000 3.000 4.000
14.000 15.000 8.000
6.000 7.000 11.000
7.000 9.000 9.000
8.000 3.000 10.000
6.000 8.000 12.000
15.000 11.000 9.000
16.000 2.000 14.000
8.000 6.000 12.000
4.000 12.000 7.000
18.000 9.000 13.000
7.000 6.000 11.000
14.000 9.000 9.000
7.000 5.000 7.000
6.000 7.000 16.000
11.000 3.000 9.000
6.000 2.000 7.000
10.000 6.000 15.000
13.000 6.000 7.000
10.000 5.000 3.000
8.000 4.000 12.000
7.000 4.000 8.000
8.000 8.000 4.000
5.000 13.000 5.000
10.000 5.000 6.000
8.000 6.000 4.000
6.000 12.000 6.000
5.000 5.000 7.000
9.000 8.000 6.000
8.000 10.000 8.000
9.000 10.000 9.000
14.000 6.000 9.000
14.000 11.000 7.000
15.000 9.000 15.000
19.000 13.000 20.000
16.000 17.000 15.000
19.000 20.000 15.000
16.000 22.000 30.000
17.000 35.000 22.000
