69.000 40.000 95.000
7.000 10.000 9.000
19.000 18.000 8.000
10.000 18.000 17.000
16.000 21.000 15.000
17.000 15.000 9.000
11.000 14.000 13.000
14.000 17.000 17.000
14.000 14.000 13.000
15.000 7.000 18.000
6.000 16.000 6.000
9.000 16.000 15.000
6.000 21.000 11.000
11.000 12.000 8.000
14.000 18.000 13.000
9.000 15.000 9.000
11.000 17.000 14.000
13.000 13.000 10.000
14.000 19.000 7.000
6.000 15.000 9.000
15.000 10.000 9.000
13.000 14.000 11.000
15.000 10.000 8.000
7.000 13.000 18.000
14.000 7.000 13.000
10.000 11.000 10.000
11.000 11.000 13.000
15.000 8.000 19.000
16.000 11.000 18.000
11.000 8.000 28.000
11.000 13.000 22.000
11.000 9.000 16.000
22.000 6.000 27.000
13.000 4.000 19.000
13.000 4.000 14.000
21.000 8.000 17.000
18.000 3.000 20.000
13.000 5.000 21.000
11.000 4.000 19.000
15.000 3.000 13.000
14.000 9.000 9.000
13.000 9.000 10.000
14.000 14.000 9.000
15.000 16.000 11.000
19.000 23.000 8.000
18.000 10.000 10.000
12.000 26.000 10.000
20.000 16.000 8.000
12.000 22.000 4.000
19.000 15.000 8.000
23.000 24.000 12.000
16.000 24.000 11.000
16.000 19.000 12.000
20.000 27.000 13.000
19.000 19.000 13.000
13.000 23.000 11.000
14.000 19.000 10.000
11.000 18.000 13.000
