75.000 64.000 108.000
10.000 26.000 31.000
31.000 28.000 23.000
14.000 23.000 19.000
20.000 29.000 16.000
22.000 12.000 14.000
18.000 19.000 19.000
22.000 13.000 14.000
13.000 20.000 21.000
13.000 22.000 10.000
17.000 10.000 12.000
6.000 10.000 9.000
14.000 13.000 19.000
13.000 16.000 9.000
19.000 18.000 15.000
12.000 18.000 15.000
14.000 11.000 5.000
7.000 11.000 8.000
7.000 4.000 4.000
11.000 12.000 7.000
6.000 6.000 9.000
4.000 5.000 3.000
9.000 8.000 6.000
9.000 4.000 11.000
5.000 4.000 5.000
9.000 6.000 9.000
8.000 9.000 9.000
5.000 5.000 10.000
5.000 2.000 13.000
1.000 7.000 7.000
8.000 3.000 2.000
5.000 4.000 6.000
4.000 5.000 3.000
7.000 2.000 8.000
10.000 4.000 7.000
5.000 0.000 3.000
3.000 1.000 7.000
3.000 2.000 7.000
10.000 1.000 7.000
4.000 4.000 5.000
2.000 3.000 6.000
4.000 4.000 7.000
3.000 5.000 6.000
5.000 6.000 6.000
6.000 9.000 11.000
13.000 11.000 5.000
8.000 9.000 10.000
8.000 12.000 3.000
9.000 9.000 11.000
15.000 7.000 12.000
8.000 12.000 8.000
13.000 8.000 13.000
18.000 10.000 20.000
15.000 6.000 25.000
24.000 19.000 27.000
23.000 24.000 38.000
28.000 31.000 41.000
21.000 46.000 34.000
