218.000 194.000 91.000
26.000 53.000 54.000
40.000 35.000 26.000
28.000 35.000 40.000
29.000 19.000 32.000
26.000 22.000 19.000
17.000 24.000 22.000
19.000 12.000 33.000
24.000 14.000 24.000
22.000 17.000 18.000
8.000 17.000 19.000
18.000 20.000 15.000
20.000 12.000 14.000
11.000 18.000 16.000
14.000 19.000 23.000
19.000 13.000 20.000
5.000 15.000 14.000
7.000 13.000 13.000
8.000 5.000 5.000
3.000 3.000 10.000
4.000 2.000 8.000
1.000 2.000 5.000
2.000 1.000 3.000
3.000 3.000 8.000
7.000 7.000 9.000
3.000 4.000 3.000
3.000 7.000 2.000
8.000 3.000 8.000
3.000 2.000 10.000
5.000 5.000 3.000
3.000 6.000 5.000
2.000 4.000 10.000
4.000 0.000 2.000
4.000 5.000 6.000
5.000 1.000 6.000
2.000 2.000 6.000
1.000 3.000 5.000
2.000 1.000 4.000
2.000 0.000 2.000
1.000 1.000 3.000
3.000 2.000 3.000
2.000 2.000 4.000
3.000 2.000 5.000
5.000 2.000 3.000
3.000 4.000 2.000
1.000 6.000 2.000
4.000 1.000 3.000
2.000 3.000 1.000
3.000 4.000 2.000
2.000 1.000 3.000
1.000 2.000 4.000
5.000 2.000 7.000
10.000 3.000 4.000
16.000 9.000 7.000
17.000 14.000 22.000
25.000 15.000 22.000
42.000 40.000 37.000
36.000 40.000 37.000
