193.000 75.000 68.000
19.000 36.000 34.000
15.000 37.000 29.000
13.000 36.000 22.000
22.000 27.000 38.000
13.000 22.000 21.000
18.000 32.000 26.000
11.000 11.000 22.000
12.000 8.000 16.000
17.000 15.000 12.000
11.000 11.000 18.000
10.000 12.000 10.000
13.000 17.000 18.000
16.000 21.000 13.000
16.000 26.000 20.000
9.000 16.000 13.000
13.000 12.000 12.000
15.000 11.000 11.000
7.000 14.000 12.000
2.000 4.000 9.000
10.000 4.000 2.000
8.000 8.000 7.000
4.000 7.000 6.000
6.000 3.000 6.000
10.000 7.000 10.000
8.000 5.000 5.000
8.000 8.000 6.000
3.000 4.000 2.000
8.000 9.000 10.000
13.000 7.000 10.000
10.000 5.000 5.000
6.000 5.000 8.000
12.000 4.000 13.000
11.000 4.000 2.000
5.000 3.000 4.000
8.000 3.000 11.000
1.000 6.000 5.000
4.000 1.000 5.000
5.000 3.000 2.000
7.000 1.000 2.000
3.000 4.000 3.000
12.000 1.000 5.000
7.000 1.000 8.000
10.000 7.000 3.000
4.000 3.000 8.000
10.000 7.000 5.000
4.000 11.000 4.000
9.000 2.000 7.000
6.000 9.000 8.000
5.000 2.000 5.000
13.000 13.000 8.000
10.000 10.000 15.000
9.000 10.000 15.000
17.000 16.000 15.000
17.000 19.000 24.000
24.000 29.000 31.000
22.000 40.000 37.000
24.000 51.000 42.000
