81.000 73.000 96.000
12.000 34.000 16.000
15.000 18.000 18.000
12.000 20.000 25.000
20.000 21.000 18.000
25.000 17.000 12.000
10.000 11.000 26.000
16.000 18.000 14.000
9.000 19.000 10.000
8.000 10.000 18.000
16.000 14.000 1.000
11.000 10.000 11.000
7.000 10.000 11.000
10.000 13.000 8.000
3.000 6.000 7.000
7.000 8.000 7.000
5.000 10.000 7.000
6.000 11.000 7.000
9.000 8.000 6.000
3.000 6.000 9.000
9.000 5.000 6.000
15.000 3.000 6.000
14.000 11.000 9.000
13.000 4.000 7.000
7.000 7.000 11.000
13.000 5.000 9.000
8.000 11.000 5.000
9.000 18.000 9.000
7.000 6.000 12.000
10.000 8.000 15.000
7.000 9.000 11.000
7.000 11.000 14.000
14.000 3.000 9.000
7.000 5.000 8.000
5.000 9.000 12.000
9.000 3.000 4.000
7.000 1.000 10.000
9.000 4.000 5.000
7.000 1.000 10.000
7.000 3.000 8.000
8.000 6.000 5.000
7.000 8.000 6.000
9.000 3.000 3.000
11.000 7.000 4.000
7.000 7.000 3.000
5.000 6.000 9.000
12.000 9.000 6.000
9.000 6.000 9.000
15.000 6.000 8.000
10.000 9.000 12.000
12.000 7.000 10.000
26.000 14.000 7.000
24.000 9.000 19.000
26.000 24.000 16.000
19.000 27.000 25.000
24.000 38.000 30.000
30.000 44.000 38.000
28.000 50.000 37.000
