58.000 59.000 61.000
12.000 21.000 17.000
13.000 17.000 8.000
11.000 16.000 19.000
19.000 16.000 22.000
18.000 20.000 13.000
9.000 14.000 20.000
16.000 17.000 16.000
9.000 21.000 17.000
10.000 9.000 14.000
8.000 14.000 12.000
9.000 14.000 15.000
16.000 11.000 18.000
11.000 9.000 9.000
10.000 16.000 9.000
10.000 15.000 8.000
17.000 13.000 7.000
17.000 13.000 11.000
7.000 15.000 10.000
17.000 9.000 10.000
10.000 11.000 18.000
14.000 8.000 5.000
12.000 15.000 6.000
7.000 6.000 12.000
5.000 8.000 5.000
10.000 13.000 7.000
3.000 9.000 11.000
6.000 6.000 8.000
13.000 9.000 15.000
12.000 7.000 13.000
10.000 11.000 9.000
17.000 8.000 21.000
12.000 12.000 8.000
10.000 8.000 14.000
17.000 9.000 14.000
11.000 10.000 15.000
13.000 9.000 15.000
10.000 3.000 13.000
19.000 11.000 9.000
12.000 6.000 13.000
15.000 9.000 19.000
13.000 9.000 5.000
10.000 6.000 16.000
14.000 12.000 8.000
9.000 8.000 10.000
23.000 13.000 7.000
11.000 7.000 10.000
13.000 14.000 11.000
9.000 16.000 11.000
17.000 12.000 16.000
15.000 7.000 11.000
18.000 18.000 15.000
17.000 21.000 21.000
25.000 23.000 19.000
19.000 23.000 14.000
14.000 28.000 18.000
21.000 38.000 22.000
17.000 29.000 27.000
