119.000 66.000 72.000
5.000 29.000 26.000
13.000 27.000 21.000
16.000 27.000 14.000
17.000 13.000 24.000
18.000 19.000 12.000
20.000 20.000 24.000
19.000 16.000 21.000
19.000 15.000 11.000
17.000 13.000 10.000
9.000 10.000 16.000
4.000 11.000 15.000
19.000 22.000 9.000
12.000 14.000 10.000
11.000 13.000 14.000
7.000 12.000 8.000
14.000 10.000 20.000
10.000 14.000 12.000
9.000 13.000 7.000
12.000 4.000 1.000
8.000 8.000 5.000
9.000 6.000 8.000
9.000 5.000 5.000
8.000 5.000 11.000
5.000 5.000 3.000
14.000 8.000 8.000
10.000 9.000 11.000
11.000 8.000 7.000
6.000 6.000 12.000
6.000 10.000 15.000
7.000 7.000 6.000
4.000 6.000 10.000
11.000 9.000 9.000
11.000 3.000 7.000
5.000 3.000 9.000
6.000 2.000 4.000
5.000 4.000 9.000
7.000 5.000 8.000
9.000 4.000 9.000
8.000 8.000 4.000
6.000 6.000 5.000
7.000 4.000 6.000
9.000 4.000 3.000
6.000 4.000 6.000
8.000 6.000 4.000
7.000 3.000 6.000
16.000 6.000 8.000
14.000 4.000 3.000
20.000 10.000 3.000
12.000 5.000 7.000
18.000 11.000 10.000
22.000 8.000 15.000
21.000 15.000 18.000
23.000 19.000 20.000
22.000 25.000 20.000
16.000 40.000 27.000
27.000 33.000 41.000
23.000 54.000 36.000
