68.000 40.000 107.000
8.000 13.000 15.000
12.000 19.000 16.000
11.000 19.000 19.000
16.000 12.000 20.000
17.000 11.000 10.000
13.000 19.000 17.000
20.000 23.000 20.000
13.000 20.000 16.000
9.000 13.000 22.000
16.000 19.000 9.000
21.000 22.000 10.000
12.000 11.000 12.000
15.000 19.000 15.000
16.000 15.000 15.000
11.000 18.000 16.000
13.000 14.000 16.000
13.000 11.000 14.000
14.000 14.000 14.000
10.000 11.000 10.000
21.000 11.000 15.000
12.000 15.000 13.000
9.000 17.000 11.000
10.000 6.000 19.000
11.000 9.000 17.000
8.000 8.000 8.000
12.000 5.000 10.000
9.000 10.000 8.000
11.000 7.000 15.000
5.000 8.000 15.000
10.000 3.000 17.000
7.000 3.000 21.000
8.000 5.000 19.000
6.000 6.000 10.000
13.000 4.000 17.000
11.000 5.000 19.000
10.000 4.000 16.000
10.000 5.000 17.000
10.000 5.000 10.000
12.000 8.000 15.000
14.000 9.000 11.000
13.000 12.000 8.000
16.000 13.000 8.000
11.000 11.000 16.000
16.000 15.000 7.000
16.000 20.000 12.000
11.000 13.000 9.000
19.000 15.000 3.000
21.000 18.000 8.000
16.000 27.000 15.000
17.000 21.000 12.000
20.000 21.000 11.000
12.000 18.000 17.000
17.000 28.000 10.000
23.000 16.000 12.000
18.000 20.000 12.000
16.000 21.000 16.000
17.000 26.000 7.000
