48.000 39.000 86.000
10.000 18.000 12.000
14.000 15.000 9.000
5.000 19.000 9.000
12.000 15.000 16.000
17.000 13.000 9.000
13.000 17.000 8.000
9.000 13.000 12.000
7.000 9.000 11.000
12.000 12.000 10.000
13.000 12.000 11.000
12.000 11.000 6.000
11.000 17.000 9.000
11.000 11.000 12.000
11.000 12.000 7.000
7.000 13.000 9.000
11.000 15.000 9.000
13.000 17.000 10.000
11.000 13.000 12.000
13.000 14.000 13.000
13.000 18.000 9.000
11.000 15.000 9.000
10.000 11.000 7.000
12.000 14.000 15.000
11.000 9.000 20.000
15.000 19.000 10.000
8.000 7.000 23.000
17.000 13.000 13.000
10.000 6.000 10.000
14.000 9.000 10.000
4.000 11.000 18.000
15.000 13.000 20.000
17.000 7.000 20.000
9.000 7.000 26.000
18.000 2.000 12.000
15.000 7.000 12.000
10.000 7.000 20.000
10.000 11.000 28.000
13.000 3.000 15.000
12.000 3.000 9.000
13.000 6.000 18.000
11.000 14.000 11.000
23.000 11.000 8.000
8.000 17.000 15.000
14.000 18.000 12.000
14.000 15.000 9.000
13.000 15.000 12.000
15.000 22.000 11.000
20.000 15.000 10.000
19.000 17.000 8.000
22.000 31.000 18.000
19.000 26.000 12.000
22.000 23.000 17.000
14.000 18.000 14.000
20.000 18.000 10.000
13.000 17.000 15.000
20.000 27.000 19.000
19.000 32.000 20.000
