86.000 73.000 80.000
11.000 33.000 16.000
16.000 22.000 16.000
13.000 28.000 18.000
16.000 14.000 25.000
13.000 11.000 12.000
12.000 8.000 16.000
11.000 11.000 19.000
10.000 14.000 14.000
16.000 18.000 15.000
11.000 7.000 17.000
14.000 15.000 13.000
13.000 14.000 11.000
13.000 10.000 4.000
11.000 17.000 9.000
14.000 6.000 4.000
12.000 13.000 10.000
6.000 12.000 7.000
7.000 11.000 10.000
5.000 8.000 1.000
7.000 9.000 4.000
6.000 14.000 5.000
10.000 2.000 5.000
10.000 9.000 8.000
5.000 9.000 9.000
5.000 9.000 8.000
10.000 13.000 10.000
11.000 15.000 14.000
16.000 9.000 14.000
13.000 10.000 11.000
8.000 7.000 13.000
13.000 5.000 15.000
9.000 10.000 22.000
4.000 3.000 12.000
7.000 7.000 13.000
7.000 14.000 13.000
13.000 2.000 13.000
7.000 3.000 19.000
7.000 5.000 9.000
11.000 4.000 14.000
8.000 8.000 19.000
13.000 10.000 7.000
10.000 8.000 9.000
12.000 17.000 7.000
9.000 10.000 13.000
13.000 9.000 9.000
15.000 12.000 10.000
13.000 16.000 7.000
13.000 9.000 8.000
13.000 13.000 13.000
19.000 14.000 8.000
10.000 15.000 17.000
18.000 20.000 12.000
15.000 17.000 19.000
12.000 24.000 14.000
25.000 28.000 30.000
25.000 27.000 24.000
24.000 38.000 20.000
