130.000 59.000 82.000
4.000 38.000 23.000
28.000 26.000 14.000
18.000 23.000 21.000
11.000 24.000 27.000
13.000 16.000 20.000
11.000 25.000 17.000
15.000 24.000 17.000
10.000 19.000 14.000
16.000 11.000 15.000
15.000 14.000 13.000
14.000 9.000 13.000
6.000 10.000 18.000
16.000 15.000 10.000
10.000 18.000 16.000
11.000 12.000 10.000
11.000 13.000 16.000
13.000 16.000 5.000
9.000 5.000 9.000
9.000 9.000 6.000
15.000 10.000 5.000
10.000 7.000 4.000
10.000 5.000 5.000
5.000 7.000 9.000
10.000 8.000 3.000
8.000 8.000 5.000
5.000 6.000 7.000
5.000 4.000 6.000
3.000 10.000 14.000
3.000 4.000 13.000
7.000 6.000 8.000
11.000 7.000 9.000
3.000 6.000 7.000
11.000 1.000 10.000
3.000 1.000 5.000
3.000 1.000 4.000
6.000 1.000 4.000
6.000 4.000 4.000
6.000 5.000 5.000
3.000 0.000 4.000
4.000 4.000 3.000
3.000 1.000 5.000
8.000 5.000 3.000
6.000 4.000 1.000
6.000 0.000 3.000
10.000 6.000 4.000
6.000 1.000 4.000
9.000 3.000 4.000
10.000 6.000 3.000
11.000 7.000 4.000
13.000 9.000 9.000
19.000 10.000 5.000
14.000 17.000 11.000
30.000 19.000 20.000
37.000 31.000 22.000
30.000 41.000 33.000
26.000 40.000 44.000
35.000 41.000 32.000
