101.000 73.000 98.000
11.000 35.000 18.000
12.000 25.000 7.000
10.000 20.000 29.000
24.000 25.000 16.000
15.000 23.000 14.000
14.000 23.000 27.000
23.000 16.000 22.000
11.000 7.000 19.000
7.000 18.000 14.000
15.000 7.000 22.000
14.000 14.000 21.000
16.000 20.000 8.000
8.000 19.000 11.000
12.000 13.000 12.000
16.000 15.000 9.000
15.000 19.000 13.000
13.000 12.000 12.000
8.000 7.000 11.000
13.000 12.000 9.000
4.000 10.000 8.000
13.000 6.000 6.000
12.000 7.000 11.000
10.000 7.000 7.000
14.000 6.000 6.000
7.000 10.000 7.000
14.000 12.000 8.000
6.000 9.000 15.000
8.000 9.000 8.000
4.000 7.000 13.000
13.000 4.000 7.000
13.000 12.000 9.000
6.000 6.000 13.000
13.000 10.000 10.000
7.000 6.000 11.000
13.000 2.000 14.000
10.000 0.000 8.000
8.000 0.000 8.000
5.000 2.000 6.000
8.000 6.000 6.000
7.000 4.000 7.000
13.000 4.000 7.000
9.000 5.000 3.000
10.000 6.000 3.000
15.000 7.000 5.000
11.000 4.000 3.000
11.000 9.000 2.000
4.000 11.000 5.000
12.000 10.000 4.000
13.000 11.000 6.000
4.000 6.000 14.000
10.000 11.000 13.000
10.000 8.000 30.000
17.000 18.000 27.000
25.000 17.000 30.000
13.000 19.000 21.000
16.000 56.000 25.000
19.000 46.000 33.000
