88.000 72.000 97.000
15.000 21.000 23.000
16.000 30.000 11.000
14.000 17.000 29.000
14.000 27.000 31.000
23.000 20.000 17.000
12.000 19.000 18.000
34.000 18.000 13.000
23.000 16.000 10.000
14.000 14.000 14.000
10.000 15.000 17.000
12.000 10.000 9.000
13.000 10.000 15.000
10.000 17.000 11.000
6.000 19.000 11.000
11.000 14.000 8.000
3.000 16.000 12.000
11.000 17.000 7.000
14.000 6.000 5.000
9.000 14.000 11.000
13.000 6.000 3.000
8.000 10.000 8.000
9.000 8.000 6.000
7.000 8.000 6.000
16.000 7.000 6.000
8.000 11.000 4.000
6.000 5.000 11.000
6.000 8.000 8.000
7.000 8.000 14.000
13.000 4.000 15.000
15.000 2.000 13.000
9.000 6.000 14.000
9.000 6.000 13.000
5.000 7.000 10.000
7.000 9.000 12.000
6.000 3.000 13.000
10.000 3.000 11.000
8.000 5.000 12.000
8.000 3.000 10.000
9.000 6.000 10.000
8.000 8.000 4.000
13.000 1.000 7.000
8.000 6.000 12.000
7.000 8.000 13.000
7.000 19.000 4.000
10.000 13.000 10.000
10.000 9.000 8.000
12.000 11.000 9.000
12.000 12.000 7.000
14.000 15.000 13.000
19.000 12.000 17.000
21.000 17.000 16.000
14.000 14.000 17.000
23.000 9.000 23.000
29.000 14.000 18.000
14.000 27.000 25.000
16.000 35.000 19.000
18.000 40.000 26.000
