60.000 74.000 89.000
4.000 24.000 22.000
11.000 11.000 18.000
10.000 19.000 15.000
11.000 21.000 22.000
14.000 19.000 19.000
6.000 21.000 22.000
10.000 21.000 15.000
7.000 18.000 13.000
6.000 12.000 6.000
9.000 9.000 13.000
8.000 12.000 11.000
6.000 13.000 12.000
7.000 15.000 9.000
11.000 15.000 11.000
6.000 11.000 14.000
11.000 8.000 7.000
8.000 9.000 10.000
13.000 7.000 4.000
13.000 6.000 10.000
15.000 11.000 11.000
11.000 9.000 6.000
6.000 1.000 9.000
10.000 5.000 10.000
15.000 12.000 8.000
13.000 7.000 6.000
7.000 9.000 6.000
11.000 7.000 6.000
11.000 4.000 13.000
10.000 10.000 12.000
10.000 7.000 7.000
17.000 9.000 11.000
15.000 11.000 10.000
12.000 4.000 8.000
20.000 7.000 5.000
13.000 3.000 9.000
12.000 4.000 14.000
12.000 4.000 14.000
11.000 5.000 9.000
11.000 5.000 4.000
17.000 8.000 8.000
13.000 6.000 8.000
14.000 5.000 9.000
13.000 10.000 11.000
11.000 10.000 11.000
13.000 11.000 7.000
12.000 14.000 6.000
14.000 11.000 9.000
28.000 12.000 15.000
22.000 14.000 18.000
11.000 12.000 13.000
11.000 10.000 16.000
15.000 16.000 12.000
25.000 24.000 20.000
25.000 33.000 26.000
16.000 25.000 25.000
19.000 27.000 27.000
14.000 43.000 35.000
