89.000 70.000 74.000
10.000 25.000 18.000
21.000 26.000 21.000
14.000 32.000 16.000
11.000 23.000 28.000
20.000 21.000 13.000
12.000 13.000 22.000
14.000 14.000 19.000
10.000 12.000 18.000
10.000 13.000 16.000
11.000 12.000 20.000
8.000 10.000 8.000
9.000 12.000 11.000
17.000 12.000 8.000
17.000 9.000 16.000
14.000 12.000 8.000
11.000 13.000 13.000
8.000 10.000 6.000
8.000 12.000 5.000
10.000 7.000 2.000
11.000 6.000 8.000
10.000 9.000 7.000
5.000 8.000 2.000
11.000 11.000 11.000
9.000 12.000 6.000
9.000 9.000 10.000
16.000 8.000 7.000
13.000 10.000 6.000
11.000 6.000 6.000
10.000 8.000 11.000
8.000 11.000 18.000
5.000 10.000 13.000
12.000 9.000 4.000
10.000 6.000 18.000
9.000 4.000 14.000
12.000 6.000 18.000
10.000 4.000 15.000
9.000 5.000 8.000
7.000 5.000 11.000
10.000 2.000 4.000
10.000 6.000 11.000
10.000 6.000 10.000
10.000 6.000 10.000
11.000 10.000 13.000
17.000 8.000 6.000
16.000 9.000 4.000
13.000 10.000 7.000
14.000 11.000 8.000
16.000 7.000 11.000
13.000 10.000 14.000
17.000 10.000 11.000
15.000 19.000 7.000
11.000 20.000 23.000
11.000 18.000 16.000
14.000 29.000 22.000
17.000 35.000 21.000
26.000 39.000 35.000
19.000 48.000 24.000
