83.000 87.000 125.000
14.000 35.000 34.000
19.000 26.000 17.000
16.000 22.000 28.000
37.000 28.000 30.000
23.000 18.000 16.000
20.000 21.000 21.000
14.000 18.000 19.000
16.000 10.000 13.000
18.000 20.000 15.000
13.000 19.000 20.000
14.000 24.000 15.000
15.000 13.000 16.000
12.000 16.000 10.000
14.000 13.000 18.000
22.000 22.000 15.000
14.000 20.000 11.000
9.000 10.000 8.000
9.000 6.000 9.000
6.000 8.000 6.000
14.000 4.000 5.000
9.000 7.000 8.000
11.000 5.000 12.000
12.000 4.000 8.000
4.000 10.000 7.000
12.000 5.000 8.000
15.000 14.000 6.000
13.000 11.000 18.000
15.000 10.000 14.000
11.000 6.000 17.000
5.000 10.000 5.000
12.000 3.000 7.000
12.000 3.000 6.000
4.000 4.000 10.000
5.000 2.000 2.000
6.000 2.000 8.000
5.000 2.000 4.000
5.000 4.000 10.000
6.000 10.000 5.000
6.000 5.000 5.000
6.000 6.000 2.000
6.000 11.000 3.000
7.000 6.000 5.000
4.000 6.000 4.000
5.000 4.000 9.000
6.000 6.000 8.000
7.000 10.000 6.000
9.000 10.000 2.000
5.000 6.000 7.000
12.000 6.000 3.000
9.000 6.000 6.000
11.000 9.000 8.000
19.000 10.000 12.000
15.000 14.000 14.000
19.000 15.000 18.000
20.000 26.000 28.000
30.000 46.000 31.000
22.000 34.000 38.000
