95.000 60.000 82.000
21.000 28.000 31.000
25.000 29.000 16.000
11.000 19.000 23.000
14.000 20.000 19.000
22.000 31.000 19.000
16.000 14.000 12.000
14.000 14.000 13.000
14.000 11.000 18.000
21.000 13.000 13.000
10.000 12.000 11.000
15.000 3.000 17.000
9.000 12.000 4.000
7.000 11.000 9.000
5.000 9.000 10.000
5.000 14.000 11.000
5.000 10.000 10.000
1.000 11.000 3.000
8.000 6.000 7.000
10.000 5.000 5.000
8.000 7.000 2.000
10.000 3.000 4.000
12.000 3.000 6.000
9.000 7.000 8.000
6.000 7.000 8.000
5.000 8.000 11.000
10.000 6.000 10.000
9.000 12.000 8.000
9.000 9.000 8.000
6.000 9.000 9.000
10.000 4.000 17.000
7.000 9.000 10.000
4.000 10.000 8.000
7.000 6.000 8.000
6.000 1.000 8.000
4.000 3.000 7.000
10.000 3.000 8.000
6.000 3.000 6.000
4.000 2.000 8.000
4.000 5.000 7.000
8.000 2.000 6.000
5.000 4.000 7.000
10.000 7.000 5.000
8.000 8.000 4.000
9.000 4.000 6.000
9.000 8.000 4.000
10.000 6.000 5.000
17.000 6.000 7.000
13.000 9.000 4.000
16.000 7.000 7.000
12.000 11.000 12.000
19.000 8.000 19.000
22.000 13.000 19.000
24.000 13.000 20.000
35.000 25.000 31.000
21.000 22.000 30.000
25.000 33.000 38.000
36.000 48.000 52.000
