97.000 55.000 66.000
11.000 13.000 20.000
16.000 26.000 13.000
9.000 22.000 14.000
15.000 19.000 18.000
12.000 21.000 14.000
17.000 13.000 16.000
14.000 14.000 23.000
13.000 16.000 15.000
12.000 11.000 14.000
20.000 11.000 18.000
8.000 17.000 12.000
10.000 12.000 15.000
12.000 15.000 7.000
14.000 7.000 9.000
11.000 19.000 15.000
12.000 12.000 7.000
4.000 16.000 8.000
8.000 11.000 6.000
12.000 10.000 6.000
5.000 4.000 9.000
8.000 5.000 7.000
15.000 9.000 6.000
3.000 3.000 6.000
12.000 9.000 8.000
12.000 11.000 5.000
7.000 8.000 7.000
8.000 6.000 7.000
3.000 7.000 7.000
10.000 3.000 9.000
4.000 5.000 13.000
8.000 7.000 13.000
8.000 6.000 6.000
6.000 0.000 8.000
6.000 4.000 14.000
9.000 2.000 12.000
14.000 5.000 9.000
6.000 4.000 9.000
13.000 5.000 10.000
8.000 5.000 12.000
8.000 7.000 8.000
13.000 4.000 6.000
6.000 5.000 3.000
7.000 14.000 5.000
11.000 6.000 6.000
12.000 11.000 6.000
14.000 3.000 3.000
12.000 10.000 8.000
16.000 7.000 4.000
10.000 6.000 12.000
20.000 16.000 15.000
22.000 14.000 10.000
19.000 18.000 16.000
26.000 19.000 23.000
27.000 18.000 19.000
21.000 35.000 30.000
21.000 45.000 33.000
26.000 49.000 31.000
