81.000 69.000 80.000
11.000 21.000 23.000
22.000 23.000 12.000
10.000 24.000 22.000
19.000 19.000 26.000
16.000 13.000 15.000
14.000 20.000 19.000
21.000 15.000 13.000
9.000 14.000 18.000
16.000 14.000 14.000
16.000 9.000 13.000
10.000 16.000 10.000
13.000 18.000 7.000
6.000 8.000 13.000
11.000 18.000 14.000
14.000 19.000 14.000
13.000 15.000 12.000
11.000 6.000 7.000
11.000 17.000 7.000
8.000 13.000 4.000
20.000 7.000 6.000
12.000 3.000 8.000
9.000 5.000 6.000
9.000 6.000 4.000
4.000 7.000 7.000
7.000 5.000 8.000
3.000 7.000 7.000
14.000 12.000 10.000
7.000 8.000 14.000
7.000 13.000 8.000
10.000 11.000 16.000
5.000 4.000 15.000
15.000 5.000 6.000
7.000 4.000 8.000
6.000 2.000 10.000
11.000 7.000 10.000
9.000 5.000 6.000
4.000 3.000 8.000
10.000 3.000 6.000
6.000 6.000 9.000
6.000 2.000 4.000
7.000 7.000 7.000
5.000 1.000 3.000
7.000 5.000 4.000
10.000 6.000 4.000
12.000 7.000 4.000
11.000 5.000 10.000
13.000 6.000 1.000
10.000 4.000 7.000
18.000 10.000 13.000
16.000 10.000 13.000
20.000 16.000 18.000
17.000 15.000 16.000
24.000 12.000 18.000
21.000 29.000 24.000
31.000 29.000 33.000
19.000 43.000 34.000
32.000 51.000 35.000
