69.000 62.000 56.000
11.000 15.000 17.000
10.000 24.000 8.000
9.000 14.000 15.000
17.000 13.000 20.000
15.000 17.000 10.000
11.000 18.000 15.000
21.000 13.000 15.000
12.000 6.000 13.000
9.000 13.000 18.000
10.000 10.000 16.000
16.000 8.000 11.000
10.000 14.000 15.000
12.000 22.000 20.000
11.000 18.000 18.000
14.000 16.000 9.000
17.000 12.000 14.000
9.000 11.000 16.000
7.000 7.000 6.000
8.000 9.000 11.000
7.000 5.000 7.000
10.000 7.000 4.000
10.000 5.000 7.000
5.000 11.000 4.000
5.000 11.000 8.000
9.000 12.000 7.000
6.000 8.000 3.000
9.000 3.000 7.000
8.000 8.000 12.000
11.000 7.000 3.000
6.000 5.000 6.000
12.000 2.000 5.000
7.000 2.000 5.000
5.000 1.000 4.000
4.000 0.000 7.000
3.000 5.000 11.000
5.000 4.000 4.000
6.000 1.000 6.000
6.000 6.000 14.000
5.000 2.000 11.000
1.000 9.000 7.000
8.000 6.000 6.000
7.000 5.000 8.000
10.000 7.000 2.000
7.000 5.000 3.000
7.000 6.000 4.000
7.000 3.000 8.000
9.000 6.000 2.000
13.000 3.000 3.000
13.000 11.000 7.000
10.000 5.000 12.000
18.000 10.000 12.000
17.000 12.000 24.000
28.000 24.000 24.000
23.000 23.000 25.000
22.000 37.000 45.000
31.000 45.000 52.000
34.000 53.000 42.000
