84.000 74.000 74.000
6.000 30.000 21.000
16.000 25.000 13.000
11.000 17.000 16.000
25.000 15.000 29.000
13.000 22.000 16.000
14.000 15.000 9.000
18.000 16.000 17.000
5.000 12.000 21.000
9.000 10.000 10.000
11.000 11.000 14.000
18.000 12.000 12.000
12.000 11.000 17.000
16.000 12.000 15.000
11.000 18.000 9.000
12.000 18.000 15.000
10.000 12.000 10.000
14.000 15.000 11.000
12.000 8.000 8.000
10.000 12.000 9.000
8.000 3.000 5.000
14.000 10.000 3.000
11.000 10.000 5.000
11.000 9.000 7.000
14.000 9.000 7.000
16.000 9.000 2.000
5.000 8.000 13.000
10.000 8.000 8.000
5.000 10.000 10.000
7.000 9.000 8.000
9.000 10.000 14.000
10.000 7.000 15.000
8.000 8.000 10.000
10.000 4.000 7.000
9.000 5.000 10.000
11.000 5.000 8.000
9.000 5.000 13.000
9.000 5.000 16.000
8.000 3.000 8.000
8.000 2.000 6.000
9.000 9.000 7.000
11.000 4.000 5.000
8.000 6.000 8.000
12.000 10.000 7.000
8.000 4.000 5.000
10.000 5.000 4.000
10.000 4.000 8.000
18.000 4.000 6.000
12.000 6.000 10.000
13.000 12.000 6.000
18.000 10.000 10.000
20.000 14.000 14.000
16.000 16.000 16.000
12.000 18.000 27.000
22.000 22.000 19.000
36.000 29.000 29.000
23.000 35.000 34.000
25.000 52.000 37.000
