82.000 62.000 86.000
10.000 21.000 14.000
14.000 26.000 12.000
11.000 23.000 14.000
18.000 21.000 19.000
15.000 18.000 17.000
17.000 12.000 20.000
11.000 15.000 16.000
10.000 12.000 8.000
10.000 9.000 11.000
8.000 5.000 15.000
12.000 21.000 13.000
14.000 12.000 9.000
7.000 9.000 10.000
8.000 10.000 9.000
5.000 11.000 9.000
15.000 14.000 9.000
11.000 12.000 7.000
10.000 9.000 8.000
7.000 11.000 10.000
12.000 5.000 2.000
10.000 9.000 3.000
11.000 8.000 7.000
11.000 2.000 12.000
9.000 4.000 4.000
9.000 8.000 9.000
11.000 7.000 9.000
4.000 13.000 6.000
7.000 10.000 8.000
14.000 10.000 15.000
12.000 4.000 15.000
8.000 5.000 8.000
10.000 4.000 13.000
9.000 10.000 9.000
11.000 4.000 11.000
12.000 2.000 13.000
11.000 2.000 9.000
13.000 4.000 11.000
13.000 6.000 6.000
9.000 9.000 14.000
8.000 12.000 17.000
14.000 5.000 12.000
11.000 7.000 6.000
20.000 10.000 7.000
19.000 7.000 9.000
11.000 10.000 6.000
16.000 7.000 11.000
15.000 8.000 9.000
5.000 14.000 6.000
24.000 13.000 10.000
13.000 13.000 9.000
15.000 16.000 22.000
18.000 22.000 17.000
22.000 24.000 18.000
15.000 27.000 25.000
24.000 28.000 34.000
19.000 38.000 25.000
25.000 47.000 41.000
