115.000 85.000 105.000
14.000 28.000 29.000
13.000 35.000 27.000
19.000 33.000 21.000
15.000 17.000 31.000
19.000 24.000 22.000
14.000 21.000 23.000
20.000 22.000 19.000
15.000 12.000 14.000
20.000 18.000 10.000
9.000 11.000 15.000
18.000 16.000 14.000
11.000 21.000 16.000
13.000 13.000 13.000
10.000 15.000 11.000
8.000 14.000 9.000
15.000 11.000 13.000
16.000 10.000 11.000
11.000 10.000 12.000
9.000 11.000 6.000
14.000 8.000 5.000
13.000 3.000 1.000
9.000 7.000 6.000
11.000 6.000 6.000
8.000 2.000 6.000
5.000 3.000 11.000
11.000 9.000 10.000
11.000 6.000 5.000
7.000 4.000 10.000
5.000 6.000 7.000
6.000 4.000 10.000
13.000 8.000 13.000
5.000 4.000 7.000
9.000 3.000 6.000
9.000 4.000 7.000
9.000 1.000 11.000
8.000 2.000 7.000
6.000 3.000 9.000
11.000 8.000 7.000
2.000 2.000 6.000
5.000 7.000 4.000
13.000 8.000 8.000
9.000 8.000 4.000
5.000 11.000 2.000
10.000 11.000 5.000
21.000 4.000 3.000
9.000 6.000 0.000
14.000 8.000 7.000
15.000 2.000 6.000
17.000 9.000 7.000
12.000 7.000 10.000
22.000 10.000 13.000
11.000 14.000 23.000
19.000 18.000 15.000
17.000 27.000 18.000
19.000 29.000 22.000
19.000 41.000 31.000
22.000 36.000 32.000
