91.000 97.000 116.000
5.000 25.000 23.000
15.000 26.000 17.000
9.000 26.000 27.000
19.000 25.000 23.000
16.000 22.000 16.000
12.000 24.000 20.000
15.000 20.000 12.000
8.000 18.000 13.000
15.000 22.000 8.000
15.000 23.000 12.000
17.000 22.000 19.000
16.000 18.000 11.000
8.000 19.000 14.000
17.000 17.000 12.000
16.000 19.000 12.000
16.000 21.000 11.000
15.000 16.000 12.000
14.000 11.000 7.000
17.000 6.000 11.000
12.000 8.000 13.000
4.000 9.000 8.000
15.000 11.000 7.000
19.000 20.000 11.000
18.000 5.000 11.000
14.000 9.000 14.000
16.000 6.000 17.000
12.000 7.000 16.000
12.000 5.000 10.000
9.000 4.000 16.000
16.000 5.000 15.000
19.000 3.000 6.000
17.000 2.000 8.000
9.000 6.000 14.000
11.000 3.000 18.000
13.000 6.000 21.000
15.000 8.000 13.000
6.000 12.000 12.000
17.000 7.000 9.000
12.000 11.000 14.000
15.000 8.000 11.000
13.000 10.000 10.000
9.000 11.000 8.000
12.000 10.000 9.000
7.000 6.000 6.000
9.000 10.000 8.000
8.000 11.000 10.000
17.000 11.000 11.000
11.000 8.000 6.000
15.000 12.000 8.000
12.000 15.000 9.000
13.000 19.000 8.000
18.000 16.000 14.000
17.000 16.000 5.000
11.000 20.000 15.000
18.000 20.000 8.000
15.000 23.000 14.000
13.000 24.000 15.000
