74.000 79.000 82.000
8.000 26.000 22.000
18.000 30.000 15.000
9.000 22.000 21.000
20.000 18.000 21.000
20.000 19.000 13.000
10.000 10.000 20.000
14.000 16.000 18.000
12.000 13.000 20.000
13.000 19.000 16.000
17.000 15.000 17.000
20.000 11.000 20.000
15.000 18.000 18.000
15.000 21.000 7.000
11.000 15.000 10.000
16.000 17.000 14.000
17.000 14.000 8.000
11.000 9.000 11.000
11.000 11.000 10.000
10.000 7.000 10.000
15.000 6.000 3.000
11.000 5.000 12.000
9.000 9.000 11.000
12.000 14.000 9.000
6.000 9.000 12.000
9.000 9.000 11.000
9.000 14.000 3.000
12.000 17.000 12.000
7.000 6.000 8.000
5.000 8.000 12.000
10.000 7.000 10.000
9.000 5.000 10.000
8.000 4.000 8.000
8.000 4.000 16.000
8.000 2.000 7.000
7.000 4.000 12.000
7.000 1.000 11.000
9.000 4.000 5.000
6.000 2.000 8.000
16.000 4.000 13.000
10.000 8.000 6.000
3.000 5.000 6.000
8.000 7.000 5.000
14.000 7.000 9.000
11.000 6.000 5.000
12.000 9.000 8.000
12.000 4.000 8.000
9.000 11.000 11.000
8.000 10.000 10.000
12.000 10.000 9.000
12.000 12.000 6.000
9.000 19.000 18.000
13.000 16.000 9.000
10.000 17.000 13.000
17.000 34.000 22.000
20.000 28.000 32.000
20.000 33.000 22.000
18.000 44.000 25.000
