54.000 78.000 64.000
12.000 23.000 19.000
14.000 25.000 15.000
13.000 17.000 15.000
21.000 29.000 17.000
25.000 19.000 12.000
17.000 14.000 17.000
17.000 14.000 20.000
15.000 12.000 19.000
23.000 8.000 12.000
14.000 17.000 13.000
15.000 8.000 17.000
8.000 18.000 18.000
11.000 11.000 16.000
12.000 7.000 19.000
6.000 13.000 8.000
8.000 12.000 10.000
11.000 11.000 5.000
8.000 8.000 5.000
5.000 7.000 6.000
3.000 9.000 6.000
10.000 7.000 10.000
3.000 8.000 4.000
12.000 6.000 7.000
10.000 11.000 10.000
9.000 12.000 9.000
17.000 12.000 5.000
11.000 13.000 14.000
15.000 8.000 2.000
6.000 9.000 15.000
12.000 11.000 12.000
10.000 5.000 18.000
9.000 6.000 6.000
13.000 8.000 16.000
12.000 2.000 9.000
9.000 9.000 8.000
10.000 2.000 12.000
8.000 8.000 12.000
18.000 2.000 8.000
7.000 6.000 12.000
6.000 7.000 10.000
9.000 6.000 17.000
12.000 6.000 5.000
7.000 4.000 7.000
4.000 13.000 6.000
9.000 7.000 10.000
10.000 10.000 7.000
9.000 7.000 8.000
17.000 12.000 6.000
8.000 3.000 9.000
12.000 13.000 10.000
12.000 10.000 16.000
17.000 19.000 14.000
21.000 23.000 22.000
18.000 26.000 24.000
27.000 38.000 19.000
19.000 28.000 38.000
23.000 39.000 29.000
