95.000 80.000 86.000
18.000 27.000 22.000
19.000 27.000 18.000
14.000 16.000 17.000
17.000 22.000 14.000
12.000 16.000 17.000
7.000 11.000 15.000
14.000 11.000 15.000
8.000 14.000 10.000
16.000 10.000 14.000
16.000 9.000 16.000
3.000 6.000 14.000
13.000 15.000 11.000
7.000 10.000 6.000
7.000 15.000 10.000
8.000 11.000 4.000
11.000 4.000 13.000
10.000 2.000 7.000
6.000 12.000 3.000
4.000 7.000 4.000
7.000 8.000 3.000
9.000 4.000 5.000
7.000 7.000 4.000
6.000 10.000 6.000
9.000 9.000 5.000
6.000 8.000 12.000
13.000 10.000 9.000
11.000 11.000 10.000
10.000 8.000 11.000
10.000 12.000 11.000
10.000 11.000 19.000
11.000 7.000 7.000
10.000 7.000 10.000
11.000 5.000 10.000
4.000 6.000 14.000
13.000 3.000 8.000
10.000 4.000 11.000
2.000 2.000 7.000
3.000 3.000 8.000
6.000 5.000 10.000
12.000 5.000 6.000
11.000 4.000 7.000
5.000 5.000 16.000
5.000 7.000 5.000
8.000 9.000 4.000
10.000 9.000 5.000
10.000 9.000 8.000
12.000 14.000 10.000
11.000 8.000 7.000
13.000 4.000 4.000
14.000 11.000 9.000
10.000 11.000 13.000
22.000 11.000 17.000
22.000 17.000 24.000
26.000 20.000 34.000
19.000 35.000 30.000
30.000 38.000 29.000
41.000 51.000 44.000
