93.000 84.000 56.000
14.000 22.000 17.000
14.000 20.000 5.000
17.000 21.000 18.000
15.000 18.000 20.000
14.000 11.000 11.000
15.000 25.000 25.000
15.000 19.000 20.000
5.000 16.000 14.000
9.000 11.000 18.000
9.000 5.000 14.000
16.000 20.000 12.000
11.000 9.000 14.000
8.000 14.000 17.000
10.000 16.000 11.000
12.000 14.000 13.000
12.000 13.000 11.000
12.000 13.000 10.000
10.000 14.000 5.000
9.000 4.000 11.000
9.000 11.000 3.000
7.000 17.000 9.000
9.000 10.000 5.000
4.000 10.000 7.000
15.000 7.000 6.000
8.000 18.000 12.000
9.000 6.000 6.000
7.000 9.000 9.000
6.000 10.000 13.000
9.000 4.000 13.000
9.000 5.000 13.000
13.000 5.000 14.000
11.000 6.000 12.000
11.000 4.000 21.000
10.000 3.000 17.000
14.000 9.000 19.000
14.000 4.000 15.000
10.000 4.000 13.000
18.000 6.000 13.000
20.000 8.000 9.000
9.000 7.000 13.000
13.000 10.000 9.000
15.000 7.000 11.000
12.000 14.000 14.000
14.000 7.000 10.000
15.000 16.000 3.000
16.000 11.000 10.000
14.000 11.000 10.000
15.000 12.000 15.000
19.000 14.000 14.000
16.000 13.000 13.000
15.000 15.000 15.000
18.000 19.000 16.000
18.000 24.000 15.000
15.000 20.000 22.000
14.000 16.000 22.000
21.000 25.000 22.000
16.000 37.000 30.000
