83.000 58.000 70.000
2.000 25.000 15.000
13.000 23.000 5.000
7.000 18.000 12.000
10.000 26.000 13.000
13.000 11.000 18.000
14.000 14.000 9.000
17.000 17.000 16.000
6.000 21.000 15.000
10.000 10.000 14.000
9.000 7.000 11.000
10.000 20.000 8.000
16.000 10.000 14.000
16.000 23.000 8.000
13.000 9.000 12.000
6.000 9.000 17.000
12.000 11.000 12.000
8.000 9.000 10.000
16.000 10.000 11.000
11.000 20.000 8.000
10.000 20.000 7.000
12.000 17.000 15.000
15.000 10.000 9.000
11.000 14.000 9.000
16.000 11.000 9.000
12.000 7.000 11.000
16.000 6.000 7.000
16.000 6.000 16.000
15.000 7.000 11.000
15.000 7.000 11.000
15.000 5.000 19.000
8.000 5.000 15.000
12.000 8.000 13.000
16.000 12.000 15.000
15.000 10.000 14.000
5.000 7.000 18.000
12.000 6.000 13.000
15.000 4.000 12.000
16.000 5.000 16.000
13.000 16.000 21.000
15.000 14.000 16.000
10.000 14.000 13.000
15.000 10.000 14.000
14.000 12.000 8.000
5.000 17.000 9.000
12.000 11.000 8.000
12.000 12.000 10.000
11.000 12.000 15.000
19.000 14.000 4.000
15.000 17.000 12.000
13.000 15.000 17.000
16.000 20.000 12.000
10.000 17.000 14.000
11.000 14.000 22.000
13.000 26.000 22.000
11.000 38.000 22.000
14.000 43.000 20.000
17.000 19.000 20.000
