70.000 58.000 86.000
7.000 21.000 8.000
13.000 21.000 13.000
14.000 14.000 15.000
21.000 16.000 32.000
16.000 12.000 14.000
9.000 17.000 16.000
22.000 20.000 19.000
9.000 14.000 18.000
15.000 5.000 11.000
8.000 17.000 13.000
13.000 15.000 17.000
20.000 18.000 15.000
16.000 21.000 12.000
16.000 19.000 10.000
10.000 20.000 10.000
16.000 18.000 10.000
14.000 12.000 13.000
15.000 17.000 14.000
13.000 12.000 12.000
16.000 20.000 8.000
12.000 12.000 5.000
10.000 13.000 11.000
7.000 11.000 4.000
13.000 8.000 8.000
9.000 16.000 10.000
17.000 13.000 16.000
17.000 9.000 8.000
18.000 6.000 16.000
18.000 14.000 16.000
10.000 11.000 21.000
16.000 5.000 12.000
12.000 2.000 15.000
13.000 4.000 15.000
10.000 3.000 16.000
20.000 6.000 16.000
8.000 5.000 13.000
9.000 6.000 15.000
14.000 6.000 18.000
7.000 9.000 12.000
16.000 10.000 11.000
7.000 9.000 17.000
8.000 10.000 13.000
17.000 16.000 8.000
17.000 16.000 13.000
14.000 25.000 6.000
18.000 17.000 13.000
11.000 13.000 12.000
10.000 10.000 8.000
14.000 20.000 10.000
12.000 12.000 11.000
8.000 17.000 10.000
13.000 14.000 15.000
19.000 15.000 20.000
19.000 14.000 21.000
12.000 23.000 15.000
11.000 31.000 18.000
12.000 19.000 15.000
