102.000 88.000 80.000
20.000 33.000 35.000
30.000 30.000 26.000
15.000 23.000 20.000
30.000 30.000 31.000
27.000 22.000 15.000
10.000 16.000 22.000
16.000 23.000 19.000
17.000 11.000 24.000
12.000 9.000 10.000
14.000 10.000 10.000
14.000 8.000 12.000
10.000 17.000 8.000
20.000 14.000 11.000
11.000 15.000 13.000
4.000 18.000 15.000
12.000 10.000 12.000
7.000 9.000 10.000
10.000 3.000 5.000
10.000 3.000 3.000
5.000 10.000 5.000
2.000 6.000 7.000
9.000 2.000 6.000
6.000 6.000 10.000
11.000 6.000 6.000
5.000 6.000 9.000
6.000 8.000 4.000
10.000 10.000 8.000
7.000 10.000 7.000
7.000 7.000 11.000
11.000 5.000 3.000
2.000 5.000 9.000
4.000 5.000 5.000
3.000 1.000 5.000
11.000 3.000 5.000
3.000 5.000 5.000
6.000 0.000 3.000
4.000 0.000 2.000
2.000 2.000 4.000
2.000 1.000 3.000
5.000 1.000 1.000
3.000 5.000 5.000
4.000 1.000 2.000
2.000 5.000 6.000
3.000 3.000 2.000
7.000 3.000 3.000
5.000 5.000 5.000
6.000 4.000 1.000
7.000 1.000 2.000
8.000 3.000 2.000
8.000 7.000 2.000
9.000 3.000 7.000
14.000 8.000 6.000
14.000 16.000 20.000
27.000 16.000 30.000
28.000 34.000 27.000
35.000 48.000 37.000
41.000 60.000 54.000
