92.000 67.000 94.000
19.000 35.000 29.000
33.000 29.000 17.000
10.000 27.000 18.000
19.000 14.000 24.000
16.000 18.000 8.000
13.000 22.000 26.000
16.000 16.000 13.000
12.000 15.000 15.000
19.000 9.000 15.000
12.000 10.000 13.000
12.000 16.000 16.000
12.000 11.000 14.000
13.000 19.000 7.000
12.000 18.000 14.000
11.000 6.000 11.000
11.000 16.000 5.000
11.000 14.000 11.000
8.000 11.000 15.000
11.000 7.000 5.000
6.000 12.000 7.000
12.000 4.000 11.000
10.000 5.000 8.000
11.000 10.000 7.000
11.000 8.000 10.000
7.000 7.000 11.000
11.000 14.000 3.000
11.000 18.000 14.000
8.000 10.000 10.000
6.000 10.000 8.000
5.000 5.000 12.000
9.000 5.000 9.000
7.000 5.000 6.000
4.000 3.000 8.000
6.000 0.000 2.000
6.000 3.000 7.000
4.000 2.000 10.000
4.000 2.000 8.000
5.000 5.000 6.000
4.000 1.000 8.000
7.000 2.000 8.000
8.000 8.000 1.000
10.000 3.000 1.000
5.000 6.000 7.000
10.000 7.000 4.000
10.000 3.000 3.000
7.000 5.000 0.000
13.000 5.000 10.000
3.000 8.000 5.000
12.000 2.000 8.000
14.000 5.000 4.000
13.000 10.000 14.000
13.000 9.000 16.000
26.000 19.000 23.000
21.000 21.000 24.000
18.000 40.000 27.000
33.000 44.000 21.000
25.000 46.000 31.000
