134.000 117.000 133.000
38.000 56.000 48.000
43.000 37.000 21.000
39.000 37.000 33.000
19.000 20.000 24.000
17.000 15.000 21.000
17.000 20.000 19.000
21.000 21.000 20.000
20.000 25.000 24.000
15.000 13.000 18.000
16.000 16.000 16.000
12.000 9.000 10.000
17.000 16.000 11.000
12.000 17.000 12.000
21.000 16.000 18.000
10.000 15.000 15.000
7.000 10.000 14.000
7.000 6.000 6.000
9.000 11.000 8.000
4.000 3.000 1.000
4.000 3.000 5.000
3.000 1.000 2.000
4.000 5.000 7.000
4.000 3.000 0.000
2.000 5.000 4.000
8.000 5.000 8.000
8.000 8.000 7.000
7.000 9.000 8.000
12.000 12.000 9.000
7.000 6.000 7.000
3.000 3.000 7.000
3.000 0.000 2.000
3.000 1.000 2.000
3.000 4.000 6.000
0.000 0.000 5.000
0.000 0.000 4.000
1.000 2.000 2.000
2.000 1.000 4.000
1.000 1.000 0.000
3.000 2.000 2.000
3.000 2.000 2.000
1.000 3.000 0.000
4.000 0.000 3.000
2.000 1.000 2.000
1.000 3.000 2.000
3.000 2.000 0.000
2.000 4.000 4.000
2.000 0.000 0.000
1.000 4.000 6.000
2.000 2.000 0.000
1.000 2.000 0.000
2.000 2.000 1.000
6.000 6.000 6.000
7.000 10.000 10.000
15.000 16.000 17.000
33.000 25.000 31.000
54.000 42.000 48.000
62.000 63.000 50.000
