95.000 86.000 111.000
8.000 31.000 26.000
25.000 25.000 20.000
17.000 29.000 34.000
23.000 26.000 18.000
22.000 14.000 19.000
15.000 22.000 23.000
15.000 22.000 16.000
11.000 27.000 21.000
16.000 21.000 19.000
16.000 8.000 12.000
17.000 11.000 8.000
18.000 14.000 13.000
10.000 19.000 13.000
9.000 10.000 11.000
10.000 12.000 6.000
13.000 13.000 8.000
11.000 8.000 7.000
12.000 11.000 9.000
14.000 2.000 7.000
9.000 5.000 5.000
8.000 4.000 5.000
12.000 9.000 3.000
9.000 6.000 11.000
7.000 3.000 10.000
8.000 5.000 8.000
10.000 9.000 10.000
7.000 15.000 10.000
8.000 12.000 5.000
8.000 7.000 8.000
10.000 9.000 4.000
7.000 2.000 4.000
5.000 4.000 11.000
4.000 2.000 10.000
5.000 2.000 8.000
6.000 3.000 6.000
6.000 0.000 5.000
7.000 6.000 9.000
6.000 5.000 3.000
7.000 3.000 3.000
7.000 6.000 5.000
6.000 1.000 2.000
3.000 3.000 6.000
6.000 4.000 6.000
7.000 6.000 6.000
2.000 8.000 5.000
9.000 4.000 2.000
12.000 4.000 2.000
9.000 9.000 4.000
14.000 4.000 6.000
9.000 4.000 3.000
10.000 5.000 13.000
10.000 12.000 15.000
17.000 14.000 15.000
20.000 22.000 18.000
26.000 26.000 19.000
23.000 38.000 40.000
37.000 54.000 50.000
