82.000 57.000 78.000
12.000 29.000 20.000
15.000 27.000 9.000
13.000 15.000 25.000
15.000 16.000 21.000
15.000 14.000 20.000
12.000 24.000 17.000
6.000 18.000 16.000
18.000 10.000 13.000
18.000 14.000 15.000
17.000 14.000 7.000
11.000 14.000 13.000
12.000 13.000 8.000
12.000 9.000 11.000
6.000 7.000 7.000
7.000 10.000 12.000
8.000 17.000 6.000
9.000 9.000 7.000
7.000 6.000 10.000
13.000 7.000 6.000
8.000 6.000 6.000
7.000 4.000 6.000
7.000 7.000 3.000
11.000 10.000 7.000
10.000 3.000 12.000
4.000 4.000 7.000
6.000 12.000 8.000
10.000 7.000 8.000
11.000 15.000 8.000
4.000 9.000 13.000
7.000 9.000 6.000
5.000 9.000 11.000
6.000 4.000 10.000
4.000 5.000 8.000
11.000 4.000 11.000
8.000 4.000 14.000
4.000 4.000 5.000
11.000 2.000 9.000
2.000 2.000 11.000
7.000 4.000 8.000
4.000 4.000 7.000
15.000 1.000 5.000
10.000 5.000 12.000
11.000 5.000 12.000
8.000 11.000 8.000
14.000 10.000 5.000
6.000 7.000 4.000
13.000 8.000 8.000
12.000 12.000 10.000
15.000 14.000 9.000
14.000 12.000 10.000
17.000 9.000 21.000
17.000 14.000 21.000
18.000 14.000 19.000
19.000 27.000 25.000
25.000 32.000 35.000
30.000 51.000 38.000
23.000 49.000 35.000
