75.000 54.000 71.000
7.000 14.000 19.000
12.000 22.000 12.000
4.000 25.000 15.000
11.000 14.000 17.000
17.000 15.000 14.000
16.000 15.000 12.000
17.000 15.000 21.000
15.000 18.000 15.000
19.000 12.000 15.000
14.000 13.000 12.000
19.000 14.000 6.000
21.000 14.000 11.000
8.000 12.000 15.000
9.000 18.000 11.000
12.000 13.000 14.000
14.000 14.000 14.000
11.000 17.000 8.000
13.000 8.000 11.000
11.000 11.000 7.000
11.000 11.000 6.000
7.000 7.000 6.000
6.000 10.000 9.000
9.000 11.000 8.000
9.000 12.000 8.000
11.000 4.000 15.000
12.000 10.000 11.000
11.000 11.000 14.000
14.000 7.000 18.000
9.000 10.000 16.000
13.000 10.000 10.000
14.000 8.000 16.000
10.000 6.000 13.000
18.000 7.000 18.000
10.000 9.000 9.000
8.000 8.000 13.000
14.000 3.000 7.000
9.000 8.000 14.000
22.000 9.000 15.000
13.000 5.000 15.000
13.000 9.000 12.000
14.000 8.000 11.000
8.000 14.000 18.000
8.000 8.000 7.000
13.000 17.000 14.000
16.000 14.000 7.000
16.000 13.000 11.000
9.000 14.000 5.000
16.000 22.000 14.000
12.000 7.000 12.000
16.000 16.000 18.000
11.000 8.000 17.000
9.000 17.000 18.000
14.000 11.000 17.000
26.000 17.000 18.000
8.000 29.000 25.000
23.000 30.000 19.000
20.000 35.000 20.000
