74.000 88.000 84.000
7.000 21.000 20.000
8.000 18.000 12.000
7.000 16.000 15.000
18.000 31.000 15.000
18.000 23.000 15.000
8.000 22.000 9.000
10.000 14.000 12.000
12.000 13.000 15.000
13.000 9.000 12.000
7.000 11.000 10.000
7.000 15.000 10.000
12.000 13.000 10.000
6.000 9.000 7.000
4.000 20.000 3.000
6.000 14.000 6.000
8.000 16.000 4.000
4.000 7.000 9.000
4.000 19.000 3.000
20.000 13.000 8.000
13.000 14.000 10.000
5.000 6.000 8.000
9.000 6.000 5.000
12.000 8.000 14.000
11.000 12.000 7.000
17.000 10.000 11.000
10.000 4.000 14.000
14.000 6.000 17.000
13.000 3.000 13.000
7.000 6.000 15.000
7.000 5.000 18.000
11.000 6.000 18.000
9.000 2.000 14.000
7.000 3.000 16.000
10.000 2.000 17.000
6.000 6.000 23.000
10.000 5.000 20.000
10.000 4.000 8.000
7.000 3.000 11.000
13.000 9.000 14.000
8.000 8.000 12.000
11.000 11.000 15.000
12.000 15.000 9.000
13.000 17.000 15.000
12.000 11.000 9.000
22.000 12.000 13.000
22.000 14.000 8.000
14.000 12.000 10.000
10.000 14.000 12.000
22.000 18.000 11.000
24.000 17.000 8.000
15.000 16.000 12.000
21.000 11.000 7.000
20.000 31.000 18.000
17.000 23.000 24.000
25.000 34.000 14.000
19.000 20.000 15.000
22.000 29.000 22.000
