77.000 70.000 103.000
13.000 27.000 25.000
24.000 27.000 20.000
12.000 27.000 21.000
12.000 19.000 17.000
20.000 28.000 27.000
16.000 18.000 27.000
14.000 21.000 19.000
14.000 17.000 12.000
22.000 12.000 12.000
17.000 19.000 10.000
23.000 11.000 17.000
10.000 13.000 7.000
13.000 14.000 11.000
10.000 17.000 10.000
10.000 19.000 16.000
10.000 6.000 8.000
8.000 9.000 6.000
9.000 5.000 11.000
11.000 8.000 13.000
12.000 5.000 10.000
11.000 10.000 10.000
4.000 8.000 8.000
8.000 12.000 11.000
5.000 9.000 9.000
4.000 9.000 5.000
15.000 7.000 12.000
12.000 6.000 4.000
11.000 9.000 7.000
8.000 8.000 13.000
5.000 4.000 5.000
8.000 6.000 8.000
8.000 2.000 9.000
10.000 7.000 9.000
10.000 4.000 6.000
6.000 2.000 9.000
17.000 4.000 11.000
6.000 5.000 5.000
10.000 3.000 12.000
5.000 3.000 8.000
4.000 5.000 7.000
7.000 7.000 7.000
9.000 8.000 8.000
8.000 11.000 3.000
6.000 9.000 5.000
7.000 3.000 4.000
15.000 7.000 8.000
9.000 6.000 5.000
9.000 10.000 7.000
10.000 6.000 7.000
7.000 8.000 7.000
9.000 16.000 18.000
17.000 10.000 8.000
16.000 13.000 16.000
31.000 28.000 27.000
24.000 29.000 37.000
28.000 36.000 18.000
36.000 43.000 31.000
