98.000 83.000 84.000
17.000 28.000 25.000
32.000 30.000 24.000
15.000 19.000 25.000
26.000 20.000 20.000
25.000 24.000 15.000
13.000 19.000 24.000
17.000 14.000 7.000
14.000 17.000 17.000
17.000 8.000 16.000
13.000 12.000 16.000
10.000 8.000 10.000
10.000 20.000 16.000
13.000 12.000 8.000
17.000 14.000 14.000
10.000 14.000 9.000
6.000 10.000 5.000
7.000 8.000 12.000
8.000 8.000 9.000
7.000 6.000 7.000
8.000 10.000 8.000
9.000 2.000 4.000
6.000 7.000 12.000
7.000 10.000 8.000
6.000 13.000 5.000
8.000 5.000 3.000
5.000 10.000 7.000
7.000 6.000 9.000
11.000 5.000 8.000
5.000 14.000 6.000
3.000 5.000 12.000
8.000 4.000 3.000
5.000 1.000 3.000
9.000 1.000 9.000
6.000 2.000 8.000
7.000 2.000 10.000
5.000 9.000 6.000
2.000 0.000 10.000
4.000 2.000 6.000
4.000 3.000 7.000
6.000 5.000 7.000
5.000 1.000 7.000
13.000 5.000 2.000
6.000 3.000 7.000
9.000 3.000 5.000
5.000 6.000 4.000
10.000 4.000 4.000
7.000 10.000 6.000
7.000 7.000 2.000
4.000 9.000 3.000
12.000 5.000 12.000
12.000 4.000 12.000
14.000 11.000 20.000
18.000 14.000 26.000
27.000 14.000 22.000
33.000 29.000 30.000
37.000 57.000 38.000
44.000 54.000 43.000
