80.000 75.000 67.000
9.000 41.000 35.000
19.000 25.000 15.000
9.000 22.000 24.000
19.000 22.000 28.000
22.000 20.000 18.000
16.000 7.000 12.000
23.000 14.000 14.000
13.000 21.000 19.000
22.000 11.000 19.000
4.000 10.000 16.000
16.000 20.000 8.000
21.000 10.000 17.000
18.000 10.000 13.000
15.000 17.000 12.000
5.000 14.000 10.000
11.000 9.000 9.000
10.000 9.000 12.000
5.000 8.000 9.000
10.000 7.000 1.000
8.000 4.000 7.000
8.000 0.000 7.000
6.000 8.000 4.000
14.000 6.000 8.000
6.000 7.000 6.000
7.000 11.000 3.000
8.000 6.000 7.000
5.000 12.000 12.000
7.000 8.000 10.000
10.000 7.000 9.000
11.000 8.000 6.000
5.000 4.000 3.000
7.000 10.000 6.000
3.000 1.000 8.000
6.000 1.000 3.000
0.000 3.000 2.000
4.000 1.000 9.000
2.000 1.000 3.000
2.000 1.000 4.000
6.000 2.000 7.000
1.000 3.000 4.000
1.000 0.000 5.000
4.000 0.000 3.000
4.000 3.000 2.000
6.000 2.000 1.000
7.000 5.000 1.000
6.000 3.000 2.000
6.000 7.000 4.000
11.000 4.000 0.000
10.000 1.000 6.000
8.000 4.000 4.000
11.000 8.000 7.000
17.000 8.000 13.000
26.000 16.000 18.000
18.000 29.000 32.000
35.000 40.000 36.000
41.000 50.000 44.000
46.000 60.000 56.000
