133.000 86.000 92.000
17.000 23.000 25.000
32.000 20.000 11.000
17.000 36.000 17.000
22.000 18.000 15.000
23.000 20.000 22.000
10.000 24.000 15.000
15.000 17.000 22.000
11.000 19.000 18.000
14.000 19.000 16.000
14.000 12.000 19.000
7.000 24.000 16.000
12.000 12.000 17.000
13.000 10.000 16.000
6.000 9.000 15.000
13.000 17.000 10.000
14.000 12.000 12.000
13.000 12.000 8.000
13.000 8.000 6.000
5.000 9.000 9.000
7.000 7.000 6.000
12.000 8.000 6.000
4.000 7.000 6.000
6.000 11.000 12.000
7.000 17.000 8.000
11.000 12.000 6.000
9.000 12.000 9.000
13.000 8.000 11.000
6.000 6.000 13.000
7.000 3.000 12.000
9.000 2.000 15.000
13.000 6.000 14.000
8.000 4.000 12.000
9.000 4.000 16.000
8.000 0.000 10.000
4.000 4.000 11.000
5.000 3.000 13.000
10.000 4.000 8.000
7.000 4.000 2.000
11.000 5.000 7.000
7.000 6.000 3.000
8.000 8.000 3.000
6.000 3.000 1.000
9.000 9.000 9.000
15.000 6.000 8.000
8.000 10.000 13.000
9.000 6.000 7.000
9.000 7.000 7.000
14.000 3.000 5.000
15.000 11.000 6.000
11.000 9.000 9.000
11.000 17.000 17.000
18.000 16.000 13.000
21.000 17.000 12.000
17.000 23.000 16.000
12.000 35.000 16.000
24.000 32.000 14.000
19.000 42.000 20.000
