67.000 83.000 95.000
6.000 22.000 34.000
29.000 32.000 15.000
15.000 26.000 30.000
23.000 25.000 27.000
33.000 19.000 17.000
17.000 21.000 17.000
27.000 21.000 15.000
9.000 13.000 13.000
14.000 11.000 15.000
19.000 18.000 15.000
17.000 18.000 17.000
19.000 11.000 10.000
8.000 12.000 13.000
16.000 23.000 19.000
11.000 12.000 11.000
13.000 9.000 9.000
16.000 6.000 6.000
8.000 4.000 9.000
7.000 14.000 6.000
7.000 6.000 8.000
5.000 5.000 7.000
9.000 4.000 5.000
6.000 6.000 3.000
10.000 3.000 6.000
8.000 9.000 14.000
8.000 6.000 8.000
8.000 9.000 9.000
3.000 12.000 1.000
5.000 6.000 4.000
15.000 3.000 5.000
4.000 11.000 8.000
11.000 5.000 9.000
8.000 7.000 8.000
7.000 5.000 4.000
2.000 4.000 6.000
7.000 3.000 8.000
4.000 0.000 7.000
5.000 2.000 6.000
7.000 2.000 7.000
6.000 3.000 7.000
1.000 5.000 10.000
2.000 4.000 4.000
5.000 3.000 5.000
7.000 6.000 3.000
4.000 4.000 4.000
7.000 5.000 5.000
9.000 8.000 4.000
3.000 4.000 3.000
4.000 5.000 5.000
8.000 5.000 9.000
11.000 8.000 11.000
19.000 4.000 17.000
19.000 22.000 13.000
25.000 17.000 23.000
21.000 35.000 31.000
38.000 41.000 35.000
30.000 50.000 50.000
