64.000 70.000 75.000
5.000 14.000 14.000
18.000 9.000 9.000
3.000 15.000 20.000
12.000 12.000 14.000
7.000 13.000 14.000
11.000 23.000 11.000
10.000 14.000 10.000
8.000 13.000 6.000
7.000 8.000 13.000
8.000 9.000 18.000
7.000 14.000 15.000
11.000 12.000 10.000
14.000 10.000 7.000
11.000 18.000 10.000
9.000 15.000 3.000
3.000 16.000 5.000
8.000 8.000 5.000
10.000 7.000 7.000
6.000 16.000 8.000
11.000 14.000 10.000
11.000 7.000 7.000
16.000 12.000 10.000
12.000 12.000 8.000
15.000 9.000 16.000
9.000 11.000 23.000
13.000 4.000 10.000
9.000 6.000 8.000
11.000 11.000 15.000
11.000 5.000 16.000
12.000 8.000 25.000
10.000 10.000 21.000
16.000 8.000 17.000
11.000 3.000 12.000
13.000 8.000 17.000
13.000 3.000 22.000
13.000 11.000 13.000
17.000 6.000 19.000
12.000 4.000 15.000
8.000 6.000 20.000
15.000 9.000 20.000
11.000 10.000 18.000
13.000 9.000 9.000
9.000 9.000 14.000
14.000 19.000 8.000
12.000 22.000 8.000
9.000 19.000 7.000
19.000 18.000 12.000
14.000 24.000 11.000
13.000 17.000 11.000
23.000 17.000 12.000
19.000 14.000 21.000
15.000 17.000 19.000
17.000 16.000 24.000
21.000 26.000 19.000
31.000 22.000 19.000
14.000 31.000 13.000
15.000 19.000 17.000
