87.000 140.000 112.000
7.000 30.000 17.000
21.000 29.000 12.000
11.000 17.000 19.000
21.000 19.000 23.000
17.000 12.000 14.000
19.000 15.000 17.000
14.000 16.000 28.000
15.000 18.000 27.000
19.000 15.000 9.000
10.000 12.000 23.000
19.000 22.000 22.000
16.000 13.000 15.000
15.000 22.000 20.000
14.000 11.000 10.000
13.000 15.000 14.000
16.000 12.000 15.000
13.000 18.000 6.000
9.000 6.000 7.000
8.000 5.000 14.000
7.000 7.000 7.000
5.000 11.000 9.000
13.000 10.000 4.000
10.000 10.000 12.000
15.000 5.000 11.000
10.000 7.000 12.000
9.000 7.000 13.000
8.000 10.000 9.000
9.000 4.000 8.000
14.000 10.000 7.000
12.000 4.000 24.000
14.000 6.000 5.000
18.000 7.000 16.000
12.000 1.000 14.000
10.000 2.000 15.000
7.000 4.000 9.000
8.000 9.000 7.000
9.000 4.000 8.000
6.000 4.000 9.000
10.000 5.000 11.000
6.000 6.000 12.000
7.000 10.000 9.000
7.000 13.000 6.000
11.000 7.000 5.000
13.000 12.000 6.000
8.000 9.000 7.000
13.000 10.000 6.000
9.000 8.000 12.000
8.000 9.000 8.000
11.000 9.000 6.000
9.000 8.000 6.000
11.000 8.000 11.000
16.000 10.000 14.000
17.000 13.000 15.000
11.000 17.000 12.000
12.000 20.000 20.000
25.000 27.000 22.000
12.000 29.000 29.000
