67.000 53.000 81.000
7.000 25.000 8.000
15.000 21.000 13.000
7.000 7.000 16.000
14.000 18.000 19.000
13.000 13.000 13.000
18.000 19.000 14.000
24.000 10.000 12.000
10.000 11.000 9.000
11.000 12.000 10.000
5.000 9.000 11.000
7.000 11.000 11.000
8.000 11.000 11.000
6.000 6.000 7.000
13.000 12.000 6.000
11.000 8.000 4.000
9.000 6.000 11.000
15.000 9.000 7.000
10.000 5.000 12.000
8.000 5.000 4.000
5.000 9.000 9.000
11.000 11.000 5.000
8.000 13.000 9.000
9.000 13.000 16.000
10.000 8.000 9.000
15.000 8.000 10.000
13.000 17.000 15.000
9.000 8.000 22.000
13.000 12.000 21.000
13.000 14.000 16.000
15.000 12.000 12.000
10.000 7.000 19.000
11.000 5.000 18.000
12.000 7.000 20.000
14.000 9.000 16.000
9.000 9.000 18.000
9.000 8.000 18.000
8.000 10.000 15.000
9.000 12.000 18.000
14.000 7.000 15.000
15.000 5.000 13.000
12.000 12.000 12.000
10.000 5.000 13.000
13.000 11.000 17.000
10.000 14.000 9.000
14.000 23.000 16.000
12.000 15.000 15.000
16.000 22.000 10.000
18.000 22.000 9.000
23.000 24.000 8.000
17.000 14.000 16.000
19.000 15.000 13.000
17.000 18.000 19.000
25.000 25.000 18.000
27.000 23.000 12.000
18.000 26.000 19.000
19.000 27.000 21.000
17.000 26.000 23.000
