83.000 51.000 44.000
6.000 14.000 4.000
5.000 12.000 6.000
8.000 7.000 15.000
12.000 8.000 10.000
9.000 10.000 12.000
8.000 9.000 13.000
15.000 12.000 5.000
14.000 9.000 12.000
16.000 13.000 11.000
19.000 20.000 15.000
13.000 10.000 9.000
11.000 19.000 6.000
15.000 14.000 12.000
5.000 20.000 12.000
16.000 19.000 11.000
9.000 18.000 12.000
15.000 16.000 11.000
17.000 24.000 16.000
11.000 19.000 15.000
11.000 25.000 12.000
14.000 23.000 13.000
21.000 21.000 22.000
13.000 11.000 18.000
19.000 15.000 15.000
20.000 19.000 16.000
19.000 11.000 16.000
18.000 12.000 12.000
15.000 8.000 13.000
19.000 8.000 14.000
22.000 7.000 18.000
17.000 6.000 18.000
21.000 4.000 20.000
20.000 8.000 18.000
20.000 5.000 16.000
17.000 6.000 19.000
15.000 6.000 28.000
18.000 11.000 20.000
21.000 4.000 23.000
17.000 7.000 24.000
16.000 13.000 24.000
22.000 10.000 21.000
15.000 18.000 11.000
10.000 19.000 12.000
12.000 11.000 11.000
19.000 19.000 15.000
13.000 15.000 11.000
16.000 20.000 14.000
10.000 22.000 15.000
13.000 30.000 6.000
10.000 18.000 14.000
9.000 18.000 14.000
11.000 24.000 12.000
6.000 18.000 15.000
9.000 26.000 8.000
10.000 17.000 13.000
11.000 13.000 5.000
9.000 17.000 17.000
