95.000 77.000 78.000
12.000 41.000 27.000
26.000 25.000 19.000
17.000 29.000 24.000
16.000 23.000 25.000
30.000 22.000 18.000
17.000 11.000 24.000
23.000 17.000 24.000
17.000 27.000 21.000
11.000 13.000 20.000
16.000 10.000 8.000
15.000 13.000 15.000
25.000 15.000 18.000
15.000 19.000 14.000
10.000 16.000 12.000
6.000 17.000 20.000
13.000 8.000 15.000
8.000 10.000 7.000
10.000 10.000 7.000
10.000 6.000 4.000
10.000 2.000 4.000
5.000 5.000 12.000
11.000 6.000 4.000
8.000 6.000 5.000
6.000 8.000 7.000
9.000 12.000 8.000
7.000 8.000 7.000
10.000 13.000 10.000
7.000 10.000 10.000
8.000 14.000 12.000
12.000 5.000 9.000
11.000 6.000 12.000
8.000 4.000 4.000
5.000 5.000 3.000
6.000 1.000 3.000
4.000 5.000 6.000
7.000 1.000 9.000
3.000 2.000 8.000
3.000 3.000 5.000
4.000 4.000 6.000
3.000 6.000 7.000
3.000 3.000 7.000
2.000 6.000 4.000
3.000 5.000 3.000
8.000 5.000 4.000
3.000 4.000 4.000
5.000 6.000 1.000
13.000 1.000 1.000
7.000 5.000 1.000
6.000 3.000 3.000
10.000 4.000 5.000
6.000 5.000 3.000
19.000 8.000 9.000
17.000 6.000 14.000
25.000 22.000 30.000
22.000 32.000 32.000
18.000 53.000 39.000
41.000 55.000 41.000
