62.000 63.000 64.000
3.000 13.000 16.000
7.000 32.000 12.000
8.000 19.000 10.000
7.000 18.000 13.000
13.000 13.000 9.000
5.000 18.000 10.000
7.000 13.000 9.000
8.000 4.000 15.000
15.000 10.000 6.000
6.000 14.000 9.000
5.000 14.000 14.000
15.000 11.000 8.000
8.000 13.000 5.000
16.000 21.000 9.000
7.000 14.000 9.000
13.000 10.000 7.000
7.000 12.000 8.000
8.000 13.000 7.000
11.000 9.000 9.000
17.000 17.000 8.000
10.000 8.000 15.000
11.000 11.000 8.000
10.000 10.000 14.000
12.000 11.000 14.000
11.000 8.000 10.000
18.000 11.000 16.000
11.000 10.000 21.000
17.000 6.000 19.000
15.000 8.000 9.000
16.000 10.000 18.000
17.000 4.000 17.000
16.000 9.000 16.000
18.000 5.000 13.000
15.000 6.000 30.000
10.000 10.000 16.000
17.000 4.000 15.000
15.000 11.000 21.000
22.000 12.000 16.000
14.000 6.000 14.000
17.000 12.000 15.000
23.000 14.000 17.000
21.000 6.000 9.000
9.000 16.000 16.000
14.000 14.000 16.000
18.000 11.000 20.000
13.000 17.000 15.000
14.000 16.000 16.000
15.000 19.000 12.000
12.000 24.000 16.000
18.000 18.000 19.000
18.000 20.000 17.000
17.000 24.000 14.000
19.000 17.000 12.000
11.000 22.000 15.000
20.000 23.000 20.000
13.000 21.000 18.000
16.000 22.000 10.000
