78.000 57.000 118.000
9.000 31.000 14.000
8.000 25.000 14.000
12.000 30.000 18.000
8.000 22.000 31.000
18.000 18.000 23.000
10.000 27.000 18.000
13.000 21.000 6.000
8.000 18.000 20.000
10.000 16.000 14.000
12.000 15.000 12.000
13.000 7.000 13.000
11.000 17.000 12.000
7.000 16.000 8.000
14.000 10.000 18.000
7.000 14.000 11.000
17.000 12.000 7.000
4.000 7.000 12.000
12.000 8.000 6.000
16.000 7.000 9.000
10.000 12.000 4.000
9.000 8.000 3.000
9.000 9.000 12.000
9.000 11.000 6.000
12.000 3.000 12.000
15.000 6.000 13.000
14.000 4.000 7.000
13.000 7.000 14.000
9.000 3.000 10.000
15.000 9.000 9.000
12.000 5.000 16.000
10.000 8.000 12.000
15.000 4.000 11.000
11.000 2.000 13.000
6.000 2.000 13.000
5.000 2.000 12.000
9.000 2.000 11.000
13.000 0.000 11.000
10.000 5.000 12.000
10.000 10.000 4.000
15.000 5.000 4.000
12.000 9.000 4.000
12.000 6.000 7.000
12.000 11.000 4.000
19.000 13.000 6.000
11.000 17.000 8.000
12.000 13.000 9.000
14.000 14.000 7.000
9.000 15.000 10.000
15.000 15.000 12.000
25.000 14.000 22.000
11.000 13.000 23.000
18.000 18.000 21.000
11.000 17.000 14.000
15.000 30.000 26.000
19.000 29.000 16.000
15.000 35.000 20.000
13.000 34.000 29.000
