83.000 61.000 72.000
3.000 14.000 15.000
10.000 23.000 10.000
11.000 13.000 6.000
11.000 15.000 12.000
12.000 16.000 18.000
16.000 18.000 5.000
21.000 17.000 12.000
13.000 13.000 12.000
9.000 6.000 9.000
15.000 11.000 17.000
13.000 15.000 8.000
16.000 26.000 16.000
8.000 12.000 6.000
19.000 13.000 14.000
13.000 11.000 13.000
7.000 27.000 10.000
18.000 23.000 8.000
10.000 15.000 11.000
11.000 13.000 10.000
15.000 7.000 14.000
14.000 11.000 12.000
8.000 10.000 8.000
17.000 10.000 8.000
11.000 11.000 15.000
17.000 6.000 11.000
11.000 9.000 19.000
9.000 13.000 10.000
9.000 11.000 18.000
14.000 10.000 21.000
15.000 5.000 17.000
17.000 3.000 12.000
18.000 3.000 14.000
6.000 8.000 14.000
23.000 6.000 19.000
7.000 8.000 20.000
14.000 10.000 18.000
18.000 6.000 11.000
14.000 7.000 15.000
16.000 7.000 23.000
18.000 8.000 17.000
14.000 10.000 6.000
13.000 10.000 8.000
19.000 14.000 14.000
15.000 23.000 24.000
17.000 13.000 11.000
13.000 19.000 10.000
19.000 16.000 8.000
17.000 22.000 11.000
24.000 24.000 10.000
19.000 23.000 7.000
19.000 8.000 21.000
14.000 20.000 19.000
12.000 21.000 16.000
16.000 18.000 18.000
3.000 30.000 7.000
16.000 26.000 15.000
13.000 26.000 13.000
