85.000 39.000 110.000
6.000 14.000 8.000
15.000 19.000 8.000
10.000 14.000 9.000
15.000 17.000 16.000
14.000 15.000 9.000
11.000 14.000 18.000
11.000 18.000 20.000
21.000 18.000 11.000
18.000 11.000 9.000
13.000 22.000 14.000
16.000 15.000 16.000
16.000 15.000 14.000
11.000 23.000 13.000
24.000 31.000 15.000
16.000 17.000 18.000
15.000 15.000 13.000
17.000 17.000 14.000
13.000 10.000 14.000
10.000 16.000 10.000
10.000 17.000 13.000
15.000 8.000 11.000
13.000 7.000 8.000
12.000 16.000 10.000
12.000 6.000 9.000
16.000 9.000 14.000
8.000 10.000 18.000
10.000 10.000 14.000
3.000 6.000 15.000
13.000 5.000 13.000
15.000 8.000 24.000
9.000 4.000 12.000
9.000 3.000 6.000
9.000 4.000 13.000
4.000 6.000 9.000
9.000 4.000 10.000
9.000 3.000 12.000
9.000 5.000 17.000
9.000 6.000 14.000
6.000 8.000 14.000
14.000 8.000 12.000
14.000 10.000 8.000
10.000 4.000 10.000
9.000 10.000 12.000
13.000 16.000 4.000
13.000 15.000 10.000
8.000 12.000 5.000
16.000 16.000 8.000
12.000 16.000 6.000
12.000 17.000 4.000
17.000 15.000 7.000
20.000 17.000 6.000
18.000 14.000 14.000
17.000 29.000 17.000
17.000 17.000 11.000
19.000 29.000 18.000
20.000 27.000 22.000
20.000 32.000 20.000
