107.000 68.000 89.000
13.000 23.000 19.000
9.000 17.000 17.000
11.000 14.000 14.000
12.000 19.000 16.000
18.000 26.000 10.000
7.000 15.000 13.000
8.000 17.000 15.000
14.000 14.000 12.000
15.000 21.000 10.000
7.000 10.000 15.000
8.000 11.000 8.000
12.000 14.000 12.000
9.000 10.000 11.000
10.000 9.000 9.000
14.000 8.000 7.000
6.000 13.000 9.000
11.000 10.000 7.000
9.000 9.000 7.000
10.000 11.000 10.000
15.000 10.000 16.000
11.000 11.000 6.000
22.000 14.000 7.000
18.000 7.000 7.000
14.000 19.000 11.000
11.000 16.000 17.000
15.000 15.000 16.000
6.000 14.000 18.000
13.000 6.000 16.000
12.000 14.000 6.000
21.000 10.000 10.000
21.000 5.000 13.000
15.000 7.000 23.000
22.000 6.000 16.000
12.000 4.000 12.000
15.000 7.000 14.000
16.000 11.000 10.000
10.000 5.000 17.000
14.000 5.000 14.000
14.000 9.000 21.000
11.000 9.000 13.000
15.000 11.000 16.000
16.000 17.000 9.000
20.000 7.000 17.000
13.000 12.000 17.000
13.000 15.000 9.000
17.000 14.000 13.000
22.000 16.000 6.000
12.000 11.000 6.000
22.000 16.000 12.000
17.000 14.000 13.000
16.000 11.000 16.000
7.000 16.000 21.000
18.000 18.000 21.000
11.000 29.000 14.000
13.000 29.000 22.000
19.000 28.000 19.000
13.000 24.000 32.000
