79.000 70.000 71.000
8.000 22.000 13.000
24.000 16.000 4.000
8.000 15.000 8.000
12.000 12.000 10.000
12.000 16.000 10.000
15.000 9.000 13.000
11.000 8.000 6.000
7.000 7.000 16.000
10.000 7.000 11.000
9.000 15.000 11.000
10.000 10.000 11.000
14.000 18.000 12.000
17.000 8.000 10.000
10.000 12.000 5.000
14.000 21.000 6.000
15.000 21.000 6.000
10.000 13.000 13.000
12.000 20.000 10.000
18.000 14.000 5.000
14.000 18.000 9.000
13.000 8.000 11.000
11.000 10.000 5.000
9.000 6.000 9.000
12.000 12.000 15.000
12.000 3.000 12.000
5.000 10.000 10.000
13.000 9.000 18.000
11.000 7.000 8.000
13.000 7.000 13.000
8.000 4.000 13.000
6.000 8.000 17.000
7.000 5.000 9.000
7.000 3.000 16.000
13.000 8.000 22.000
6.000 5.000 14.000
4.000 5.000 11.000
15.000 11.000 18.000
13.000 7.000 10.000
15.000 12.000 19.000
11.000 11.000 14.000
15.000 10.000 14.000
13.000 5.000 14.000
10.000 11.000 15.000
10.000 17.000 15.000
16.000 15.000 10.000
5.000 16.000 12.000
12.000 8.000 5.000
13.000 9.000 4.000
11.000 9.000 6.000
16.000 14.000 11.000
23.000 15.000 12.000
14.000 16.000 14.000
18.000 18.000 5.000
16.000 38.000 22.000
22.000 34.000 16.000
29.000 34.000 20.000
24.000 34.000 30.000
