61.000 77.000 36.000
8.000 11.000 14.000
9.000 22.000 7.000
10.000 12.000 13.000
8.000 7.000 10.000
10.000 11.000 7.000
8.000 9.000 12.000
7.000 11.000 24.000
4.000 11.000 15.000
18.000 11.000 10.000
5.000 7.000 12.000
9.000 11.000 16.000
8.000 10.000 9.000
9.000 10.000 6.000
9.000 17.000 18.000
18.000 14.000 14.000
7.000 16.000 14.000
8.000 18.000 10.000
10.000 12.000 12.000
11.000 13.000 7.000
11.000 15.000 9.000
7.000 16.000 6.000
8.000 8.000 6.000
18.000 12.000 6.000
9.000 17.000 7.000
17.000 12.000 17.000
10.000 10.000 9.000
9.000 19.000 11.000
20.000 4.000 18.000
11.000 10.000 14.000
9.000 13.000 22.000
9.000 11.000 11.000
15.000 3.000 21.000
10.000 7.000 17.000
18.000 10.000 12.000
16.000 11.000 17.000
13.000 4.000 17.000
15.000 13.000 20.000
17.000 10.000 17.000
14.000 8.000 17.000
16.000 13.000 23.000
17.000 13.000 21.000
16.000 13.000 14.000
24.000 14.000 11.000
18.000 12.000 25.000
19.000 17.000 17.000
17.000 18.000 11.000
15.000 8.000 14.000
21.000 23.000 14.000
17.000 26.000 12.000
20.000 25.000 14.000
16.000 17.000 12.000
17.000 22.000 16.000
12.000 20.000 14.000
16.000 18.000 17.000
7.000 28.000 15.000
17.000 21.000 15.000
15.000 26.000 13.000
