63.000 77.000 63.000
4.000 19.000 10.000
14.000 10.000 9.000
8.000 16.000 12.000
22.000 17.000 15.000
20.000 13.000 8.000
15.000 12.000 11.000
11.000 19.000 19.000
12.000 14.000 17.000
14.000 16.000 8.000
7.000 13.000 11.000
11.000 15.000 14.000
13.000 8.000 11.000
18.000 18.000 7.000
16.000 16.000 12.000
9.000 12.000 10.000
9.000 21.000 7.000
5.000 9.000 12.000
11.000 13.000 3.000
11.000 12.000 4.000
12.000 11.000 7.000
10.000 14.000 8.000
13.000 20.000 8.000
11.000 20.000 8.000
17.000 7.000 16.000
24.000 14.000 7.000
17.000 11.000 11.000
5.000 14.000 21.000
10.000 9.000 9.000
11.000 12.000 13.000
13.000 7.000 15.000
16.000 7.000 10.000
10.000 9.000 13.000
10.000 4.000 22.000
14.000 2.000 19.000
12.000 8.000 23.000
6.000 7.000 14.000
12.000 5.000 21.000
14.000 6.000 15.000
14.000 8.000 18.000
17.000 8.000 17.000
15.000 7.000 16.000
24.000 9.000 13.000
13.000 11.000 14.000
12.000 12.000 14.000
12.000 21.000 15.000
12.000 14.000 13.000
20.000 13.000 6.000
15.000 14.000 9.000
14.000 22.000 10.000
19.000 17.000 12.000
11.000 19.000 10.000
18.000 36.000 14.000
16.000 17.000 10.000
12.000 26.000 8.000
16.000 21.000 10.000
15.000 27.000 11.000
18.000 26.000 17.000
