82.000 57.000 82.000
14.000 24.000 26.000
27.000 33.000 15.000
14.000 20.000 29.000
18.000 30.000 18.000
28.000 17.000 19.000
26.000 21.000 14.000
15.000 16.000 21.000
14.000 14.000 15.000
15.000 12.000 15.000
12.000 14.000 16.000
10.000 11.000 13.000
11.000 16.000 9.000
14.000 13.000 17.000
10.000 10.000 13.000
12.000 19.000 8.000
11.000 7.000 10.000
9.000 15.000 10.000
7.000 10.000 7.000
12.000 6.000 8.000
8.000 8.000 7.000
8.000 3.000 3.000
4.000 6.000 5.000
6.000 5.000 3.000
5.000 5.000 9.000
4.000 3.000 10.000
5.000 5.000 9.000
5.000 9.000 6.000
6.000 12.000 10.000
10.000 11.000 6.000
5.000 8.000 2.000
8.000 3.000 7.000
6.000 1.000 6.000
3.000 3.000 3.000
6.000 1.000 4.000
4.000 1.000 5.000
3.000 3.000 5.000
0.000 2.000 3.000
4.000 0.000 2.000
3.000 4.000 3.000
2.000 3.000 3.000
5.000 4.000 5.000
3.000 2.000 3.000
2.000 4.000 0.000
5.000 2.000 4.000
3.000 6.000 2.000
4.000 3.000 2.000
4.000 4.000 1.000
8.000 2.000 2.000
8.000 3.000 8.000
9.000 5.000 6.000
14.000 7.000 11.000
16.000 6.000 11.000
19.000 13.000 12.000
26.000 23.000 18.000
39.000 37.000 32.000
63.000 44.000 49.000
43.000 62.000 54.000
