56.000 59.000 64.000
13.000 16.000 17.000
24.000 15.000 10.000
8.000 25.000 22.000
17.000 12.000 19.000
13.000 13.000 12.000
14.000 15.000 18.000
13.000 10.000 12.000
5.000 14.000 17.000
9.000 7.000 10.000
9.000 10.000 9.000
12.000 12.000 10.000
11.000 5.000 8.000
10.000 8.000 9.000
14.000 11.000 7.000
10.000 19.000 9.000
13.000 8.000 14.000
7.000 17.000 7.000
6.000 11.000 9.000
8.000 9.000 3.000
9.000 8.000 7.000
5.000 4.000 11.000
16.000 6.000 7.000
7.000 7.000 7.000
6.000 6.000 8.000
9.000 13.000 8.000
6.000 6.000 7.000
10.000 8.000 5.000
12.000 10.000 10.000
10.000 11.000 5.000
8.000 6.000 8.000
7.000 2.000 7.000
6.000 4.000 11.000
5.000 3.000 6.000
3.000 0.000 7.000
4.000 4.000 6.000
6.000 3.000 3.000
1.000 6.000 7.000
10.000 1.000 6.000
10.000 1.000 4.000
8.000 3.000 6.000
8.000 1.000 6.000
6.000 2.000 8.000
5.000 7.000 4.000
6.000 5.000 7.000
10.000 7.000 3.000
11.000 9.000 6.000
17.000 7.000 2.000
12.000 5.000 6.000
10.000 5.000 8.000
10.000 5.000 5.000
19.000 4.000 11.000
30.000 11.000 16.000
24.000 23.000 23.000
28.000 27.000 25.000
28.000 48.000 41.000
38.000 48.000 52.000
49.000 62.000 53.000
