169.000 122.000 99.000
16.000 36.000 27.000
20.000 34.000 15.000
19.000 30.000 25.000
24.000 23.000 16.000
21.000 15.000 17.000
27.000 24.000 36.000
12.000 26.000 22.000
24.000 19.000 20.000
17.000 19.000 13.000
20.000 15.000 16.000
19.000 22.000 21.000
13.000 11.000 13.000
17.000 17.000 20.000
23.000 18.000 20.000
15.000 20.000 17.000
12.000 22.000 10.000
10.000 13.000 10.000
6.000 9.000 13.000
14.000 11.000 12.000
8.000 6.000 10.000
6.000 2.000 5.000
8.000 8.000 13.000
7.000 8.000 7.000
8.000 9.000 11.000
4.000 4.000 9.000
6.000 4.000 11.000
5.000 6.000 7.000
12.000 5.000 10.000
4.000 5.000 12.000
5.000 4.000 10.000
5.000 7.000 15.000
4.000 3.000 10.000
7.000 4.000 10.000
6.000 3.000 11.000
10.000 2.000 9.000
14.000 4.000 12.000
10.000 9.000 13.000
4.000 11.000 10.000
7.000 6.000 10.000
7.000 5.000 4.000
7.000 3.000 13.000
2.000 6.000 3.000
8.000 8.000 7.000
10.000 6.000 3.000
9.000 3.000 8.000
12.000 9.000 3.000
9.000 16.000 5.000
9.000 12.000 5.000
11.000 11.000 7.000
10.000 9.000 8.000
13.000 10.000 11.000
9.000 10.000 11.000
19.000 12.000 9.000
18.000 16.000 17.000
19.000 23.000 20.000
17.000 30.000 18.000
20.000 28.000 26.000
