153.000 126.000 187.000
33.000 68.000 57.000
52.000 54.000 39.000
31.000 46.000 29.000
31.000 34.000 30.000
39.000 33.000 22.000
25.000 26.000 24.000
22.000 18.000 28.000
10.000 9.000 8.000
13.000 12.000 11.000
18.000 9.000 9.000
16.000 20.000 14.000
14.000 20.000 16.000
15.000 18.000 14.000
16.000 23.000 23.000
15.000 17.000 18.000
14.000 6.000 7.000
14.000 6.000 7.000
6.000 6.000 7.000
7.000 4.000 5.000
6.000 0.000 1.000
5.000 4.000 1.000
7.000 3.000 0.000
3.000 1.000 3.000
5.000 5.000 5.000
5.000 6.000 8.000
4.000 4.000 6.000
3.000 7.000 3.000
5.000 3.000 6.000
6.000 4.000 4.000
6.000 9.000 5.000
4.000 3.000 4.000
2.000 0.000 4.000
1.000 1.000 1.000
0.000 1.000 2.000
2.000 2.000 1.000
2.000 0.000 2.000
1.000 2.000 1.000
2.000 2.000 3.000
0.000 2.000 0.000
2.000 2.000 0.000
2.000 0.000 0.000
1.000 0.000 1.000
2.000 0.000 0.000
1.000 0.000 0.000
1.000 0.000 1.000
1.000 1.000 0.000
2.000 0.000 2.000
2.000 0.000 0.000
1.000 1.000 1.000
1.000 0.000 1.000
2.000 0.000 5.000
5.000 3.000 1.000
11.000 4.000 3.000
16.000 17.000 10.000
23.000 24.000 19.000
30.000 42.000 47.000
43.000 48.000 53.000
