79.000 69.000 97.000
10.000 35.000 20.000
27.000 18.000 17.000
15.000 20.000 13.000
22.000 25.000 21.000
14.000 17.000 12.000
18.000 22.000 16.000
19.000 15.000 13.000
17.000 9.000 14.000
12.000 15.000 12.000
8.000 15.000 14.000
7.000 8.000 12.000
16.000 13.000 10.000
10.000 10.000 15.000
13.000 12.000 9.000
11.000 10.000 9.000
7.000 9.000 7.000
12.000 16.000 3.000
14.000 6.000 7.000
10.000 8.000 8.000
9.000 9.000 4.000
5.000 10.000 11.000
14.000 8.000 8.000
13.000 11.000 5.000
11.000 7.000 6.000
12.000 5.000 9.000
7.000 21.000 13.000
10.000 11.000 6.000
14.000 7.000 12.000
7.000 10.000 10.000
12.000 6.000 8.000
13.000 14.000 10.000
9.000 8.000 13.000
4.000 5.000 11.000
7.000 3.000 22.000
9.000 6.000 5.000
10.000 6.000 15.000
8.000 2.000 17.000
9.000 3.000 13.000
5.000 6.000 10.000
5.000 2.000 8.000
9.000 6.000 7.000
8.000 5.000 12.000
8.000 8.000 3.000
10.000 9.000 4.000
11.000 7.000 9.000
8.000 16.000 11.000
10.000 11.000 9.000
5.000 10.000 8.000
12.000 12.000 12.000
13.000 4.000 10.000
11.000 10.000 14.000
15.000 14.000 9.000
19.000 15.000 10.000
23.000 20.000 16.000
28.000 21.000 29.000
24.000 37.000 37.000
26.000 33.000 31.000
