81.000 80.000 102.000
11.000 20.000 20.000
26.000 27.000 12.000
17.000 25.000 28.000
20.000 23.000 19.000
22.000 20.000 25.000
12.000 21.000 26.000
21.000 17.000 15.000
17.000 13.000 16.000
18.000 13.000 18.000
12.000 14.000 14.000
17.000 21.000 10.000
24.000 15.000 18.000
17.000 14.000 11.000
15.000 21.000 12.000
20.000 13.000 22.000
16.000 28.000 11.000
9.000 17.000 9.000
18.000 9.000 10.000
10.000 6.000 7.000
11.000 6.000 4.000
9.000 13.000 5.000
12.000 5.000 13.000
5.000 10.000 12.000
4.000 6.000 8.000
6.000 8.000 9.000
8.000 7.000 11.000
11.000 4.000 15.000
9.000 6.000 15.000
12.000 7.000 11.000
10.000 4.000 7.000
8.000 8.000 12.000
7.000 4.000 11.000
4.000 7.000 16.000
12.000 2.000 9.000
6.000 5.000 13.000
5.000 4.000 11.000
12.000 5.000 10.000
9.000 4.000 6.000
10.000 6.000 6.000
10.000 10.000 13.000
12.000 9.000 12.000
7.000 12.000 8.000
10.000 4.000 9.000
11.000 12.000 8.000
11.000 14.000 2.000
7.000 10.000 9.000
7.000 11.000 4.000
10.000 10.000 4.000
8.000 7.000 5.000
4.000 8.000 8.000
12.000 14.000 7.000
12.000 13.000 16.000
17.000 15.000 17.000
25.000 25.000 22.000
25.000 21.000 18.000
19.000 26.000 27.000
28.000 40.000 26.000
