65.000 77.000 98.000
17.000 45.000 35.000
25.000 32.000 28.000
16.000 26.000 26.000
29.000 24.000 28.000
33.000 20.000 13.000
14.000 24.000 20.000
20.000 16.000 12.000
17.000 16.000 20.000
23.000 7.000 8.000
16.000 11.000 12.000
22.000 6.000 11.000
13.000 21.000 18.000
13.000 14.000 14.000
13.000 20.000 12.000
12.000 18.000 14.000
16.000 17.000 14.000
17.000 12.000 12.000
10.000 6.000 9.000
13.000 6.000 9.000
8.000 5.000 7.000
4.000 3.000 4.000
4.000 6.000 5.000
9.000 2.000 6.000
4.000 6.000 7.000
10.000 7.000 7.000
7.000 6.000 6.000
7.000 8.000 6.000
8.000 14.000 5.000
7.000 6.000 7.000
8.000 8.000 10.000
3.000 6.000 8.000
2.000 3.000 5.000
7.000 0.000 2.000
4.000 4.000 8.000
3.000 7.000 8.000
7.000 2.000 8.000
5.000 1.000 7.000
6.000 0.000 6.000
1.000 2.000 5.000
3.000 5.000 3.000
4.000 3.000 7.000
9.000 2.000 1.000
6.000 5.000 3.000
1.000 5.000 3.000
6.000 8.000 2.000
7.000 3.000 2.000
2.000 3.000 0.000
5.000 3.000 3.000
8.000 6.000 4.000
10.000 2.000 5.000
7.000 8.000 8.000
6.000 11.000 15.000
18.000 15.000 9.000
21.000 21.000 23.000
19.000 30.000 30.000
20.000 55.000 37.000
29.000 63.000 42.000
