115.000 59.000 64.000
4.000 20.000 9.000
12.000 27.000 10.000
11.000 15.000 16.000
10.000 16.000 22.000
11.000 14.000 6.000
8.000 18.000 17.000
13.000 14.000 11.000
16.000 12.000 13.000
9.000 12.000 10.000
13.000 12.000 13.000
19.000 16.000 12.000
15.000 16.000 12.000
8.000 13.000 17.000
17.000 15.000 14.000
3.000 14.000 7.000
14.000 16.000 9.000
14.000 15.000 7.000
12.000 14.000 11.000
13.000 12.000 7.000
9.000 14.000 3.000
12.000 16.000 9.000
9.000 7.000 6.000
11.000 10.000 9.000
15.000 5.000 7.000
17.000 11.000 12.000
13.000 7.000 13.000
13.000 4.000 14.000
6.000 10.000 6.000
17.000 12.000 16.000
15.000 7.000 17.000
10.000 9.000 16.000
12.000 6.000 13.000
10.000 9.000 16.000
14.000 2.000 8.000
12.000 5.000 15.000
13.000 3.000 13.000
17.000 3.000 15.000
12.000 8.000 11.000
21.000 10.000 13.000
8.000 12.000 17.000
5.000 8.000 16.000
12.000 11.000 15.000
15.000 7.000 6.000
14.000 17.000 10.000
11.000 13.000 7.000
23.000 6.000 12.000
18.000 15.000 11.000
17.000 13.000 7.000
12.000 14.000 10.000
11.000 11.000 7.000
16.000 22.000 12.000
25.000 16.000 14.000
18.000 29.000 22.000
23.000 19.000 30.000
16.000 34.000 20.000
20.000 32.000 25.000
16.000 29.000 26.000
