116.000 75.000 82.000
12.000 16.000 27.000
12.000 29.000 19.000
16.000 25.000 24.000
19.000 23.000 18.000
18.000 34.000 12.000
23.000 22.000 21.000
22.000 14.000 23.000
11.000 17.000 24.000
11.000 13.000 7.000
10.000 8.000 15.000
15.000 10.000 12.000
20.000 10.000 8.000
9.000 13.000 10.000
12.000 16.000 9.000
12.000 16.000 10.000
9.000 6.000 8.000
10.000 11.000 4.000
6.000 14.000 5.000
4.000 8.000 7.000
10.000 8.000 4.000
7.000 5.000 7.000
9.000 8.000 7.000
9.000 8.000 5.000
13.000 9.000 8.000
13.000 7.000 12.000
9.000 11.000 9.000
11.000 8.000 7.000
9.000 7.000 10.000
12.000 3.000 18.000
6.000 7.000 10.000
4.000 7.000 11.000
13.000 5.000 11.000
6.000 5.000 17.000
9.000 6.000 10.000
9.000 4.000 14.000
5.000 0.000 16.000
5.000 3.000 14.000
9.000 9.000 11.000
11.000 7.000 13.000
13.000 8.000 5.000
10.000 8.000 7.000
5.000 9.000 10.000
14.000 6.000 7.000
8.000 8.000 3.000
14.000 6.000 10.000
9.000 11.000 3.000
14.000 12.000 4.000
7.000 11.000 11.000
15.000 10.000 5.000
22.000 9.000 15.000
19.000 10.000 17.000
20.000 11.000 17.000
27.000 22.000 23.000
29.000 21.000 12.000
19.000 32.000 30.000
25.000 30.000 30.000
24.000 42.000 23.000
