69.000 64.000 118.000
23.000 45.000 16.000
28.000 30.000 16.000
18.000 25.000 26.000
19.000 33.000 19.000
17.000 21.000 18.000
8.000 20.000 27.000
19.000 15.000 15.000
12.000 18.000 19.000
14.000 14.000 13.000
14.000 3.000 14.000
20.000 12.000 9.000
17.000 12.000 17.000
16.000 13.000 11.000
13.000 19.000 19.000
17.000 13.000 16.000
12.000 22.000 12.000
15.000 7.000 6.000
12.000 5.000 2.000
4.000 6.000 3.000
6.000 3.000 7.000
9.000 7.000 2.000
4.000 2.000 5.000
6.000 5.000 3.000
6.000 4.000 5.000
7.000 12.000 6.000
15.000 3.000 4.000
3.000 7.000 7.000
7.000 6.000 3.000
4.000 5.000 9.000
8.000 11.000 4.000
4.000 3.000 5.000
2.000 2.000 6.000
8.000 1.000 7.000
1.000 1.000 5.000
7.000 1.000 4.000
2.000 2.000 3.000
2.000 4.000 3.000
1.000 1.000 5.000
4.000 1.000 3.000
2.000 3.000 2.000
0.000 4.000 4.000
4.000 2.000 3.000
5.000 5.000 3.000
5.000 4.000 1.000
5.000 4.000 2.000
6.000 5.000 0.000
2.000 0.000 5.000
5.000 2.000 2.000
4.000 1.000 5.000
5.000 5.000 6.000
9.000 4.000 9.000
17.000 6.000 9.000
23.000 11.000 17.000
27.000 17.000 28.000
32.000 30.000 37.000
41.000 60.000 56.000
43.000 63.000 62.000
