123.000 87.000 56.000
9.000 30.000 19.000
31.000 30.000 19.000
25.000 21.000 35.000
16.000 24.000 20.000
18.000 19.000 15.000
11.000 21.000 24.000
10.000 16.000 25.000
20.000 12.000 19.000
18.000 8.000 9.000
17.000 14.000 17.000
17.000 14.000 21.000
19.000 20.000 17.000
15.000 23.000 20.000
21.000 22.000 21.000
15.000 22.000 20.000
18.000 12.000 15.000
12.000 21.000 8.000
4.000 10.000 12.000
5.000 5.000 8.000
4.000 5.000 4.000
6.000 4.000 5.000
6.000 8.000 7.000
11.000 10.000 7.000
7.000 9.000 9.000
10.000 8.000 7.000
7.000 7.000 8.000
4.000 7.000 7.000
6.000 11.000 10.000
5.000 6.000 10.000
10.000 6.000 7.000
5.000 3.000 9.000
6.000 4.000 9.000
3.000 3.000 5.000
2.000 0.000 13.000
7.000 0.000 5.000
2.000 1.000 5.000
3.000 1.000 2.000
5.000 4.000 0.000
0.000 1.000 4.000
2.000 1.000 2.000
1.000 2.000 4.000
3.000 1.000 2.000
7.000 2.000 1.000
6.000 2.000 3.000
3.000 4.000 2.000
1.000 3.000 2.000
5.000 3.000 4.000
5.000 6.000 3.000
3.000 4.000 2.000
9.000 5.000 2.000
9.000 3.000 8.000
17.000 10.000 10.000
22.000 9.000 9.000
13.000 22.000 16.000
40.000 40.000 25.000
44.000 50.000 37.000
45.000 55.000 49.000
