66.000 93.000 73.000
6.000 24.000 15.000
15.000 17.000 19.000
6.000 27.000 25.000
18.000 19.000 14.000
12.000 15.000 18.000
16.000 15.000 15.000
15.000 12.000 11.000
9.000 13.000 23.000
17.000 18.000 13.000
10.000 17.000 15.000
26.000 17.000 20.000
19.000 20.000 10.000
18.000 13.000 17.000
20.000 26.000 19.000
11.000 19.000 11.000
17.000 9.000 10.000
17.000 16.000 12.000
13.000 7.000 12.000
10.000 11.000 14.000
13.000 14.000 14.000
11.000 14.000 12.000
3.000 9.000 7.000
15.000 5.000 11.000
6.000 9.000 13.000
12.000 10.000 11.000
9.000 8.000 9.000
12.000 9.000 16.000
10.000 7.000 14.000
10.000 9.000 18.000
21.000 5.000 16.000
8.000 9.000 19.000
12.000 5.000 20.000
8.000 6.000 14.000
15.000 8.000 15.000
10.000 3.000 16.000
11.000 5.000 12.000
7.000 6.000 13.000
9.000 3.000 10.000
8.000 9.000 11.000
17.000 9.000 16.000
14.000 11.000 12.000
13.000 15.000 10.000
13.000 5.000 7.000
11.000 16.000 9.000
7.000 13.000 7.000
15.000 14.000 9.000
14.000 11.000 7.000
21.000 15.000 6.000
19.000 16.000 11.000
19.000 13.000 15.000
10.000 14.000 6.000
20.000 20.000 7.000
18.000 16.000 9.000
15.000 20.000 14.000
19.000 27.000 22.000
20.000 18.000 23.000
14.000 28.000 18.000
