60.000 55.000 74.000
7.000 14.000 11.000
10.000 13.000 8.000
10.000 11.000 15.000
10.000 17.000 8.000
15.000 14.000 10.000
8.000 16.000 9.000
18.000 7.000 11.000
9.000 11.000 12.000
20.000 12.000 8.000
6.000 13.000 17.000
10.000 10.000 9.000
8.000 14.000 18.000
9.000 14.000 8.000
8.000 15.000 12.000
10.000 17.000 10.000
18.000 14.000 12.000
9.000 12.000 12.000
9.000 8.000 10.000
6.000 14.000 6.000
13.000 6.000 12.000
9.000 11.000 7.000
13.000 10.000 4.000
12.000 18.000 12.000
12.000 13.000 20.000
11.000 8.000 13.000
9.000 7.000 10.000
10.000 15.000 15.000
18.000 11.000 14.000
9.000 9.000 15.000
20.000 14.000 24.000
13.000 9.000 16.000
14.000 8.000 19.000
13.000 6.000 23.000
19.000 8.000 24.000
11.000 8.000 25.000
8.000 4.000 16.000
16.000 1.000 20.000
17.000 4.000 16.000
19.000 10.000 16.000
18.000 8.000 16.000
8.000 9.000 11.000
25.000 13.000 9.000
18.000 16.000 14.000
16.000 17.000 10.000
14.000 16.000 8.000
9.000 20.000 16.000
18.000 16.000 9.000
18.000 23.000 14.000
20.000 20.000 12.000
13.000 13.000 7.000
16.000 19.000 13.000
12.000 29.000 14.000
18.000 18.000 19.000
22.000 24.000 13.000
25.000 29.000 9.000
28.000 25.000 20.000
12.000 23.000 21.000
