66.000 63.000 97.000
8.000 19.000 23.000
9.000 19.000 16.000
7.000 17.000 21.000
11.000 23.000 27.000
14.000 16.000 17.000
15.000 22.000 17.000
8.000 10.000 16.000
9.000 21.000 10.000
14.000 21.000 18.000
6.000 18.000 17.000
6.000 17.000 10.000
11.000 26.000 9.000
11.000 9.000 11.000
13.000 11.000 12.000
14.000 8.000 13.000
10.000 9.000 6.000
14.000 16.000 11.000
11.000 16.000 5.000
10.000 11.000 9.000
14.000 17.000 11.000
9.000 10.000 14.000
9.000 12.000 12.000
16.000 12.000 13.000
15.000 14.000 5.000
13.000 10.000 12.000
15.000 10.000 11.000
13.000 8.000 24.000
16.000 5.000 16.000
10.000 7.000 19.000
14.000 11.000 16.000
10.000 3.000 8.000
12.000 6.000 18.000
12.000 6.000 18.000
17.000 4.000 12.000
12.000 4.000 18.000
15.000 5.000 17.000
15.000 9.000 12.000
18.000 8.000 12.000
7.000 11.000 6.000
15.000 11.000 10.000
22.000 13.000 16.000
19.000 14.000 17.000
15.000 17.000 7.000
19.000 18.000 13.000
15.000 20.000 13.000
16.000 19.000 3.000
10.000 12.000 6.000
11.000 15.000 8.000
16.000 17.000 13.000
14.000 21.000 11.000
24.000 11.000 18.000
17.000 17.000 17.000
12.000 20.000 10.000
12.000 17.000 9.000
17.000 18.000 13.000
12.000 19.000 21.000
12.000 22.000 13.000
