83.000 69.000 60.000
16.000 21.000 26.000
15.000 21.000 17.000
13.000 16.000 21.000
13.000 26.000 18.000
18.000 17.000 14.000
12.000 17.000 12.000
11.000 23.000 21.000
14.000 9.000 23.000
14.000 8.000 12.000
10.000 7.000 9.000
23.000 12.000 14.000
12.000 16.000 4.000
12.000 12.000 10.000
14.000 12.000 11.000
7.000 13.000 12.000
10.000 13.000 15.000
10.000 10.000 9.000
8.000 11.000 10.000
11.000 16.000 7.000
9.000 10.000 12.000
8.000 7.000 8.000
7.000 9.000 8.000
8.000 5.000 12.000
14.000 7.000 7.000
9.000 12.000 8.000
9.000 13.000 8.000
17.000 14.000 6.000
6.000 11.000 7.000
10.000 13.000 7.000
4.000 11.000 9.000
12.000 7.000 9.000
9.000 3.000 8.000
8.000 2.000 15.000
8.000 2.000 13.000
8.000 3.000 9.000
8.000 2.000 15.000
6.000 2.000 9.000
8.000 5.000 12.000
10.000 1.000 5.000
15.000 3.000 6.000
13.000 5.000 9.000
8.000 5.000 11.000
6.000 4.000 11.000
9.000 7.000 7.000
20.000 11.000 5.000
11.000 7.000 2.000
16.000 4.000 3.000
14.000 11.000 5.000
15.000 15.000 9.000
16.000 16.000 11.000
22.000 12.000 9.000
20.000 12.000 22.000
20.000 28.000 14.000
18.000 26.000 23.000
24.000 24.000 25.000
20.000 46.000 27.000
18.000 47.000 32.000
