67.000 76.000 85.000
12.000 14.000 11.000
13.000 13.000 9.000
12.000 23.000 14.000
11.000 14.000 16.000
21.000 14.000 10.000
18.000 12.000 20.000
8.000 8.000 12.000
8.000 11.000 23.000
19.000 8.000 12.000
10.000 10.000 7.000
12.000 19.000 12.000
13.000 12.000 11.000
11.000 9.000 11.000
8.000 18.000 15.000
15.000 6.000 11.000
10.000 19.000 11.000
8.000 14.000 11.000
9.000 14.000 10.000
9.000 17.000 11.000
12.000 11.000 6.000
11.000 10.000 12.000
10.000 6.000 7.000
12.000 12.000 15.000
7.000 8.000 11.000
9.000 8.000 10.000
7.000 9.000 14.000
11.000 16.000 9.000
8.000 9.000 16.000
12.000 8.000 18.000
12.000 5.000 22.000
5.000 7.000 11.000
14.000 8.000 24.000
17.000 6.000 13.000
21.000 8.000 15.000
8.000 12.000 13.000
8.000 5.000 19.000
19.000 11.000 18.000
12.000 11.000 18.000
17.000 14.000 16.000
7.000 14.000 11.000
14.000 8.000 11.000
17.000 11.000 21.000
9.000 10.000 8.000
11.000 11.000 14.000
22.000 14.000 13.000
18.000 10.000 12.000
20.000 19.000 11.000
16.000 22.000 12.000
20.000 15.000 13.000
11.000 18.000 9.000
22.000 18.000 15.000
26.000 17.000 13.000
16.000 21.000 15.000
14.000 19.000 15.000
13.000 22.000 20.000
19.000 20.000 10.000
11.000 30.000 16.000
