63.000 80.000 88.000
7.000 25.000 18.000
14.000 38.000 14.000
11.000 16.000 15.000
16.000 17.000 26.000
12.000 34.000 16.000
16.000 18.000 18.000
16.000 14.000 28.000
12.000 15.000 19.000
8.000 14.000 16.000
16.000 11.000 15.000
11.000 15.000 19.000
16.000 23.000 13.000
10.000 18.000 18.000
17.000 21.000 14.000
12.000 11.000 16.000
17.000 15.000 13.000
14.000 21.000 11.000
17.000 16.000 11.000
17.000 12.000 8.000
11.000 15.000 12.000
13.000 8.000 6.000
12.000 11.000 8.000
11.000 21.000 6.000
16.000 11.000 8.000
21.000 8.000 10.000
17.000 7.000 9.000
8.000 10.000 12.000
14.000 3.000 5.000
10.000 12.000 16.000
7.000 6.000 11.000
14.000 2.000 15.000
13.000 3.000 21.000
9.000 8.000 17.000
10.000 4.000 10.000
13.000 4.000 12.000
14.000 6.000 15.000
10.000 6.000 11.000
10.000 3.000 11.000
16.000 8.000 10.000
8.000 3.000 12.000
13.000 9.000 5.000
11.000 13.000 12.000
8.000 15.000 6.000
6.000 12.000 11.000
19.000 8.000 6.000
18.000 13.000 7.000
18.000 14.000 6.000
7.000 13.000 8.000
9.000 7.000 8.000
15.000 11.000 10.000
16.000 15.000 13.000
12.000 14.000 6.000
11.000 22.000 20.000
11.000 26.000 8.000
17.000 19.000 20.000
20.000 27.000 15.000
21.000 31.000 19.000
