71.000 50.000 90.000
16.000 14.000 9.000
15.000 22.000 16.000
16.000 23.000 19.000
14.000 20.000 12.000
19.000 21.000 17.000
13.000 16.000 18.000
16.000 18.000 21.000
11.000 16.000 10.000
11.000 12.000 11.000
17.000 17.000 17.000
14.000 20.000 14.000
20.000 14.000 9.000
7.000 20.000 16.000
9.000 6.000 11.000
12.000 10.000 12.000
11.000 14.000 10.000
11.000 13.000 7.000
15.000 13.000 9.000
12.000 13.000 4.000
12.000 7.000 11.000
10.000 13.000 13.000
8.000 8.000 8.000
11.000 8.000 7.000
6.000 17.000 11.000
7.000 6.000 12.000
7.000 9.000 17.000
6.000 10.000 13.000
14.000 6.000 18.000
9.000 6.000 17.000
12.000 7.000 13.000
10.000 1.000 18.000
13.000 3.000 15.000
10.000 2.000 14.000
11.000 1.000 12.000
8.000 6.000 11.000
13.000 6.000 16.000
7.000 5.000 11.000
7.000 6.000 15.000
13.000 5.000 14.000
12.000 9.000 12.000
9.000 9.000 6.000
20.000 12.000 5.000
11.000 13.000 11.000
10.000 15.000 13.000
10.000 11.000 16.000
15.000 20.000 11.000
18.000 19.000 18.000
15.000 14.000 6.000
13.000 13.000 7.000
15.000 17.000 10.000
11.000 19.000 20.000
17.000 12.000 16.000
26.000 12.000 22.000
22.000 22.000 16.000
26.000 18.000 13.000
17.000 23.000 21.000
19.000 20.000 19.000
