122.000 84.000 192.000
11.000 23.000 31.000
27.000 28.000 24.000
16.000 34.000 25.000
21.000 38.000 21.000
25.000 28.000 18.000
17.000 32.000 17.000
28.000 23.000 25.000
15.000 20.000 17.000
16.000 21.000 15.000
22.000 18.000 10.000
18.000 14.000 8.000
22.000 15.000 13.000
10.000 20.000 18.000
11.000 18.000 11.000
8.000 9.000 8.000
19.000 12.000 7.000
9.000 17.000 9.000
17.000 8.000 12.000
9.000 10.000 10.000
12.000 9.000 7.000
14.000 7.000 13.000
10.000 6.000 10.000
9.000 7.000 7.000
10.000 6.000 7.000
12.000 9.000 9.000
15.000 10.000 8.000
8.000 9.000 6.000
11.000 6.000 12.000
14.000 0.000 6.000
4.000 7.000 9.000
10.000 10.000 7.000
14.000 2.000 5.000
15.000 3.000 13.000
4.000 4.000 6.000
10.000 1.000 6.000
5.000 1.000 9.000
9.000 1.000 7.000
8.000 5.000 2.000
8.000 6.000 3.000
9.000 9.000 8.000
6.000 9.000 1.000
8.000 9.000 4.000
12.000 5.000 5.000
8.000 12.000 3.000
9.000 3.000 3.000
11.000 10.000 3.000
11.000 7.000 3.000
6.000 3.000 8.000
6.000 8.000 6.000
8.000 11.000 12.000
10.000 11.000 15.000
22.000 6.000 11.000
10.000 7.000 23.000
11.000 15.000 20.000
14.000 23.000 25.000
25.000 35.000 25.000
22.000 23.000 37.000
