66.000 69.000 60.000
5.000 22.000 17.000
11.000 23.000 12.000
12.000 22.000 17.000
17.000 16.000 12.000
14.000 8.000 12.000
9.000 17.000 13.000
10.000 14.000 20.000
11.000 21.000 9.000
5.000 14.000 11.000
7.000 19.000 11.000
10.000 13.000 15.000
19.000 21.000 8.000
13.000 11.000 14.000
16.000 19.000 12.000
14.000 17.000 13.000
10.000 11.000 13.000
7.000 14.000 9.000
11.000 18.000 4.000
17.000 7.000 10.000
10.000 8.000 7.000
11.000 15.000 6.000
11.000 16.000 9.000
12.000 19.000 3.000
12.000 7.000 6.000
16.000 17.000 10.000
16.000 11.000 11.000
12.000 8.000 7.000
17.000 12.000 12.000
15.000 11.000 10.000
14.000 9.000 13.000
14.000 9.000 17.000
12.000 5.000 19.000
21.000 7.000 22.000
20.000 1.000 13.000
18.000 5.000 19.000
21.000 6.000 17.000
14.000 4.000 20.000
13.000 9.000 14.000
19.000 9.000 14.000
15.000 13.000 14.000
10.000 5.000 11.000
10.000 10.000 8.000
11.000 9.000 12.000
15.000 11.000 9.000
16.000 11.000 10.000
16.000 9.000 11.000
11.000 18.000 8.000
20.000 17.000 10.000
7.000 20.000 7.000
12.000 21.000 16.000
16.000 25.000 11.000
14.000 19.000 16.000
15.000 27.000 15.000
8.000 27.000 17.000
14.000 32.000 9.000
18.000 24.000 18.000
8.000 13.000 13.000
