52.000 61.000 51.000
3.000 14.000 18.000
5.000 7.000 8.000
2.000 5.000 16.000
10.000 15.000 16.000
10.000 13.000 7.000
8.000 11.000 9.000
15.000 9.000 6.000
7.000 8.000 9.000
17.000 8.000 10.000
7.000 11.000 15.000
8.000 6.000 7.000
5.000 14.000 7.000
7.000 12.000 9.000
10.000 14.000 11.000
5.000 17.000 15.000
14.000 13.000 8.000
9.000 16.000 14.000
13.000 20.000 11.000
10.000 10.000 7.000
10.000 14.000 10.000
10.000 11.000 7.000
8.000 16.000 9.000
8.000 11.000 6.000
12.000 14.000 15.000
14.000 10.000 13.000
15.000 11.000 13.000
10.000 12.000 17.000
14.000 14.000 11.000
18.000 10.000 23.000
12.000 11.000 18.000
26.000 6.000 19.000
18.000 11.000 18.000
20.000 6.000 26.000
23.000 11.000 19.000
27.000 6.000 18.000
21.000 9.000 25.000
14.000 9.000 25.000
17.000 8.000 14.000
21.000 13.000 24.000
21.000 14.000 23.000
18.000 13.000 12.000
8.000 15.000 18.000
12.000 15.000 12.000
15.000 19.000 13.000
23.000 21.000 12.000
19.000 21.000 15.000
15.000 22.000 12.000
13.000 9.000 10.000
18.000 17.000 11.000
18.000 18.000 8.000
16.000 19.000 16.000
15.000 18.000 19.000
23.000 16.000 17.000
15.000 25.000 15.000
18.000 25.000 12.000
16.000 21.000 17.000
7.000 18.000 11.000
