80.000 67.000 82.000
9.000 24.000 29.000
21.000 31.000 17.000
21.000 24.000 25.000
26.000 29.000 24.000
24.000 20.000 10.000
13.000 16.000 20.000
19.000 21.000 11.000
18.000 12.000 17.000
16.000 13.000 10.000
14.000 14.000 10.000
12.000 6.000 18.000
15.000 18.000 13.000
9.000 13.000 22.000
8.000 9.000 9.000
11.000 15.000 9.000
11.000 11.000 12.000
16.000 12.000 12.000
6.000 12.000 7.000
14.000 9.000 10.000
5.000 8.000 4.000
13.000 4.000 7.000
2.000 4.000 5.000
8.000 5.000 5.000
8.000 10.000 4.000
6.000 4.000 8.000
4.000 4.000 4.000
5.000 9.000 3.000
4.000 9.000 9.000
6.000 4.000 9.000
6.000 7.000 8.000
5.000 4.000 6.000
6.000 0.000 4.000
6.000 3.000 5.000
6.000 1.000 6.000
6.000 2.000 9.000
3.000 4.000 9.000
9.000 2.000 2.000
6.000 4.000 7.000
2.000 5.000 10.000
9.000 2.000 2.000
7.000 6.000 5.000
6.000 5.000 12.000
9.000 5.000 4.000
7.000 6.000 6.000
11.000 7.000 5.000
13.000 8.000 5.000
13.000 6.000 3.000
5.000 3.000 7.000
11.000 6.000 7.000
15.000 9.000 9.000
18.000 9.000 11.000
18.000 12.000 11.000
31.000 14.000 29.000
28.000 26.000 20.000
25.000 29.000 45.000
26.000 51.000 40.000
29.000 47.000 39.000
