88.000 76.000 84.000
16.000 48.000 27.000
39.000 26.000 15.000
23.000 18.000 31.000
16.000 26.000 25.000
24.000 18.000 18.000
10.000 17.000 23.000
21.000 18.000 19.000
19.000 13.000 14.000
21.000 9.000 9.000
14.000 11.000 12.000
10.000 21.000 22.000
13.000 18.000 23.000
16.000 15.000 14.000
25.000 24.000 30.000
19.000 22.000 22.000
10.000 28.000 9.000
19.000 11.000 15.000
8.000 13.000 10.000
7.000 9.000 9.000
7.000 4.000 7.000
5.000 4.000 6.000
11.000 5.000 4.000
11.000 7.000 5.000
6.000 7.000 9.000
9.000 4.000 3.000
12.000 10.000 7.000
5.000 9.000 12.000
9.000 16.000 5.000
8.000 9.000 8.000
3.000 4.000 12.000
5.000 1.000 5.000
4.000 2.000 1.000
3.000 0.000 5.000
3.000 1.000 4.000
4.000 4.000 3.000
5.000 0.000 2.000
3.000 2.000 1.000
1.000 2.000 2.000
1.000 1.000 4.000
5.000 2.000 4.000
2.000 1.000 3.000
5.000 3.000 5.000
3.000 2.000 2.000
4.000 3.000 1.000
6.000 1.000 0.000
2.000 1.000 0.000
1.000 4.000 2.000
5.000 1.000 4.000
5.000 3.000 2.000
4.000 4.000 1.000
11.000 5.000 3.000
16.000 2.000 11.000
19.000 12.000 6.000
20.000 26.000 19.000
28.000 27.000 27.000
36.000 57.000 40.000
43.000 53.000 48.000
