110.000 137.000 60.000
14.000 21.000 31.000
20.000 14.000 14.000
16.000 19.000 28.000
10.000 19.000 20.000
13.000 6.000 9.000
12.000 15.000 21.000
19.000 10.000 26.000
13.000 16.000 25.000
21.000 15.000 10.000
12.000 18.000 16.000
15.000 14.000 12.000
20.000 13.000 19.000
15.000 18.000 16.000
20.000 20.000 15.000
11.000 17.000 19.000
17.000 16.000 19.000
7.000 16.000 10.000
9.000 11.000 11.000
6.000 5.000 6.000
15.000 5.000 6.000
17.000 10.000 6.000
9.000 5.000 14.000
7.000 3.000 12.000
6.000 7.000 7.000
6.000 6.000 9.000
9.000 4.000 9.000
14.000 11.000 10.000
5.000 9.000 11.000
4.000 11.000 13.000
7.000 6.000 9.000
5.000 5.000 7.000
10.000 1.000 12.000
3.000 2.000 10.000
11.000 6.000 10.000
9.000 6.000 12.000
10.000 2.000 10.000
5.000 11.000 14.000
7.000 4.000 12.000
6.000 4.000 8.000
11.000 9.000 8.000
9.000 6.000 6.000
10.000 6.000 7.000
8.000 7.000 5.000
4.000 7.000 1.000
9.000 9.000 2.000
12.000 11.000 11.000
12.000 10.000 3.000
8.000 9.000 4.000
12.000 13.000 9.000
10.000 10.000 5.000
11.000 13.000 8.000
16.000 8.000 14.000
19.000 6.000 17.000
17.000 8.000 16.000
32.000 27.000 22.000
20.000 46.000 27.000
21.000 47.000 25.000
