81.000 52.000 89.000
8.000 21.000 20.000
13.000 15.000 11.000
6.000 17.000 10.000
9.000 18.000 17.000
6.000 13.000 14.000
11.000 7.000 13.000
6.000 13.000 13.000
8.000 9.000 13.000
12.000 9.000 4.000
7.000 12.000 11.000
9.000 15.000 11.000
8.000 19.000 12.000
11.000 12.000 14.000
17.000 15.000 14.000
13.000 15.000 9.000
12.000 12.000 2.000
8.000 15.000 10.000
10.000 6.000 5.000
12.000 12.000 15.000
7.000 15.000 8.000
6.000 8.000 13.000
13.000 10.000 19.000
14.000 11.000 8.000
4.000 14.000 19.000
15.000 10.000 16.000
8.000 8.000 14.000
15.000 11.000 14.000
15.000 5.000 17.000
17.000 8.000 12.000
17.000 14.000 14.000
8.000 6.000 15.000
10.000 8.000 17.000
15.000 6.000 13.000
9.000 10.000 17.000
7.000 5.000 20.000
6.000 4.000 11.000
16.000 2.000 7.000
12.000 8.000 12.000
9.000 5.000 17.000
14.000 11.000 14.000
17.000 6.000 7.000
19.000 15.000 13.000
17.000 10.000 11.000
14.000 18.000 12.000
23.000 16.000 8.000
9.000 14.000 13.000
17.000 27.000 12.000
21.000 20.000 10.000
20.000 22.000 13.000
23.000 19.000 20.000
10.000 18.000 13.000
15.000 23.000 14.000
22.000 20.000 20.000
18.000 17.000 23.000
24.000 28.000 26.000
13.000 19.000 12.000
17.000 31.000 14.000
