89.000 51.000 123.000
4.000 19.000 21.000
10.000 15.000 13.000
8.000 18.000 12.000
11.000 20.000 18.000
10.000 19.000 9.000
10.000 16.000 8.000
12.000 20.000 15.000
7.000 13.000 14.000
17.000 18.000 12.000
12.000 13.000 14.000
11.000 16.000 12.000
14.000 13.000 3.000
11.000 17.000 9.000
12.000 26.000 12.000
17.000 10.000 12.000
23.000 12.000 14.000
8.000 6.000 12.000
14.000 13.000 10.000
14.000 14.000 19.000
16.000 10.000 13.000
13.000 13.000 17.000
17.000 12.000 15.000
26.000 10.000 11.000
10.000 9.000 19.000
17.000 9.000 15.000
15.000 9.000 19.000
19.000 7.000 16.000
18.000 9.000 16.000
14.000 4.000 22.000
17.000 9.000 20.000
12.000 4.000 20.000
16.000 1.000 17.000
9.000 7.000 20.000
15.000 5.000 12.000
19.000 4.000 22.000
13.000 12.000 12.000
18.000 12.000 15.000
18.000 5.000 10.000
16.000 10.000 13.000
16.000 14.000 11.000
14.000 14.000 13.000
20.000 15.000 9.000
14.000 23.000 10.000
11.000 22.000 4.000
13.000 17.000 10.000
11.000 20.000 11.000
19.000 17.000 6.000
15.000 19.000 8.000
16.000 12.000 16.000
10.000 10.000 15.000
14.000 22.000 19.000
14.000 18.000 13.000
18.000 22.000 14.000
11.000 23.000 16.000
7.000 12.000 10.000
4.000 23.000 7.000
11.000 15.000 14.000
