105.000 44.000 83.000
9.000 17.000 24.000
15.000 17.000 10.000
11.000 27.000 18.000
16.000 27.000 16.000
20.000 15.000 17.000
11.000 14.000 18.000
9.000 21.000 21.000
7.000 13.000 14.000
13.000 18.000 13.000
7.000 10.000 5.000
5.000 11.000 13.000
8.000 15.000 9.000
9.000 12.000 6.000
12.000 11.000 20.000
11.000 19.000 10.000
13.000 16.000 7.000
13.000 11.000 9.000
13.000 17.000 8.000
12.000 13.000 6.000
15.000 13.000 10.000
12.000 12.000 9.000
12.000 7.000 9.000
10.000 14.000 11.000
9.000 8.000 13.000
11.000 8.000 10.000
12.000 8.000 10.000
10.000 13.000 8.000
15.000 4.000 16.000
15.000 8.000 12.000
10.000 6.000 12.000
11.000 9.000 15.000
12.000 8.000 16.000
20.000 8.000 16.000
15.000 6.000 11.000
15.000 3.000 13.000
12.000 14.000 16.000
18.000 4.000 13.000
4.000 12.000 16.000
13.000 5.000 14.000
19.000 7.000 6.000
13.000 20.000 17.000
12.000 9.000 10.000
16.000 15.000 8.000
13.000 8.000 14.000
19.000 15.000 8.000
16.000 8.000 7.000
18.000 19.000 14.000
17.000 9.000 16.000
15.000 16.000 9.000
15.000 12.000 6.000
11.000 17.000 17.000
20.000 19.000 20.000
12.000 25.000 23.000
12.000 33.000 9.000
14.000 21.000 22.000
16.000 22.000 20.000
15.000 34.000 19.000
