107.000 58.000 75.000
4.000 11.000 17.000
15.000 21.000 12.000
3.000 21.000 18.000
6.000 30.000 10.000
13.000 14.000 11.000
13.000 18.000 12.000
14.000 12.000 14.000
10.000 15.000 10.000
11.000 16.000 16.000
16.000 15.000 11.000
13.000 16.000 13.000
12.000 9.000 10.000
10.000 18.000 12.000
6.000 16.000 13.000
14.000 14.000 11.000
14.000 15.000 7.000
11.000 11.000 9.000
14.000 11.000 6.000
12.000 12.000 5.000
9.000 14.000 8.000
10.000 10.000 5.000
16.000 13.000 9.000
10.000 6.000 8.000
14.000 8.000 9.000
13.000 7.000 13.000
14.000 7.000 13.000
11.000 8.000 12.000
11.000 8.000 6.000
6.000 12.000 11.000
15.000 19.000 16.000
23.000 7.000 16.000
12.000 4.000 24.000
9.000 13.000 23.000
8.000 6.000 17.000
14.000 5.000 21.000
17.000 9.000 14.000
7.000 4.000 23.000
20.000 14.000 16.000
19.000 9.000 14.000
17.000 18.000 20.000
13.000 16.000 10.000
12.000 12.000 9.000
10.000 9.000 19.000
13.000 13.000 8.000
13.000 16.000 17.000
19.000 12.000 10.000
15.000 12.000 8.000
16.000 13.000 13.000
16.000 11.000 13.000
12.000 10.000 18.000
17.000 16.000 13.000
22.000 18.000 15.000
15.000 17.000 19.000
17.000 26.000 20.000
9.000 24.000 20.000
13.000 28.000 18.000
10.000 30.000 18.000
