78.000 102.000 80.000
15.000 51.000 43.000
36.000 26.000 21.000
16.000 23.000 27.000
28.000 16.000 24.000
20.000 9.000 20.000
20.000 16.000 26.000
15.000 10.000 17.000
16.000 13.000 13.000
23.000 15.000 8.000
15.000 8.000 11.000
7.000 9.000 8.000
17.000 16.000 12.000
10.000 12.000 10.000
18.000 19.000 14.000
13.000 18.000 14.000
11.000 16.000 22.000
11.000 11.000 6.000
7.000 6.000 12.000
9.000 5.000 5.000
12.000 4.000 6.000
5.000 7.000 4.000
8.000 3.000 3.000
4.000 4.000 7.000
3.000 5.000 4.000
6.000 6.000 5.000
4.000 6.000 10.000
6.000 8.000 8.000
4.000 8.000 9.000
7.000 7.000 6.000
8.000 4.000 2.000
7.000 5.000 8.000
4.000 0.000 7.000
4.000 4.000 2.000
2.000 2.000 2.000
4.000 0.000 2.000
4.000 0.000 1.000
2.000 2.000 2.000
4.000 3.000 3.000
0.000 2.000 1.000
3.000 3.000 1.000
1.000 2.000 1.000
1.000 1.000 0.000
3.000 2.000 1.000
3.000 0.000 1.000
2.000 2.000 0.000
3.000 0.000 2.000
0.000 1.000 0.000
3.000 2.000 2.000
2.000 0.000 1.000
9.000 2.000 1.000
11.000 4.000 4.000
15.000 7.000 5.000
15.000 7.000 8.000
24.000 8.000 16.000
33.000 36.000 30.000
40.000 69.000 55.000
44.000 77.000 72.000
