102.000 63.000 82.000
10.000 30.000 24.000
19.000 32.000 10.000
13.000 25.000 26.000
9.000 26.000 31.000
15.000 13.000 14.000
20.000 25.000 20.000
19.000 15.000 18.000
16.000 16.000 20.000
14.000 17.000 14.000
15.000 22.000 9.000
14.000 9.000 9.000
19.000 14.000 16.000
17.000 13.000 13.000
17.000 14.000 14.000
7.000 14.000 12.000
12.000 11.000 6.000
13.000 8.000 10.000
12.000 12.000 6.000
9.000 11.000 5.000
12.000 11.000 7.000
15.000 7.000 4.000
15.000 12.000 4.000
8.000 4.000 12.000
5.000 10.000 13.000
4.000 9.000 9.000
7.000 5.000 9.000
8.000 4.000 10.000
4.000 6.000 12.000
7.000 8.000 7.000
6.000 6.000 8.000
6.000 3.000 14.000
5.000 7.000 9.000
3.000 4.000 10.000
7.000 6.000 14.000
10.000 0.000 11.000
10.000 4.000 16.000
9.000 3.000 10.000
8.000 7.000 10.000
9.000 7.000 8.000
8.000 6.000 4.000
8.000 6.000 6.000
10.000 8.000 6.000
10.000 5.000 6.000
14.000 9.000 4.000
12.000 8.000 2.000
12.000 14.000 5.000
13.000 6.000 3.000
11.000 11.000 8.000
17.000 9.000 7.000
14.000 10.000 11.000
11.000 12.000 10.000
13.000 11.000 12.000
25.000 15.000 19.000
29.000 24.000 22.000
23.000 29.000 22.000
21.000 37.000 33.000
20.000 41.000 36.000
