70.000 63.000 83.000
14.000 30.000 24.000
13.000 24.000 15.000
14.000 25.000 26.000
22.000 23.000 13.000
17.000 18.000 17.000
9.000 15.000 21.000
24.000 14.000 17.000
14.000 19.000 11.000
23.000 12.000 9.000
17.000 14.000 20.000
20.000 17.000 14.000
13.000 21.000 12.000
18.000 16.000 21.000
10.000 14.000 13.000
16.000 19.000 17.000
15.000 14.000 15.000
13.000 13.000 14.000
12.000 7.000 7.000
10.000 6.000 7.000
8.000 4.000 5.000
10.000 5.000 7.000
9.000 5.000 4.000
3.000 9.000 0.000
3.000 7.000 7.000
7.000 5.000 8.000
6.000 9.000 3.000
5.000 4.000 8.000
5.000 8.000 6.000
7.000 4.000 3.000
11.000 6.000 5.000
0.000 4.000 12.000
6.000 2.000 3.000
6.000 6.000 4.000
5.000 0.000 11.000
6.000 3.000 2.000
5.000 5.000 7.000
4.000 5.000 4.000
5.000 3.000 7.000
3.000 1.000 6.000
6.000 5.000 8.000
3.000 5.000 5.000
5.000 3.000 7.000
5.000 4.000 7.000
4.000 8.000 5.000
10.000 9.000 4.000
6.000 6.000 7.000
5.000 5.000 3.000
11.000 1.000 1.000
5.000 3.000 3.000
16.000 9.000 7.000
17.000 6.000 7.000
16.000 10.000 9.000
22.000 17.000 15.000
28.000 25.000 29.000
26.000 46.000 35.000
33.000 49.000 42.000
28.000 51.000 47.000
