88.000 77.000 72.000
19.000 31.000 31.000
21.000 28.000 22.000
18.000 27.000 26.000
34.000 23.000 25.000
15.000 13.000 15.000
9.000 10.000 12.000
16.000 17.000 14.000
11.000 11.000 21.000
13.000 11.000 14.000
12.000 10.000 11.000
17.000 13.000 12.000
14.000 12.000 12.000
12.000 17.000 18.000
11.000 11.000 10.000
9.000 17.000 10.000
13.000 12.000 9.000
7.000 12.000 14.000
13.000 13.000 11.000
7.000 4.000 11.000
4.000 5.000 7.000
7.000 9.000 6.000
9.000 4.000 10.000
12.000 11.000 7.000
7.000 13.000 4.000
10.000 7.000 10.000
7.000 1.000 6.000
10.000 9.000 3.000
11.000 14.000 8.000
8.000 9.000 6.000
4.000 3.000 7.000
3.000 5.000 7.000
4.000 3.000 5.000
4.000 0.000 5.000
3.000 1.000 7.000
5.000 2.000 2.000
3.000 3.000 6.000
3.000 2.000 2.000
3.000 4.000 10.000
2.000 2.000 5.000
2.000 2.000 3.000
1.000 1.000 6.000
4.000 4.000 4.000
4.000 1.000 4.000
4.000 5.000 3.000
5.000 3.000 1.000
8.000 7.000 3.000
6.000 5.000 1.000
8.000 5.000 3.000
10.000 3.000 6.000
12.000 4.000 9.000
11.000 8.000 10.000
22.000 10.000 20.000
30.000 13.000 13.000
23.000 17.000 29.000
33.000 31.000 28.000
45.000 44.000 43.000
43.000 59.000 55.000
