80.000 70.000 78.000
6.000 23.000 21.000
13.000 20.000 15.000
6.000 18.000 21.000
14.000 28.000 23.000
16.000 19.000 10.000
13.000 19.000 17.000
8.000 16.000 18.000
17.000 14.000 17.000
10.000 9.000 18.000
16.000 7.000 9.000
14.000 19.000 13.000
12.000 14.000 11.000
14.000 23.000 14.000
15.000 8.000 12.000
14.000 21.000 8.000
14.000 10.000 6.000
15.000 8.000 9.000
9.000 15.000 13.000
11.000 12.000 9.000
9.000 5.000 7.000
11.000 13.000 14.000
12.000 7.000 5.000
13.000 11.000 14.000
14.000 10.000 12.000
14.000 8.000 9.000
15.000 17.000 10.000
12.000 5.000 17.000
6.000 8.000 12.000
13.000 6.000 11.000
14.000 8.000 11.000
12.000 5.000 22.000
16.000 9.000 14.000
11.000 7.000 13.000
9.000 7.000 17.000
15.000 5.000 19.000
7.000 5.000 12.000
15.000 13.000 16.000
16.000 8.000 20.000
7.000 13.000 16.000
8.000 10.000 14.000
17.000 12.000 13.000
14.000 12.000 11.000
16.000 7.000 9.000
18.000 8.000 6.000
10.000 11.000 5.000
17.000 21.000 10.000
14.000 16.000 11.000
14.000 15.000 7.000
11.000 19.000 8.000
18.000 13.000 11.000
24.000 14.000 14.000
26.000 16.000 9.000
17.000 21.000 11.000
16.000 22.000 9.000
13.000 22.000 18.000
14.000 27.000 16.000
16.000 32.000 16.000
