81.000 89.000 80.000
18.000 30.000 32.000
27.000 29.000 11.000
16.000 22.000 25.000
30.000 18.000 27.000
27.000 16.000 12.000
12.000 17.000 29.000
14.000 19.000 24.000
10.000 12.000 20.000
18.000 15.000 11.000
13.000 15.000 7.000
13.000 7.000 11.000
13.000 12.000 12.000
13.000 12.000 14.000
8.000 17.000 9.000
10.000 18.000 13.000
13.000 16.000 9.000
11.000 9.000 10.000
11.000 4.000 10.000
7.000 7.000 9.000
7.000 7.000 7.000
9.000 2.000 5.000
6.000 11.000 5.000
13.000 10.000 9.000
7.000 9.000 8.000
17.000 9.000 11.000
7.000 9.000 6.000
10.000 9.000 5.000
7.000 11.000 7.000
4.000 9.000 14.000
7.000 9.000 9.000
7.000 2.000 8.000
8.000 7.000 12.000
7.000 1.000 8.000
8.000 3.000 5.000
2.000 3.000 10.000
6.000 3.000 9.000
4.000 6.000 6.000
7.000 7.000 12.000
6.000 2.000 9.000
5.000 6.000 7.000
12.000 11.000 2.000
4.000 4.000 15.000
9.000 7.000 4.000
7.000 4.000 5.000
8.000 6.000 4.000
7.000 5.000 2.000
6.000 10.000 4.000
9.000 5.000 6.000
12.000 8.000 7.000
16.000 9.000 14.000
12.000 6.000 12.000
20.000 16.000 9.000
21.000 11.000 24.000
22.000 21.000 16.000
26.000 29.000 22.000
27.000 38.000 36.000
49.000 38.000 35.000
