85.000 58.000 70.000
5.000 15.000 16.000
8.000 19.000 12.000
6.000 18.000 18.000
7.000 22.000 10.000
9.000 18.000 13.000
11.000 8.000 11.000
10.000 10.000 11.000
8.000 15.000 14.000
11.000 16.000 14.000
5.000 15.000 12.000
10.000 10.000 11.000
11.000 10.000 12.000
7.000 11.000 11.000
10.000 16.000 8.000
6.000 14.000 10.000
9.000 8.000 8.000
13.000 16.000 5.000
11.000 12.000 8.000
17.000 15.000 3.000
11.000 16.000 6.000
13.000 11.000 3.000
6.000 10.000 6.000
8.000 13.000 7.000
15.000 7.000 7.000
11.000 17.000 12.000
9.000 1.000 17.000
14.000 12.000 18.000
11.000 10.000 16.000
7.000 14.000 14.000
10.000 2.000 12.000
4.000 7.000 18.000
18.000 7.000 12.000
14.000 4.000 12.000
14.000 8.000 19.000
12.000 0.000 13.000
16.000 5.000 21.000
20.000 7.000 12.000
18.000 8.000 23.000
14.000 10.000 12.000
19.000 8.000 14.000
16.000 9.000 8.000
15.000 8.000 7.000
14.000 12.000 8.000
11.000 16.000 11.000
17.000 17.000 9.000
15.000 15.000 14.000
13.000 15.000 14.000
15.000 13.000 10.000
15.000 18.000 12.000
23.000 16.000 12.000
9.000 11.000 18.000
18.000 21.000 13.000
15.000 23.000 17.000
16.000 29.000 24.000
14.000 36.000 18.000
17.000 30.000 13.000
23.000 31.000 24.000
