60.000 42.000 53.000
5.000 9.000 10.000
3.000 12.000 7.000
7.000 14.000 16.000
8.000 17.000 7.000
8.000 11.000 11.000
12.000 5.000 13.000
8.000 14.000 9.000
12.000 12.000 11.000
10.000 18.000 15.000
9.000 10.000 12.000
11.000 12.000 10.000
17.000 11.000 7.000
11.000 20.000 12.000
12.000 16.000 9.000
10.000 10.000 14.000
15.000 12.000 8.000
12.000 12.000 8.000
13.000 14.000 15.000
9.000 16.000 11.000
8.000 16.000 10.000
12.000 12.000 9.000
13.000 10.000 6.000
14.000 12.000 6.000
17.000 20.000 13.000
8.000 11.000 9.000
15.000 12.000 14.000
14.000 9.000 17.000
13.000 9.000 20.000
19.000 9.000 21.000
18.000 7.000 16.000
16.000 7.000 18.000
11.000 7.000 19.000
11.000 8.000 21.000
16.000 8.000 17.000
24.000 3.000 15.000
10.000 6.000 18.000
22.000 10.000 13.000
15.000 8.000 20.000
23.000 10.000 11.000
23.000 13.000 16.000
18.000 10.000 16.000
13.000 14.000 14.000
22.000 18.000 12.000
11.000 12.000 8.000
14.000 19.000 8.000
12.000 25.000 13.000
16.000 15.000 16.000
21.000 15.000 11.000
15.000 17.000 9.000
12.000 22.000 15.000
16.000 25.000 9.000
15.000 28.000 17.000
15.000 22.000 17.000
25.000 26.000 16.000
15.000 34.000 15.000
5.000 17.000 17.000
12.000 33.000 21.000
