71.000 68.000 88.000
9.000 24.000 21.000
21.000 19.000 9.000
9.000 19.000 20.000
23.000 23.000 17.000
18.000 19.000 16.000
14.000 18.000 14.000
20.000 20.000 9.000
15.000 9.000 12.000
16.000 15.000 12.000
17.000 15.000 18.000
16.000 10.000 7.000
7.000 14.000 11.000
12.000 18.000 12.000
11.000 13.000 11.000
10.000 13.000 11.000
14.000 16.000 5.000
14.000 16.000 8.000
5.000 8.000 9.000
12.000 9.000 8.000
11.000 7.000 7.000
11.000 9.000 1.000
13.000 8.000 10.000
15.000 7.000 9.000
9.000 13.000 7.000
12.000 13.000 9.000
14.000 14.000 10.000
8.000 8.000 16.000
5.000 11.000 14.000
6.000 6.000 8.000
6.000 8.000 9.000
16.000 8.000 17.000
12.000 9.000 10.000
9.000 9.000 20.000
9.000 8.000 17.000
8.000 3.000 14.000
9.000 3.000 13.000
10.000 3.000 15.000
13.000 5.000 13.000
17.000 7.000 17.000
6.000 5.000 14.000
6.000 4.000 10.000
12.000 9.000 14.000
11.000 8.000 8.000
10.000 8.000 12.000
21.000 14.000 10.000
7.000 20.000 12.000
17.000 16.000 9.000
20.000 15.000 16.000
17.000 21.000 10.000
22.000 22.000 13.000
20.000 13.000 13.000
14.000 19.000 15.000
20.000 13.000 17.000
23.000 28.000 11.000
21.000 21.000 11.000
13.000 21.000 25.000
21.000 37.000 21.000
