113.000 65.000 79.000
25.000 36.000 39.000
26.000 37.000 22.000
12.000 33.000 27.000
15.000 20.000 23.000
19.000 24.000 20.000
13.000 16.000 17.000
22.000 17.000 16.000
18.000 10.000 12.000
10.000 13.000 11.000
11.000 12.000 11.000
20.000 12.000 14.000
16.000 14.000 20.000
14.000 12.000 19.000
10.000 17.000 15.000
13.000 20.000 7.000
6.000 13.000 15.000
8.000 10.000 10.000
7.000 6.000 8.000
5.000 2.000 2.000
6.000 4.000 3.000
2.000 3.000 3.000
4.000 6.000 2.000
11.000 3.000 3.000
9.000 6.000 10.000
4.000 8.000 3.000
10.000 10.000 7.000
2.000 7.000 8.000
7.000 7.000 9.000
5.000 6.000 3.000
5.000 8.000 10.000
7.000 5.000 8.000
9.000 3.000 4.000
4.000 0.000 3.000
3.000 3.000 1.000
2.000 1.000 6.000
4.000 1.000 2.000
2.000 2.000 2.000
2.000 4.000 2.000
5.000 0.000 3.000
2.000 4.000 2.000
5.000 2.000 2.000
1.000 1.000 2.000
5.000 1.000 2.000
3.000 2.000 3.000
3.000 3.000 1.000
6.000 3.000 3.000
8.000 1.000 0.000
4.000 1.000 2.000
5.000 3.000 2.000
10.000 3.000 4.000
5.000 3.000 7.000
12.000 6.000 7.000
28.000 13.000 13.000
33.000 14.000 17.000
37.000 34.000 28.000
40.000 53.000 47.000
53.000 75.000 75.000
