129.000 70.000 90.000
11.000 28.000 20.000
18.000 31.000 13.000
7.000 17.000 22.000
14.000 12.000 20.000
24.000 14.000 14.000
11.000 9.000 21.000
14.000 13.000 15.000
12.000 13.000 17.000
17.000 17.000 12.000
18.000 14.000 22.000
8.000 14.000 20.000
20.000 20.000 12.000
11.000 22.000 19.000
11.000 16.000 15.000
14.000 17.000 15.000
17.000 22.000 12.000
10.000 20.000 15.000
10.000 17.000 12.000
11.000 10.000 10.000
4.000 3.000 7.000
9.000 8.000 8.000
5.000 5.000 10.000
12.000 6.000 16.000
7.000 6.000 10.000
7.000 3.000 8.000
8.000 10.000 16.000
8.000 5.000 13.000
9.000 6.000 6.000
8.000 5.000 6.000
7.000 7.000 10.000
7.000 6.000 11.000
9.000 2.000 6.000
9.000 2.000 6.000
7.000 5.000 7.000
8.000 5.000 10.000
7.000 2.000 7.000
6.000 1.000 8.000
6.000 2.000 7.000
10.000 9.000 4.000
8.000 7.000 6.000
6.000 4.000 5.000
12.000 4.000 8.000
3.000 3.000 3.000
9.000 6.000 5.000
13.000 13.000 4.000
19.000 5.000 4.000
7.000 12.000 4.000
12.000 8.000 5.000
18.000 11.000 5.000
13.000 16.000 6.000
22.000 16.000 11.000
15.000 24.000 16.000
19.000 22.000 24.000
29.000 21.000 20.000
22.000 20.000 24.000
23.000 35.000 32.000
26.000 38.000 30.000
