122.000 137.000 153.000
18.000 47.000 43.000
47.000 38.000 28.000
23.000 42.000 30.000
31.000 31.000 44.000
28.000 31.000 37.000
25.000 30.000 22.000
32.000 25.000 21.000
14.000 29.000 19.000
21.000 13.000 24.000
11.000 18.000 12.000
20.000 18.000 12.000
11.000 13.000 14.000
12.000 11.000 11.000
17.000 10.000 7.000
7.000 11.000 7.000
13.000 12.000 8.000
8.000 4.000 4.000
8.000 6.000 5.000
13.000 13.000 9.000
10.000 7.000 5.000
9.000 5.000 7.000
9.000 7.000 5.000
7.000 7.000 7.000
13.000 2.000 3.000
8.000 4.000 6.000
3.000 12.000 8.000
9.000 6.000 8.000
10.000 12.000 9.000
16.000 4.000 15.000
13.000 6.000 15.000
11.000 5.000 10.000
9.000 4.000 12.000
7.000 5.000 8.000
5.000 8.000 8.000
14.000 4.000 6.000
6.000 5.000 13.000
10.000 4.000 7.000
10.000 5.000 7.000
7.000 3.000 7.000
7.000 6.000 6.000
6.000 6.000 5.000
4.000 5.000 2.000
5.000 7.000 5.000
14.000 8.000 2.000
11.000 8.000 7.000
11.000 11.000 2.000
8.000 3.000 6.000
14.000 2.000 4.000
12.000 6.000 4.000
10.000 1.000 12.000
6.000 9.000 12.000
6.000 15.000 12.000
10.000 14.000 8.000
13.000 14.000 13.000
20.000 22.000 18.000
11.000 27.000 20.000
25.000 29.000 23.000
