89.000 72.000 74.000
14.000 24.000 25.000
24.000 29.000 10.000
8.000 23.000 22.000
27.000 25.000 26.000
23.000 16.000 15.000
16.000 21.000 27.000
13.000 14.000 20.000
7.000 17.000 15.000
14.000 9.000 14.000
16.000 11.000 16.000
6.000 7.000 14.000
10.000 9.000 8.000
23.000 13.000 11.000
13.000 14.000 13.000
10.000 12.000 8.000
10.000 10.000 13.000
12.000 16.000 6.000
5.000 14.000 6.000
10.000 9.000 1.000
11.000 6.000 4.000
10.000 10.000 8.000
11.000 5.000 9.000
6.000 3.000 4.000
9.000 8.000 8.000
7.000 9.000 12.000
11.000 13.000 10.000
10.000 12.000 6.000
8.000 16.000 9.000
9.000 9.000 13.000
12.000 4.000 14.000
6.000 10.000 8.000
7.000 7.000 14.000
7.000 5.000 10.000
8.000 6.000 10.000
6.000 2.000 3.000
4.000 7.000 6.000
8.000 3.000 12.000
7.000 2.000 16.000
8.000 7.000 8.000
4.000 4.000 12.000
4.000 2.000 12.000
9.000 8.000 7.000
11.000 15.000 5.000
4.000 7.000 8.000
5.000 11.000 8.000
10.000 9.000 6.000
13.000 8.000 2.000
16.000 6.000 4.000
18.000 8.000 5.000
10.000 5.000 13.000
14.000 12.000 16.000
15.000 9.000 14.000
17.000 17.000 22.000
23.000 21.000 27.000
33.000 26.000 22.000
29.000 38.000 39.000
23.000 49.000 34.000
