82.000 63.000 76.000
13.000 25.000 20.000
24.000 19.000 21.000
17.000 24.000 17.000
14.000 23.000 21.000
18.000 17.000 15.000
7.000 18.000 13.000
18.000 14.000 17.000
8.000 15.000 15.000
12.000 9.000 14.000
10.000 13.000 8.000
14.000 19.000 10.000
15.000 15.000 13.000
6.000 12.000 12.000
9.000 6.000 13.000
7.000 9.000 8.000
14.000 13.000 7.000
10.000 12.000 6.000
9.000 12.000 7.000
7.000 9.000 8.000
11.000 12.000 7.000
10.000 10.000 8.000
13.000 6.000 11.000
8.000 9.000 3.000
11.000 12.000 9.000
5.000 4.000 8.000
3.000 11.000 8.000
9.000 16.000 8.000
11.000 9.000 8.000
14.000 7.000 17.000
12.000 9.000 13.000
8.000 3.000 5.000
3.000 4.000 7.000
11.000 6.000 11.000
11.000 4.000 17.000
5.000 6.000 10.000
11.000 4.000 9.000
13.000 3.000 9.000
9.000 4.000 6.000
5.000 3.000 13.000
10.000 6.000 10.000
7.000 6.000 11.000
5.000 9.000 8.000
11.000 11.000 7.000
12.000 5.000 6.000
13.000 14.000 4.000
13.000 8.000 5.000
10.000 10.000 8.000
8.000 4.000 6.000
6.000 9.000 4.000
10.000 10.000 2.000
18.000 11.000 17.000
22.000 13.000 13.000
23.000 15.000 18.000
24.000 38.000 29.000
28.000 36.000 35.000
31.000 48.000 31.000
26.000 41.000 33.000
