67.000 22.000 118.000
7.000 14.000 7.000
7.000 17.000 8.000
9.000 16.000 13.000
8.000 14.000 10.000
10.000 15.000 8.000
3.000 5.000 21.000
17.000 6.000 14.000
8.000 20.000 17.000
6.000 11.000 19.000
13.000 7.000 15.000
5.000 11.000 17.000
5.000 10.000 12.000
3.000 8.000 14.000
7.000 17.000 12.000
12.000 4.000 17.000
7.000 4.000 14.000
3.000 5.000 16.000
8.000 9.000 15.000
8.000 5.000 24.000
7.000 9.000 10.000
7.000 4.000 12.000
11.000 8.000 18.000
7.000 5.000 18.000
12.000 10.000 14.000
8.000 6.000 11.000
11.000 5.000 15.000
13.000 11.000 8.000
14.000 4.000 13.000
5.000 4.000 13.000
12.000 6.000 22.000
11.000 4.000 22.000
11.000 5.000 14.000
15.000 7.000 14.000
10.000 4.000 11.000
13.000 3.000 10.000
16.000 5.000 10.000
15.000 5.000 16.000
14.000 4.000 20.000
9.000 7.000 7.000
18.000 11.000 7.000
21.000 12.000 10.000
18.000 12.000 20.000
19.000 8.000 7.000
12.000 12.000 22.000
8.000 14.000 8.000
18.000 22.000 10.000
21.000 29.000 10.000
24.000 25.000 16.000
31.000 22.000 10.000
23.000 31.000 15.000
24.000 25.000 12.000
30.000 20.000 17.000
17.000 20.000 8.000
16.000 31.000 24.000
24.000 28.000 14.000
19.000 32.000 8.000
19.000 28.000 15.000
