107.000 66.000 110.000
11.000 29.000 20.000
30.000 38.000 20.000
14.000 26.000 21.000
27.000 25.000 23.000
23.000 22.000 21.000
12.000 25.000 17.000
19.000 10.000 13.000
21.000 13.000 14.000
17.000 15.000 14.000
9.000 9.000 10.000
18.000 10.000 19.000
13.000 10.000 11.000
11.000 17.000 12.000
15.000 11.000 7.000
12.000 16.000 16.000
10.000 14.000 12.000
6.000 17.000 10.000
6.000 9.000 7.000
12.000 11.000 6.000
6.000 3.000 6.000
9.000 7.000 4.000
11.000 5.000 9.000
7.000 5.000 13.000
9.000 13.000 5.000
4.000 5.000 7.000
9.000 5.000 8.000
12.000 12.000 14.000
7.000 12.000 9.000
10.000 10.000 11.000
7.000 8.000 7.000
3.000 5.000 5.000
13.000 6.000 8.000
7.000 3.000 7.000
3.000 4.000 8.000
7.000 6.000 11.000
11.000 2.000 5.000
3.000 5.000 17.000
5.000 6.000 9.000
9.000 5.000 6.000
3.000 4.000 8.000
11.000 10.000 11.000
5.000 6.000 9.000
9.000 7.000 1.000
6.000 7.000 7.000
10.000 5.000 3.000
7.000 7.000 6.000
9.000 5.000 2.000
5.000 9.000 7.000
15.000 3.000 4.000
14.000 6.000 13.000
15.000 3.000 6.000
20.000 9.000 14.000
12.000 11.000 18.000
20.000 11.000 24.000
29.000 40.000 22.000
31.000 45.000 45.000
30.000 46.000 37.000
