89.000 83.000 78.000
14.000 47.000 47.000
32.000 30.000 27.000
24.000 16.000 28.000
31.000 23.000 26.000
28.000 23.000 24.000
21.000 22.000 18.000
24.000 16.000 22.000
23.000 12.000 15.000
18.000 16.000 12.000
7.000 15.000 12.000
14.000 15.000 21.000
18.000 14.000 18.000
10.000 26.000 17.000
14.000 23.000 18.000
15.000 18.000 21.000
24.000 22.000 9.000
10.000 6.000 7.000
8.000 10.000 12.000
10.000 4.000 4.000
5.000 7.000 7.000
10.000 4.000 4.000
8.000 7.000 5.000
7.000 8.000 4.000
9.000 8.000 9.000
8.000 9.000 8.000
9.000 8.000 13.000
8.000 12.000 6.000
4.000 10.000 9.000
6.000 14.000 11.000
8.000 4.000 9.000
4.000 6.000 11.000
13.000 4.000 3.000
4.000 1.000 2.000
4.000 1.000 3.000
3.000 1.000 6.000
3.000 5.000 9.000
4.000 1.000 4.000
10.000 3.000 5.000
4.000 3.000 3.000
0.000 6.000 3.000
3.000 5.000 4.000
5.000 3.000 2.000
3.000 3.000 4.000
2.000 0.000 2.000
4.000 5.000 3.000
2.000 2.000 4.000
2.000 6.000 1.000
0.000 1.000 4.000
5.000 6.000 2.000
2.000 2.000 0.000
6.000 5.000 1.000
12.000 3.000 9.000
15.000 9.000 17.000
15.000 17.000 16.000
17.000 38.000 28.000
44.000 45.000 31.000
44.000 54.000 47.000
