98.000 87.000 119.000
11.000 28.000 24.000
19.000 16.000 16.000
9.000 24.000 16.000
21.000 32.000 20.000
20.000 30.000 26.000
12.000 22.000 11.000
19.000 21.000 17.000
17.000 14.000 12.000
13.000 12.000 12.000
17.000 20.000 13.000
21.000 17.000 11.000
12.000 12.000 13.000
12.000 11.000 7.000
11.000 15.000 12.000
13.000 17.000 8.000
10.000 9.000 14.000
13.000 12.000 8.000
8.000 7.000 1.000
7.000 6.000 6.000
11.000 11.000 4.000
14.000 9.000 4.000
12.000 8.000 3.000
7.000 3.000 4.000
12.000 6.000 9.000
7.000 11.000 11.000
5.000 6.000 6.000
11.000 6.000 11.000
18.000 12.000 13.000
6.000 3.000 9.000
9.000 3.000 16.000
6.000 10.000 10.000
12.000 6.000 22.000
7.000 6.000 15.000
7.000 2.000 14.000
8.000 8.000 11.000
8.000 6.000 13.000
8.000 4.000 14.000
12.000 8.000 13.000
13.000 6.000 16.000
6.000 6.000 14.000
14.000 10.000 12.000
10.000 14.000 7.000
6.000 6.000 7.000
13.000 10.000 13.000
16.000 13.000 7.000
9.000 18.000 11.000
9.000 12.000 9.000
13.000 8.000 9.000
17.000 11.000 10.000
13.000 15.000 8.000
21.000 13.000 14.000
18.000 8.000 17.000
17.000 12.000 22.000
16.000 20.000 20.000
23.000 18.000 10.000
16.000 25.000 16.000
15.000 38.000 14.000
