56.000 73.000 81.000
9.000 21.000 12.000
16.000 13.000 7.000
12.000 30.000 15.000
19.000 13.000 19.000
15.000 19.000 13.000
10.000 14.000 14.000
7.000 9.000 19.000
8.000 14.000 13.000
12.000 22.000 11.000
9.000 13.000 15.000
13.000 15.000 14.000
9.000 8.000 16.000
8.000 18.000 6.000
11.000 17.000 7.000
4.000 18.000 9.000
19.000 17.000 9.000
10.000 14.000 10.000
14.000 14.000 8.000
15.000 19.000 9.000
15.000 10.000 11.000
10.000 10.000 6.000
9.000 12.000 13.000
15.000 12.000 4.000
10.000 15.000 16.000
13.000 7.000 18.000
14.000 9.000 16.000
20.000 15.000 13.000
17.000 11.000 23.000
15.000 11.000 16.000
16.000 3.000 19.000
15.000 9.000 20.000
17.000 5.000 20.000
17.000 11.000 24.000
11.000 9.000 21.000
14.000 7.000 20.000
23.000 6.000 15.000
15.000 1.000 20.000
15.000 10.000 16.000
18.000 7.000 13.000
17.000 9.000 15.000
8.000 14.000 16.000
11.000 13.000 12.000
14.000 18.000 9.000
11.000 26.000 18.000
12.000 18.000 8.000
9.000 14.000 15.000
17.000 21.000 19.000
17.000 19.000 9.000
14.000 12.000 12.000
16.000 18.000 15.000
9.000 16.000 15.000
15.000 19.000 10.000
17.000 16.000 19.000
14.000 20.000 16.000
16.000 13.000 8.000
10.000 18.000 6.000
13.000 20.000 15.000
