77.000 70.000 70.000
19.000 37.000 36.000
31.000 26.000 23.000
22.000 27.000 27.000
27.000 17.000 23.000
21.000 20.000 20.000
18.000 21.000 21.000
20.000 16.000 25.000
13.000 18.000 18.000
23.000 16.000 14.000
14.000 11.000 20.000
24.000 15.000 11.000
13.000 17.000 17.000
18.000 10.000 14.000
14.000 18.000 16.000
12.000 21.000 11.000
12.000 16.000 12.000
9.000 10.000 9.000
5.000 9.000 6.000
2.000 5.000 8.000
6.000 6.000 5.000
8.000 5.000 2.000
6.000 5.000 7.000
6.000 6.000 5.000
6.000 3.000 4.000
5.000 6.000 8.000
11.000 11.000 7.000
11.000 13.000 9.000
6.000 7.000 14.000
5.000 9.000 3.000
3.000 11.000 12.000
6.000 5.000 3.000
5.000 2.000 7.000
5.000 1.000 6.000
5.000 1.000 5.000
3.000 0.000 3.000
3.000 1.000 6.000
3.000 4.000 2.000
5.000 2.000 2.000
3.000 4.000 4.000
1.000 2.000 3.000
1.000 1.000 3.000
7.000 3.000 3.000
3.000 2.000 3.000
3.000 2.000 2.000
4.000 6.000 1.000
4.000 1.000 0.000
4.000 2.000 0.000
5.000 3.000 2.000
1.000 2.000 2.000
3.000 2.000 7.000
4.000 1.000 8.000
10.000 6.000 10.000
15.000 7.000 15.000
25.000 17.000 22.000
37.000 35.000 29.000
25.000 57.000 44.000
50.000 57.000 62.000
