81.000 93.000 91.000
8.000 22.000 24.000
7.000 27.000 9.000
12.000 20.000 10.000
16.000 23.000 19.000
14.000 18.000 15.000
21.000 17.000 19.000
11.000 23.000 12.000
16.000 11.000 21.000
13.000 14.000 13.000
13.000 17.000 20.000
8.000 29.000 12.000
16.000 18.000 18.000
15.000 20.000 11.000
12.000 12.000 7.000
12.000 17.000 15.000
6.000 13.000 13.000
12.000 10.000 12.000
15.000 12.000 15.000
15.000 13.000 11.000
8.000 10.000 13.000
8.000 6.000 14.000
19.000 17.000 20.000
16.000 6.000 10.000
16.000 11.000 13.000
13.000 4.000 17.000
19.000 5.000 13.000
11.000 6.000 13.000
12.000 7.000 20.000
16.000 7.000 16.000
14.000 4.000 9.000
12.000 5.000 11.000
8.000 7.000 13.000
16.000 1.000 18.000
10.000 9.000 13.000
13.000 5.000 15.000
12.000 5.000 11.000
20.000 7.000 6.000
12.000 6.000 19.000
7.000 12.000 13.000
9.000 4.000 12.000
14.000 7.000 12.000
15.000 9.000 8.000
12.000 14.000 9.000
12.000 9.000 10.000
19.000 15.000 16.000
16.000 21.000 10.000
11.000 20.000 7.000
9.000 18.000 6.000
10.000 15.000 7.000
17.000 13.000 12.000
18.000 18.000 14.000
15.000 15.000 11.000
8.000 11.000 12.000
22.000 17.000 7.000
11.000 13.000 14.000
9.000 23.000 16.000
17.000 16.000 20.000
