53.000 59.000 74.000
8.000 16.000 16.000
12.000 12.000 12.000
7.000 23.000 14.000
6.000 16.000 14.000
10.000 16.000 20.000
11.000 11.000 17.000
13.000 9.000 7.000
7.000 15.000 8.000
8.000 13.000 10.000
6.000 16.000 13.000
9.000 15.000 16.000
13.000 13.000 14.000
10.000 21.000 12.000
19.000 14.000 9.000
14.000 15.000 11.000
16.000 8.000 6.000
14.000 17.000 15.000
15.000 19.000 3.000
12.000 14.000 8.000
11.000 12.000 7.000
15.000 7.000 14.000
7.000 9.000 10.000
14.000 10.000 10.000
9.000 7.000 9.000
15.000 7.000 10.000
9.000 8.000 12.000
11.000 9.000 8.000
15.000 7.000 13.000
7.000 8.000 16.000
7.000 9.000 9.000
13.000 8.000 21.000
12.000 12.000 12.000
14.000 1.000 11.000
10.000 5.000 16.000
14.000 9.000 16.000
13.000 6.000 19.000
19.000 7.000 13.000
17.000 7.000 22.000
15.000 10.000 11.000
14.000 10.000 15.000
10.000 13.000 13.000
15.000 14.000 14.000
16.000 10.000 7.000
14.000 15.000 8.000
16.000 18.000 9.000
20.000 11.000 9.000
19.000 17.000 7.000
15.000 14.000 18.000
14.000 8.000 13.000
21.000 21.000 9.000
13.000 12.000 19.000
14.000 12.000 19.000
21.000 17.000 17.000
14.000 32.000 22.000
23.000 21.000 27.000
16.000 32.000 22.000
19.000 38.000 18.000
