99.000 48.000 121.000
7.000 15.000 12.000
15.000 23.000 15.000
15.000 13.000 17.000
15.000 29.000 17.000
9.000 20.000 8.000
14.000 16.000 12.000
16.000 18.000 15.000
10.000 13.000 15.000
11.000 20.000 9.000
11.000 9.000 4.000
9.000 12.000 6.000
13.000 9.000 10.000
6.000 11.000 8.000
8.000 12.000 12.000
4.000 7.000 11.000
7.000 12.000 8.000
9.000 10.000 6.000
9.000 14.000 9.000
9.000 8.000 9.000
7.000 6.000 13.000
10.000 10.000 8.000
6.000 8.000 14.000
12.000 7.000 17.000
10.000 6.000 14.000
4.000 4.000 17.000
7.000 4.000 18.000
12.000 2.000 13.000
11.000 3.000 15.000
3.000 8.000 15.000
7.000 1.000 13.000
10.000 3.000 11.000
10.000 8.000 9.000
17.000 4.000 16.000
13.000 4.000 12.000
6.000 1.000 6.000
10.000 4.000 7.000
6.000 6.000 11.000
10.000 4.000 6.000
9.000 5.000 15.000
14.000 4.000 12.000
11.000 6.000 11.000
13.000 7.000 14.000
16.000 8.000 15.000
13.000 19.000 12.000
10.000 21.000 18.000
20.000 13.000 5.000
14.000 19.000 14.000
12.000 10.000 7.000
12.000 26.000 9.000
16.000 18.000 15.000
22.000 26.000 11.000
24.000 23.000 9.000
27.000 29.000 10.000
20.000 27.000 20.000
28.000 27.000 20.000
30.000 28.000 23.000
16.000 29.000 20.000
