96.000 74.000 71.000
9.000 23.000 14.000
15.000 28.000 14.000
12.000 23.000 19.000
12.000 20.000 13.000
23.000 24.000 19.000
13.000 14.000 14.000
13.000 7.000 13.000
11.000 18.000 16.000
19.000 14.000 16.000
14.000 12.000 20.000
10.000 13.000 13.000
12.000 10.000 4.000
14.000 14.000 5.000
12.000 13.000 10.000
15.000 17.000 13.000
6.000 17.000 9.000
8.000 12.000 15.000
13.000 8.000 8.000
8.000 5.000 9.000
6.000 4.000 4.000
6.000 6.000 6.000
12.000 5.000 5.000
10.000 5.000 5.000
9.000 6.000 8.000
5.000 5.000 10.000
10.000 7.000 3.000
10.000 11.000 11.000
2.000 5.000 4.000
5.000 14.000 7.000
7.000 5.000 15.000
6.000 7.000 5.000
7.000 5.000 15.000
6.000 5.000 10.000
8.000 6.000 14.000
7.000 1.000 8.000
6.000 3.000 11.000
10.000 3.000 10.000
9.000 5.000 8.000
3.000 1.000 7.000
9.000 7.000 10.000
5.000 7.000 13.000
8.000 4.000 8.000
9.000 4.000 9.000
10.000 10.000 9.000
11.000 3.000 6.000
6.000 7.000 6.000
16.000 9.000 8.000
12.000 8.000 10.000
8.000 7.000 13.000
5.000 9.000 10.000
16.000 7.000 8.000
21.000 14.000 15.000
29.000 19.000 24.000
37.000 23.000 26.000
26.000 23.000 30.000
36.000 41.000 27.000
19.000 54.000 34.000
