80.000 73.000 85.000
9.000 19.000 13.000
12.000 11.000 8.000
11.000 16.000 13.000
21.000 21.000 13.000
17.000 21.000 16.000
13.000 19.000 17.000
17.000 11.000 21.000
11.000 8.000 15.000
15.000 16.000 12.000
7.000 12.000 13.000
18.000 14.000 11.000
13.000 12.000 10.000
9.000 8.000 5.000
7.000 10.000 7.000
13.000 10.000 10.000
9.000 13.000 6.000
9.000 14.000 4.000
9.000 15.000 3.000
8.000 8.000 5.000
13.000 13.000 8.000
9.000 13.000 7.000
19.000 8.000 8.000
6.000 12.000 7.000
9.000 12.000 11.000
7.000 13.000 12.000
17.000 8.000 12.000
9.000 13.000 9.000
6.000 10.000 10.000
14.000 13.000 12.000
12.000 9.000 7.000
9.000 8.000 18.000
10.000 8.000 11.000
14.000 6.000 12.000
6.000 6.000 12.000
10.000 4.000 16.000
6.000 6.000 19.000
6.000 5.000 10.000
11.000 8.000 12.000
5.000 2.000 14.000
16.000 6.000 16.000
10.000 4.000 16.000
12.000 9.000 12.000
9.000 6.000 15.000
19.000 12.000 9.000
17.000 13.000 8.000
12.000 16.000 9.000
7.000 15.000 11.000
15.000 16.000 11.000
16.000 10.000 12.000
14.000 15.000 12.000
14.000 20.000 16.000
21.000 12.000 16.000
20.000 18.000 19.000
17.000 25.000 14.000
21.000 35.000 22.000
17.000 28.000 16.000
19.000 31.000 27.000
