85.000 83.000 73.000
8.000 38.000 26.000
31.000 26.000 19.000
12.000 28.000 22.000
35.000 16.000 23.000
19.000 23.000 25.000
21.000 15.000 18.000
20.000 18.000 22.000
19.000 7.000 18.000
15.000 16.000 16.000
10.000 12.000 18.000
14.000 10.000 13.000
19.000 18.000 12.000
13.000 17.000 16.000
11.000 22.000 13.000
14.000 17.000 16.000
7.000 14.000 13.000
8.000 12.000 10.000
14.000 13.000 3.000
11.000 5.000 10.000
7.000 4.000 8.000
9.000 5.000 5.000
5.000 9.000 5.000
6.000 1.000 3.000
12.000 7.000 7.000
12.000 10.000 7.000
6.000 10.000 13.000
13.000 9.000 5.000
7.000 14.000 10.000
9.000 12.000 10.000
5.000 7.000 14.000
12.000 2.000 7.000
4.000 2.000 9.000
3.000 1.000 7.000
3.000 3.000 9.000
5.000 0.000 5.000
7.000 3.000 7.000
5.000 1.000 5.000
7.000 2.000 5.000
2.000 3.000 4.000
4.000 3.000 5.000
3.000 3.000 5.000
7.000 6.000 6.000
5.000 4.000 1.000
6.000 4.000 4.000
5.000 7.000 4.000
5.000 3.000 3.000
3.000 4.000 0.000
8.000 4.000 1.000
4.000 4.000 2.000
12.000 3.000 3.000
7.000 6.000 2.000
11.000 6.000 7.000
11.000 21.000 16.000
20.000 28.000 27.000
33.000 22.000 22.000
36.000 54.000 33.000
33.000 82.000 47.000
