99.000 97.000 64.000
13.000 26.000 29.000
21.000 22.000 12.000
15.000 23.000 22.000
23.000 23.000 19.000
22.000 23.000 20.000
9.000 18.000 16.000
16.000 12.000 15.000
16.000 11.000 10.000
13.000 12.000 15.000
10.000 11.000 15.000
17.000 15.000 13.000
13.000 18.000 9.000
11.000 10.000 17.000
8.000 11.000 12.000
10.000 16.000 9.000
11.000 10.000 11.000
16.000 10.000 10.000
10.000 4.000 8.000
9.000 20.000 5.000
3.000 7.000 5.000
13.000 11.000 5.000
9.000 6.000 8.000
9.000 11.000 9.000
8.000 11.000 8.000
12.000 8.000 8.000
10.000 8.000 14.000
8.000 8.000 12.000
9.000 10.000 9.000
11.000 8.000 13.000
8.000 3.000 9.000
8.000 5.000 7.000
4.000 4.000 12.000
6.000 4.000 10.000
7.000 3.000 10.000
2.000 4.000 14.000
7.000 3.000 7.000
9.000 7.000 11.000
6.000 2.000 7.000
5.000 5.000 7.000
5.000 1.000 10.000
9.000 6.000 9.000
4.000 6.000 5.000
9.000 6.000 5.000
10.000 6.000 6.000
4.000 6.000 8.000
8.000 10.000 5.000
11.000 7.000 6.000
4.000 5.000 10.000
9.000 10.000 9.000
8.000 9.000 10.000
11.000 9.000 11.000
20.000 8.000 9.000
22.000 23.000 15.000
21.000 23.000 14.000
31.000 27.000 23.000
28.000 46.000 25.000
34.000 49.000 39.000
