75.000 62.000 69.000
8.000 25.000 21.000
16.000 23.000 13.000
16.000 18.000 15.000
15.000 23.000 8.000
15.000 14.000 14.000
11.000 12.000 18.000
17.000 15.000 11.000
13.000 15.000 23.000
15.000 7.000 17.000
6.000 11.000 16.000
15.000 13.000 18.000
14.000 11.000 16.000
11.000 19.000 12.000
10.000 11.000 13.000
12.000 12.000 14.000
8.000 16.000 9.000
16.000 14.000 12.000
12.000 9.000 9.000
10.000 5.000 3.000
10.000 9.000 8.000
10.000 15.000 9.000
6.000 9.000 4.000
11.000 4.000 3.000
7.000 6.000 10.000
12.000 8.000 10.000
4.000 9.000 5.000
8.000 10.000 10.000
3.000 8.000 13.000
7.000 7.000 8.000
7.000 3.000 7.000
9.000 7.000 7.000
4.000 3.000 8.000
3.000 5.000 10.000
7.000 1.000 10.000
4.000 2.000 15.000
5.000 3.000 5.000
8.000 8.000 9.000
8.000 6.000 14.000
4.000 4.000 9.000
15.000 1.000 6.000
4.000 7.000 2.000
4.000 4.000 5.000
11.000 3.000 6.000
8.000 9.000 9.000
15.000 13.000 5.000
8.000 7.000 2.000
13.000 11.000 13.000
8.000 8.000 10.000
7.000 12.000 9.000
12.000 3.000 17.000
13.000 9.000 13.000
13.000 11.000 19.000
19.000 17.000 24.000
26.000 23.000 30.000
18.000 37.000 25.000
24.000 45.000 27.000
25.000 58.000 35.000
