79.000 57.000 66.000
5.000 16.000 17.000
10.000 18.000 10.000
15.000 13.000 12.000
17.000 25.000 15.000
12.000 12.000 9.000
10.000 13.000 6.000
11.000 15.000 14.000
6.000 17.000 17.000
15.000 11.000 15.000
7.000 17.000 11.000
9.000 8.000 7.000
6.000 10.000 11.000
10.000 13.000 13.000
8.000 15.000 7.000
4.000 12.000 5.000
9.000 9.000 7.000
12.000 6.000 7.000
7.000 14.000 6.000
12.000 6.000 3.000
9.000 4.000 5.000
8.000 9.000 5.000
15.000 14.000 5.000
10.000 4.000 6.000
4.000 11.000 4.000
10.000 10.000 9.000
16.000 9.000 7.000
6.000 5.000 14.000
6.000 5.000 8.000
15.000 12.000 14.000
11.000 11.000 18.000
13.000 8.000 18.000
15.000 5.000 11.000
8.000 5.000 20.000
13.000 5.000 14.000
14.000 5.000 16.000
12.000 4.000 12.000
13.000 12.000 17.000
13.000 7.000 17.000
15.000 8.000 12.000
13.000 8.000 17.000
15.000 9.000 17.000
21.000 7.000 14.000
23.000 10.000 17.000
18.000 14.000 10.000
17.000 18.000 16.000
17.000 15.000 21.000
17.000 14.000 6.000
15.000 16.000 15.000
21.000 15.000 11.000
22.000 22.000 11.000
17.000 17.000 20.000
19.000 33.000 17.000
18.000 21.000 17.000
15.000 19.000 27.000
21.000 28.000 12.000
11.000 36.000 27.000
21.000 31.000 33.000
